"index","track_id","artists","album_name","track_name","popularity","duration_ms","explicit","energy","loudness","mode","speechiness","acousticness","instrumentalness","liveness","valence","tempo","time_signature","supergenre_id","supergenre_dummy","danceability"
1,"4qPNDBW1i3p13qLCt0Ki3A","Ben Woodward","Ghost (Acoustic)","Ghost - Acoustic",55,149610,FALSE,0.166,-17.235,1,0.0763,0.924,5.56e-06,0.101,0.267,77.489,4,5,"singer_early_pop",0.63
9,"7k9GuJYLp2AzqokyEdwEw2","Ross Copperman","Hunger","Hunger",56,205594,FALSE,0.632,-6.77,1,0.0295,0.426,0.00419,0.0735,0.196,78.899,4,5,"singer_early_pop",0.43
16,"6xKeQgzfjixSUld14qUezm","Andrew Foy;Renee Foy","ily (i love you baby)","ily (i love you baby)",56,129750,FALSE,0.112,-18.098,1,0.0391,0.827,4.03e-06,0.125,0.414,110.154,4,5,"singer_early_pop",0.62
19,"6CgNoAbFJ4Q4Id4EjtbXlC","Boyce Avenue;Bea Miller","Cover Sessions, Vol. 4","Photograph",67,260186,FALSE,0.32,-8.393,1,0.0283,0.83,0,0.107,0.322,107.946,4,5,"singer_early_pop",0.91
26,"5IfCZDRXZrqZSm8AwE44PG","Jason Mraz","Holly Jolly Christmas","Winter Wonderland",0,131760,FALSE,0.309,-9.209,1,0.0495,0.788,0,0.146,0.664,145.363,4,5,"singer_early_pop",0.65
28,"5QAMZTM5cmLg3fHX9ZbTZi","Jason Mraz","Christmas Time","Winter Wonderland",0,131760,FALSE,0.309,-9.209,1,0.0495,0.788,0,0.146,0.664,145.363,4,5,"singer_early_pop",0.6
34,"0xbMRcMFqxJq1Wa7tvWPtn","Brandi Carlile;Sam Smith","Feeling Good - Adult Pop Favorites","Party of One",0,259558,FALSE,0.206,-11.799,1,0.0412,0.782,0.000225,0.0959,0.202,165.4,4,5,"singer_early_pop",0.93
41,"1WFVfVjCtbmdIv7j3Fa9iy","Brandi Carlile","Mellow Adult Pop","When You're Wrong",0,266960,FALSE,0.301,-10.163,0,0.0373,0.796,3.37e-06,0.118,0.142,88.029,4,5,"singer_early_pop",0.49
47,"0JvkNRyq8Tmot9khpdtN0I","Brandi Carlile;Lucius","Good Times Country","You and Me on the Rock",0,230098,FALSE,0.686,-6.635,1,0.033,0.15,1.81e-06,0.0881,0.725,172.075,4,5,"singer_early_pop",0.42
48,"27gHtbsHClwimHFtKgFop4","Brandi Carlile;Lucius","Laidback Country","You and Me on the Rock",0,230098,FALSE,0.686,-6.635,1,0.033,0.15,1.81e-06,0.0881,0.725,172.075,4,5,"singer_early_pop",0.62
67,"2D4BSm5Z8Hq5zYbSgJwEOh","Sara Bareilles","What's Inside: Songs from Waitress","She Used To Be Mine",67,250266,FALSE,0.303,-7.508,1,0.0435,0.381,0,0.101,0.172,81.05,4,5,"singer_early_pop",0.33
76,"2SkJKMfjpYsNv0KWOxiegX","A Great Big World","When the Morning Comes","Kaleidoscope",62,229320,FALSE,0.913,-5.148,1,0.0748,0.0182,0,0.167,0.519,108.024,4,5,"singer_early_pop",0.61
81,"5IjTZ1g8KrIuV97N3OQZ0V","Gabrielle Aplin","Break Up Songs","The House We Never Built",0,195213,FALSE,0.391,-10.786,0,0.063,0.784,2.72e-06,0.0552,0.202,139.669,4,5,"singer_early_pop",0.7
92,"3Vnes7v746dYzBn0FJTZ1W","KT Tunstall","Alternative Christmas 2022","Fairytale Of New York",0,263866,FALSE,0.555,-6.018,1,0.0349,0.218,3.46e-06,0.124,0.33,117.888,3,5,"singer_early_pop",0.73
104,"068qo0w1Ki0cjnFYOUhAm2","Boyce Avenue","Stand by Me","Stand by Me",60,199019,FALSE,0.266,-7.322,1,0.0293,0.872,1.03e-05,0.114,0.307,115.189,4,5,"singer_early_pop",0.82
106,"59pUIlXjQupbiYwt40uUTi","Mone Kamishiraishi","chouchou","なんでもないや - movie ver.",49,349920,FALSE,0.161,-10.667,1,0.0388,0.971,1.4e-05,0.358,0.325,83.449,4,5,"singer_early_pop",0.8
122,"7BRCa8MPiyuvr2VU3O9W0F","Joshua Hyslop","Where The Mountain Meets The Valley","Do Not Let Me Go",60,158960,FALSE,0.234,-13.711,1,0.0323,0.338,5e-05,0.0895,0.145,139.832,4,5,"singer_early_pop",0.62
136,"2PIlBukQ6limukVR8Ubb5o","Gabrielle Aplin","English Rain","Please Don't Say You Love Me",59,181400,FALSE,0.541,-9.862,1,0.0545,0.737,0,0.108,0.321,85.994,4,5,"singer_early_pop",0.64
151,"34dnNAUoIPcwnK0RtVMBWZ","Tyler Ward;Lindsey Stirling;Kina Grannis","Tyler Ward Covers, Vol. 5","The Scientist",47,276575,FALSE,0.295,-12.881,1,0.0291,0.518,0.00011,0.293,0.14,146.022,4,5,"singer_early_pop",0.55
165,"1esE8j1nVyzEQ5rVhYXoJT","Parachute","Parachute","Had It All",55,216853,FALSE,0.54,-6.271,0,0.0339,0.182,0.000144,0.144,0.249,79.952,4,5,"singer_early_pop",0.7
167,"3tjjCCdXSdaVEo4q4y071G","Tobey Rosen","Whole Again (Acoustic Version)","Whole Again - Acoustic Version",52,157231,FALSE,0.145,-9.215,1,0.0336,0.855,0,0.108,0.235,129.832,4,5,"singer_early_pop",0.6
170,"3uAdZpIbMTtVXitHVibLMV","Andrew Foy;Renee Foy","Let Her Go","Let Her Go",38,194013,FALSE,0.291,-13.457,1,0.0388,0.858,0.000846,0.129,0.376,75.153,4,5,"singer_early_pop",0.47
171,"2LC523tbEPFpc1pnikbt5b","Aqualung","Still Life","Brighter Than Sunshine",53,242439,FALSE,0.489,-8.373,0,0.0323,0.287,0.0288,0.42,0.398,72.891,4,5,"singer_early_pop",0.64
177,"41A82PidFKhGX5hm1WoaDs","JJ Heller","Better","Better",54,215906,FALSE,0.187,-9.003,1,0.0268,0.969,0.000273,0.0922,0.233,104.988,4,5,"singer_early_pop",0.4
178,"5oV8bZaShr2d01FFMHBUPq","Kina Grannis","Iris","Iris",62,181136,FALSE,0.13,-15.571,1,0.0436,0.841,0,0.111,0.179,130.769,3,5,"singer_early_pop",0.74
192,"0HQnJee8ShSDu2AYwibxst","Angelina Cruz","Hanggang Kailan (Umuwi Ka Na Baby)","Hanggang Kailan (Umuwi Ka Na Baby)",38,211933,FALSE,0.407,-9.079,1,0.0361,0.861,9.95e-06,0.094,0.276,145.852,4,5,"singer_early_pop",0.93
194,"7xLhousIHDxoGgeJNhO4Ye","A Great Big World","Is There Anybody Out There? - Track by Track Commentary","Say Something",57,233266,FALSE,0.158,-7.571,1,0.036,0.872,1.58e-06,0.0816,0.142,140.942,3,5,"singer_early_pop",0.58
211,"5eNYumDY5PCXtKKJ0SWg2r","The Civil Wars","Barton Hollow","Poison & Wine",54,219466,FALSE,0.186,-12.729,1,0.0288,0.76,7.3e-05,0.104,0.203,153.848,4,5,"singer_early_pop",0.84
220,"5pEmeoMUW38w1oU3kPelvR","Andrew Belle","Nightshade","Spectrum",54,265506,FALSE,0.717,-7.385,1,0.031,0.000298,0.111,0.125,0.212,117.973,4,5,"singer_early_pop",0.26
227,"5e9DrLUUZraUE7mmniufjn","Zack Tabudlo","Episode","Heart Can’t Lose",55,240952,FALSE,0.567,-8.971,1,0.0328,0.0318,0,0.133,0.374,125.871,4,5,"singer_early_pop",0.45
231,"2XDxQ3VzovLzh60zgOaNEi","Tim Halperin","Covers","The Reason",53,200800,FALSE,0.207,-8.811,1,0.0289,0.887,0,0.0948,0.209,149.664,4,5,"singer_early_pop",0.61
234,"1U1GtaJeYwGsPgqV9Me5bb","Ray LaMontagne","Trouble","Hold You in My Arms",62,306200,FALSE,0.321,-13.807,1,0.0316,0.149,0.000107,0.147,0.577,170.134,3,5,"singer_early_pop",0.48
241,"52J3WARiRHMtXbFXUWrVgu","Boyce Avenue","Cover Sessions, Vol. 6","Someone You Loved",57,182442,FALSE,0.364,-5.966,1,0.0349,0.741,0,0.0932,0.371,110.023,4,5,"singer_early_pop",0.56
243,"3M6NL7PxIDZ3ArfPrBUTUP","Days N Daze","Show Me the Blueprints.","Flurry Rush",37,169318,TRUE,0.674,-3.72,1,0.0488,0.169,0,0.0889,0.92,87.603,4,5,"singer_early_pop",0.74
244,"7jJH8F3PHlNvxfqEAAfFDl","Sara Bareilles","The Blessed Unrest","I Choose You",63,218573,FALSE,0.572,-7.889,0,0.0445,0.105,0.00012,0.133,0.947,154.038,4,5,"singer_early_pop",0.7
249,"7qJtNgmUyzy3R86vJwk9Wp","Albert King","pov: you rock around the christmas tree","Christmas Comes But Once A Year",0,272640,FALSE,0.494,-9.421,1,0.0505,0.324,5.5e-05,0.0867,0.621,93.269,1,5,"singer_early_pop",0.67
288,"1FHCU1rDAeaPsBW9byjJ0Q","krissy & ericka","Twelve: Fifty One (International Version)","12:51",64,246280,FALSE,0.357,-9.36,1,0.0272,0.727,0,0.128,0.438,136.135,4,5,"singer_early_pop",0.68
294,"1pV4cJaYl9ovK0GcSjH1hy","Eddy Tyler","Guitar Instrumental Covers","A Thousand Years",43,279916,FALSE,0.396,-9.953,1,0.0319,0.896,0.543,0.0992,0.16,142.591,3,5,"singer_early_pop",0.6
324,"7HSk4yGZxfjOkHyOvZrBQZ","John Frusciante","To Record Only Water For Ten Days (U.S. Version)","Ramparts",53,70133,FALSE,0.428,-9.949,0,0.0295,0.951,0.882,0.162,0.73,172.311,4,5,"singer_early_pop",0.77
328,"7vu53hQrIoH7UGeh6qcct1","Zack Tabudlo","As You Are","As You Are",60,183969,FALSE,0.438,-6.147,0,0.0373,0.353,1.75e-06,0.108,0.447,81.07,4,5,"singer_early_pop",0.76
329,"55RMhrPQYA6vLu5YMgXxFD","Zack Tabudlo","Episode","Binibini",65,221538,FALSE,0.374,-10.606,1,0.032,0.423,1.54e-06,0.435,0.0979,129.863,4,5,"singer_early_pop",0.81
342,"2gJ3ZOaiWr3jGHwevufOxr","Brett Dennen","So Much More (Special Edition)","Ain't No Reason",57,220306,FALSE,0.358,-9.694,1,0.0552,0.705,0,0.113,0.432,146.06,4,5,"singer_early_pop",0.94
343,"37jsciEAFxwyjXx0kV6aO6","Rail Yard Ghosts","Songs from the Lowdown","A Month from Now",34,192392,FALSE,0.619,-7.624,0,0.123,0.946,2.75e-05,0.799,0.739,77.009,4,5,"singer_early_pop",0.49
351,"3YvutLE6lwEyW4WMF5FIi6","Aqualung;Kina Grannis","10 Futures","To the Wonder (feat. Kina Grannis)",21,239004,FALSE,0.46,-11.261,0,0.0436,0.891,0.14,0.0874,0.259,140.067,4,5,"singer_early_pop",0.7
355,"1ABd3bWsG4FCKePjXeVfJG","Meiko","The Bright Side","Leave The Lights On",56,248360,FALSE,0.821,-6.483,0,0.0313,0.0302,0.000141,0.0843,0.661,121.938,4,5,"singer_early_pop",0.7
365,"3XdStlaHnq3JrmQDCRqEET","Yosui Inoue;Tamio Okuda","ショッピング","アジアの純真",32,233280,FALSE,0.83,-6.63,1,0.0309,0.201,3.04e-05,0.0802,0.871,111.664,4,5,"singer_early_pop",0.59
369,"0wFSrH6x1iQOdUljUueAcd","Blame Jones","Acoustic Versions","Dusk Till Dawn - Acoustic",46,167616,FALSE,0.244,-8.062,1,0.0511,0.864,0,0.112,0.29,126.341,3,5,"singer_early_pop",0.45
408,"6y4PDihMDJdFRjhunzpJ6s","Kaiak;Viktoria Tolstoy","Autumn Breeze","Autumn Breeze",50,241413,FALSE,0.334,-10.08,1,0.029,0.832,0,0.133,0.208,80.036,4,5,"singer_early_pop",0.85
409,"45SbQo5bq8f0hNdB70IyFC","Boyce Avenue","Save Your Tears","Save Your Tears",57,216800,FALSE,0.275,-8.994,0,0.0304,0.746,0,0.131,0.294,116.004,4,5,"singer_early_pop",0.69
424,"6xAjAocTRpKamQlCy50RRQ","Zee Avi","Zee Avi's Nightlight","Dream a Little Dream of Me",50,111842,FALSE,0.0879,-12.141,1,0.0477,0.968,0,0.096,0.428,84.174,4,5,"singer_early_pop",0.79
425,"0voYwjeuMfvXlF76oesZKu","Joshua Radin","Here, Right Now","Here, Right Now",56,183213,FALSE,0.391,-9.844,1,0.0311,0.826,0.0126,0.108,0.492,108.868,4,5,"singer_early_pop",0.73
438,"73Nw51XTNstlk3Wu1K26cB","Stephen Speaks","No More Doubt","Passenger Seat (Acoustic)",63,273066,FALSE,0.437,-8.64,1,0.0313,0.682,1.59e-05,0.224,0.688,153.604,4,5,"singer_early_pop",0.62
439,"5OWl1kO0gRlPxmp1wFyIWZ","Eddie Vedder","Into The Wild (Music For The Motion Picture)","Guaranteed - Humming Version",48,162309,FALSE,0.339,-13.153,1,0.032,0.923,0.879,0.111,0.343,100.69,4,5,"singer_early_pop",0.43
444,"1jyddn36UN4tVsJGtaJfem","Ray LaMontagne","Gossip In The Grain","You Are the Best Thing",67,231840,FALSE,0.727,-4.872,1,0.0332,0.0304,1.99e-05,0.172,0.885,170.593,4,5,"singer_early_pop",0.57
461,"1WSF2SjtfkV8LjTlF8uCZH","Gabrielle Aplin","English Rain","Start of Time",45,239855,FALSE,0.461,-9.328,0,0.0329,0.165,0,0.109,0.0844,106.84,5,5,"singer_early_pop",0.75
473,"60wxK3idlzc3lykP8cYZ2l","Gabrielle Aplin","Dear Happy","My Mistake",51,265386,FALSE,0.271,-7.636,1,0.0342,0.799,0,0.119,0.0943,145.902,4,5,"singer_early_pop",0.64
480,"68KCwQ2PNKNT17sEx32DEG","The Civil Wars","Barton Hollow","Dance Me to the End of Love - Bonus",52,185053,FALSE,0.178,-11.141,0,0.0292,0.843,2.46e-06,0.15,0.298,110.128,4,5,"singer_early_pop",0.58
485,"2PTzfXh5Ut3hjRrWGyafz6","Stephen Speaks","No More Doubt","Passenger Seat",64,274480,FALSE,0.554,-7.596,1,0.0303,0.749,3.29e-06,0.323,0.769,152.979,4,5,"singer_early_pop",0.75
492,"4zESVuAPxaC9bqQKjiWgH6","Harley Poe","Have a Great Life.","Psycho",30,241250,FALSE,0.823,-4.268,0,0.0616,0.382,0,0.205,0.422,131.638,4,5,"singer_early_pop",0.62
508,"0eyE0L7FbNrXaByFzMXT1C","Greg Laswell","Three Flights From Alto Nido","And Then You",47,209583,FALSE,0.342,-13.377,1,0.0245,0.817,0.00432,0.0965,0.552,77.515,4,5,"singer_early_pop",0.61
525,"2GbTLMvttdfKoz4YDjZJis","Joshua Radin","The Ghost and the Wall","You're My Home",55,200893,FALSE,0.518,-7.178,1,0.0286,0.436,0,0.128,0.337,95.991,4,5,"singer_early_pop",0.59
531,"3x3zdepy3au5Uo81WIA9MG","John Frusciante","The Will To Death","The Will To Death",51,228426,FALSE,0.113,-16.097,0,0.0333,0.691,0.000287,0.108,0.296,168.383,4,5,"singer_early_pop",0.51
550,"1ChZ4mrSLP8HImCY6IyImf","Adam Christopher","Peaches (Acoustic)","Peaches - Acoustic",55,190909,TRUE,0.243,-13.392,1,0.0413,0.797,0,0.214,0.707,142.87,4,5,"singer_early_pop",0.84
571,"4qScDvgzJs0Oo30kFaJIuy","Sakura Fujiwara","SUPERMARKET","Waver",29,207933,FALSE,0.682,-5.656,1,0.0397,0.277,0.000325,0.0985,0.636,75.02,4,5,"singer_early_pop",0.51
588,"0c7iF5fSBYxCuwsAv2z4iI","Trevor Hall","Chapter Of The Forest","Green Mountain State",61,274632,FALSE,0.367,-11.66,1,0.0323,0.351,2.9e-05,0.111,0.286,129.879,4,5,"singer_early_pop",0.75
590,"07CUaE9XAgDQ0B2T4XGrnN","The Weepies;Deb Talan;Steve Tannen","Hideaway","Can't Go Back Now",55,137880,FALSE,0.552,-9.114,1,0.0264,0.497,0.000589,0.197,0.685,119.931,4,5,"singer_early_pop",0.64
592,"1GkwSHR74B5DIgnlarTsa9","Days N Daze","Show Me the Blueprints.","Ditches",30,162282,TRUE,0.77,-3.547,1,0.0542,0.397,0,0.254,0.744,126.225,4,5,"singer_early_pop",0.6
601,"5KOn9dVdz24YDPjt8bfpjt","Eden Elf;Ren Avel","4am","4am",49,125677,FALSE,0.329,-13.683,1,0.0422,0.979,0.0597,0.338,0.475,94.125,4,5,"singer_early_pop",0.78
606,"685WYfzmOeDOF4laU8UuOv","Lee DeWyze","Blackbird Song","Blackbird Song",49,254615,FALSE,0.195,-13.639,0,0.0331,0.264,0.433,0.352,0.183,146.011,4,5,"singer_early_pop",0.74
608,"1abgR6pt8VzZRfiQa0KLlS","Bailey Rushlow","Chasing Cars (Acoustic)","Chasing Cars - Acoustic",51,236298,FALSE,0.26,-9.587,1,0.0303,0.865,0,0.101,0.243,107.931,4,5,"singer_early_pop",0.83
612,"2xHKGx65VCsJgU83Bvh4j7","Bailey Jehl","Apologize","Apologize",51,181596,FALSE,0.168,-12.483,1,0.0372,0.812,0,0.125,0.238,116.286,4,5,"singer_early_pop",0.79
614,"6kucNn22HB0qb2ZPa1BrNl","Albert Collins","Ice Pickin'","Cold, Cold Feeling",54,318840,FALSE,0.281,-11.057,0,0.0379,0.137,0.0258,0.111,0.397,148.301,3,5,"singer_early_pop",0.82
625,"4aLiEepGWP5LdYDCf7Uhta","EJ De Perio","Tama Na","Tama Na",28,230545,FALSE,0.33,-8.967,1,0.0285,0.266,0,0.297,0.109,132.005,4,5,"singer_early_pop",0.63
630,"6kw6xVfYpwqUwCsIrHHdYl","Hanare Gumi","日々のあわ","ハンキーパンキー",28,312133,FALSE,0.211,-14.143,1,0.0384,0.812,0.00199,0.102,0.256,83.257,4,5,"singer_early_pop",0.64
633,"7wF4asYZw8cAHEljYd2Wid","Ben Rector","The Walking in Between","Forever Like That",52,254026,FALSE,0.304,-9.833,1,0.0298,0.564,0,0.107,0.307,114.72,3,5,"singer_early_pop",0.58
636,"3NqKDdehfEZ00H4uFghoMr","Hanare Gumi","音タイム","音タイム",29,229533,FALSE,0.716,-7.358,1,0.0313,0.082,0.000239,0.105,0.374,134.764,4,5,"singer_early_pop",0.51
659,"70vp3DhQpLrFQapK0BI5Ug","Jules Larson","Let's Stay Young","Running Wild",31,228387,FALSE,0.663,-7.036,1,0.0251,0.368,0.00225,0.107,0.223,96.991,4,5,"singer_early_pop",0.73
660,"7MlPySldFcJ9R3mSFvGV4y","Masaharu Fukuyama","AKIRA","彼方で",29,272320,FALSE,0.57,-5.672,1,0.0293,0.199,0,0.137,0.361,72.978,4,5,"singer_early_pop",0.67
674,"6Vn8lTVMjILXQCjZUXS8n4","Jason Mraz","Love Is a Four Letter Word","The Woman I Love",48,190751,FALSE,0.647,-8.34,1,0.0277,0.067,6.57e-05,0.231,0.678,79.68,4,5,"singer_early_pop",0.78
675,"5hCgm1tDb7ZZKmRtucTTjh","C.W. Stoneking","Jungle Blues","The Love Me or Die",47,234600,FALSE,0.53,-5.465,0,0.0648,0.84,2.02e-05,0.133,0.919,150.405,4,5,"singer_early_pop",0.85
679,"0qAMjeQFyd1qD0LDiV8gWp","KT Tunstall","Eye To The Telescope","Black Horse And The Cherry Tree",67,172373,FALSE,0.786,-7.788,0,0.0641,0.328,0,0.34,0.917,104.833,4,5,"singer_early_pop",0.38
680,"6b4mWoXrscyajbLOB2qwfG","Johnnyswim","Georgica Pond","Drunks",29,279068,FALSE,0.461,-10.694,1,0.0411,0.157,5.52e-05,0.116,0.205,96.591,4,5,"singer_early_pop",0.41
707,"5moyneo3TMp2wdc0TG8O8U","Canyon City","Matinée","So Are We",48,252640,FALSE,0.11,-15.584,1,0.042,0.911,1.44e-05,0.0829,0.235,145.277,4,5,"singer_early_pop",0.59
712,"2cTaSKEc8OZdF6Tpg2QQsS","Aimyon","Heard that there's good pasta","Naked Heart",47,296653,FALSE,0.448,-4.11,1,0.0275,0.537,1.85e-05,0.0915,0.354,148.02,4,5,"singer_early_pop",0.5
733,"25wiOYoBrS6ITwcPGlTSXi","Front Porch Step","I Never Loved Before I Found You","Stones",27,250987,FALSE,0.776,-4.765,1,0.0362,0.00662,5.47e-06,0.0741,0.402,95.999,4,5,"singer_early_pop",0.54
750,"0N8Xztr4pBHJ7V0moJWhbO","Aimyon","青春のエキサイトメント","愛を伝えたいだとか",65,235240,FALSE,0.85,-5.021,1,0.0337,0.0345,1.14e-05,0.0943,0.793,100.008,4,5,"singer_early_pop",0.62
763,"7e4Pftu2tzDeY0W0690OKQ","Thomas Daniel","What About Us (Acoustic)","What About Us - Acoustic",60,255510,FALSE,0.229,-11.564,1,0.0364,0.935,7.37e-06,0.0958,0.222,125.195,5,5,"singer_early_pop",0.42
777,"37pK088xTo1ZpR3y23wsFk","Amos Lee","Amos Lee","Arms Of A Woman",60,251440,FALSE,0.0674,-13.778,1,0.0368,0.888,0.000382,0.109,0.12,141.988,3,5,"singer_early_pop",0.57
785,"3lawK0CXk8hJ1yZnhNMx7u","Beans on Toast","The Inevitable Train Wreck","On & On",26,279781,FALSE,0.421,-7.944,1,0.0756,0.409,0,0.113,0.545,97.152,4,5,"singer_early_pop",0.67
791,"1o95Vc19sHgVwk20YwNPvR","AJJ","Only God Can Judge Me and More","Unicron",28,73066,TRUE,0.531,-6.372,1,0.0582,0.696,0,0.165,0.827,155.227,4,5,"singer_early_pop",0.6
796,"6D16aFALxgo3b5Hw7Na1Fw","Days N Daze","Songs We Recorded for Splits","Fall Out",28,214099,TRUE,0.832,-9.513,1,0.0716,0.348,3.2e-05,0.158,0.591,93.674,4,5,"singer_early_pop",0.46
802,"5vk20vCA4C23pXxFhtbBTx","Sunset & Highland","I'm the One (Acoustic)","I'm the One - Acoustic",54,233488,FALSE,0.372,-6.148,1,0.0292,0.835,0,0.129,0.444,146.086,4,5,"singer_early_pop",0.66
812,"55M1KsnBgjl2eRrPfMP6vy","Naotaro Moriyama","さくら (二〇一九)","さくら - 二〇一九",27,279386,FALSE,0.248,-8.245,1,0.03,0.95,1.16e-06,0.325,0.219,134.042,4,5,"singer_early_pop",0.71
817,"6FfGUAfmwW2ifxnit0hE4K","Unkle Bob","Sugar and Spite","Swans",41,150346,FALSE,0.41,-8.124,0,0.031,0.608,0.00589,0.102,0.149,117.391,4,5,"singer_early_pop",0.48
818,"373ovGYBDvfPLo1NNRNMYE","The Cameron Collective","What If We Rewrite The Stars","The Greatest Showman - Rewrite The Stars (Acoustic)",33,214860,FALSE,0.206,-14.68,1,0.0729,0.628,0,0.148,0.25,124.873,4,5,"singer_early_pop",0.73
824,"7IjL4IoQZMk1dOI4MH1T0i","Joshua Radin","Paperweight by Joshua Radin and Schuyler Fisk","Paperweight by Joshua Radin and Schuyler Fisk",49,204333,FALSE,0.119,-15.182,1,0.0354,0.555,0,0.0959,0.405,179.844,3,5,"singer_early_pop",0.27
833,"03czT1nVZDRv2JlpY2GxON","Peter Bradley Adams","Leavetaking","The Longer I Run",53,251453,FALSE,0.52,-10.831,1,0.028,0.732,0.221,0.0982,0.523,151.912,4,5,"singer_early_pop",0.58
834,"0IS3KnXzXuUj4ss4nhU8hA","Covers Culture;Acoustic Covers Culture;Lounge Covers Culture Of Popular Songs","Chill Out Covers - Chillout Covers - Chill Acoustic - Relaxing Songs - Calming Acoustic Songs","You're Not Sorry - Acoustic Covers Versions of Popular Songs",26,149783,FALSE,0.181,-11.294,0,0.0386,0.821,0,0.237,0.172,133.431,4,5,"singer_early_pop",0.57
837,"395XDt5vt8DKguJDjGtYLU","Jason Mraz","Love Is a Four Letter Word","Living in the Moment",48,235080,FALSE,0.628,-7.16,1,0.0232,0.0483,0,0.119,0.7,84.141,4,5,"singer_early_pop",0.65
846,"28lU91CRfUdWJEY7KbhZBL","Dave Barnes","What We Want, What We Get","God Gave Me You",49,228960,FALSE,0.823,-6.481,1,0.037,0.00332,1.75e-05,0.189,0.55,152.062,4,5,"singer_early_pop",0.88
847,"5Jx83G7IadblXTyvMMo7Uu","Days N Daze","Rogue Taxidermy","Perfectly Dysfunctional",27,207151,TRUE,0.879,-9.414,0,0.113,0.827,0.00239,0.278,0.647,88.614,4,5,"singer_early_pop",0.68
850,"6hDBkm6B8HF9B4oATW28YN","Gen Hoshino","POP VIRUS","Pop Virus",47,182000,FALSE,0.441,-4.614,1,0.126,0.0339,0,0.234,0.782,78.177,4,5,"singer_early_pop",0.87
854,"1nnEOnBgHPVpAAZIkFknzv","Zak Manley","Kiss Me","Kiss Me",58,163913,FALSE,0.178,-12.252,1,0.0532,0.676,0,0.279,0.541,82.372,4,5,"singer_early_pop",0.76
877,"7pv5juhfq1kco6wioikGHt","Eddie Vedder","Earthling","Invincible",51,286950,FALSE,0.742,-5.494,1,0.026,0.00511,3.52e-06,0.117,0.2,107.028,4,5,"singer_early_pop",0.25
879,"7xVLM4xNhJo57V5RoinJji","Joseph Sullinger","Art of Acoustic: Soft Instrumental Covers & Classical Guitar","What a Wonderful World",49,138748,FALSE,0.144,-18.858,1,0.051,0.992,0.952,0.115,0.433,134.688,4,5,"singer_early_pop",0.79
885,"5HhcXgRU7kYszL7OQZtNlc","Johnnyswim","A Johnnyswim Christmas","What Are You Doing New Years Eve",27,173546,FALSE,0.285,-8.768,1,0.0501,0.769,0,0.125,0.282,129.262,4,5,"singer_early_pop",0.4
890,"0WSGIwIEqpfe3jGJ5fZsHr","Penny and Sparrow","Finch","Don't Wanna Be Without Ya",58,207762,FALSE,0.86,-7.8,1,0.138,0.609,0.00646,0.0735,0.29,115,4,5,"singer_early_pop",0.33
901,"5Pk2JQFKZyFnA9e7BAQQQm","Jonah Baker","Stuck with U (Acoustic)","Stuck with U - Acoustic",51,188181,FALSE,0.209,-8.934,1,0.0515,0.852,0,0.111,0.41,174.887,3,5,"singer_early_pop",0.25
905,"56twDecxsQon61crfEXrA5","Mother's Daughter;Beck Pete","Hollywood's Bleeding","Hollywood's Bleeding",40,217777,FALSE,0.135,-10.535,0,0.033,0.938,0,0.0983,0.16,100.027,4,5,"singer_early_pop",0.74
910,"2N7NctlF0wAl57q68v5MOi","Tamio Okuda","E","花になる",27,209200,FALSE,0.884,-4.09,1,0.0368,5.53e-06,0,0.123,0.48,124.003,4,5,"singer_early_pop",0.76
913,"3mlAmyipgcFX5F3EXllJh2","Boyce Avenue","Cover Sessions, Vol. 5","Bleeding Love",56,210186,FALSE,0.295,-7.179,1,0.0332,0.83,0,0.0984,0.369,107.107,4,5,"singer_early_pop",0.4
918,"4eZP0Tyh1p06Nk1aHOzNrt","Ingrid Michaelson;A Great Big World","Lights Out","Over You",47,283266,FALSE,0.281,-11.569,1,0.0288,0.751,0.000801,0.113,0.164,89.256,4,5,"singer_early_pop",0.3
927,"5Z01kGFWQcQA3XBRxjAzAJ","Andrew Foy;Renee Foy;Stephan Baulig","Afterglow (Stephan Baulig Remix)","Afterglow - Stephan Baulig Remix",37,213620,FALSE,0.52,-10.106,1,0.0511,0.272,2.41e-06,0.151,0.422,116.029,4,5,"singer_early_pop",0.51
928,"5whKev8bxFJ0vl0KfLANyS","Chris Cresswell","To the Wind","To the Wind",25,187908,FALSE,0.561,-7.225,1,0.0246,0.108,0,0.139,0.22,151.943,4,5,"singer_early_pop",0.48
930,"7LHhGBjIBj7kNYLHYH9rMx","Hanare Gumi","あいのわ","PEOPLE GET READY",25,242001,FALSE,0.0119,-16.177,1,0.0636,0.867,0,0.288,0.408,133.277,4,5,"singer_early_pop",0.4
935,"3Ec6uapAsdc0MY8pDFcsg4","Chris Cresswell","One Week Record","Meet Me in the Shade",24,180000,FALSE,0.511,-5.425,1,0.0298,0.782,4.54e-05,0.0989,0.537,81.613,4,5,"singer_early_pop",0.55
937,"38qIDDupYe8XIvMrRynpEt","Joey Cape","Acoustic","Wind in Your Sails",25,226786,FALSE,0.34,-6.759,1,0.027,0.491,0,0.0829,0.298,129.997,4,5,"singer_early_pop",0.79
943,"2BWIhAOGhnA7hR6YvXCPsC","Frank Turner","England Keep My Bones (Deluxe Edition)","Rivers",26,274133,FALSE,0.498,-8.52,1,0.035,0.217,0,0.348,0.492,183.874,4,5,"singer_early_pop",0.19
945,"5epYcmFhgMsZcyKk8A2Qi5","Chad Hates George","Chad Hates George","Fry, Bacon, Fry (Die Pigs!)",26,203702,FALSE,0.289,-13.246,0,0.0505,0.854,0,0.0918,0.611,124.157,4,5,"singer_early_pop",0.3
953,"4FhNTUIDPVH8yb9TjHeAmu","Joe Brooks","Pink Sky Moon","Pink Sky Moon",34,224666,FALSE,0.291,-11.464,1,0.0352,0.763,1.56e-06,0.624,0.336,101.158,4,5,"singer_early_pop",0.17
962,"1iQ1BpOGF1Umd3lpTV4OPO","Roses & Frey","With or Without You","With or Without You",55,166943,FALSE,0.147,-14.812,1,0.0337,0.954,1.91e-06,0.111,0.287,111.913,4,5,"singer_early_pop",0.74
970,"5Jac5r26r1HkpH9Xv5zt7A","Penny and Sparrow;Stephanie Briggs","Tenboom","Duet (feat. Stephanie Briggs)",50,221786,FALSE,0.185,-10.929,0,0.0327,0.757,8.54e-05,0.111,0.182,72.844,5,5,"singer_early_pop",0.6
988,"0J2YKkFn2l1LTpZC7UaNrd","Corporate Hearts","The Shreds","Waves of Panic",26,153342,TRUE,0.552,-7.19,0,0.0495,0.161,0,0.143,0.761,166.406,4,5,"singer_early_pop",0.53
990,"1VdQTD2rFIYWpFngckkmSS","Dan Andriano in the Emergency Room","Of Peace, Quiet and Monsters","Of Peace, Quiet And Monsters",25,261000,FALSE,0.285,-12.619,0,0.0327,0.942,0.0437,0.111,0.618,104.933,4,5,"singer_early_pop",0.6
994,"5Bfdu7gVB7njCCCQHC0kkI","Days N Daze","Show Me the Blueprints.","Fast Track",26,144009,FALSE,0.621,-5.065,1,0.037,0.721,0,0.0881,0.867,113.896,4,5,"singer_early_pop",0.8
1008,"1bBO92RtVTlJlfxuVaLek8","Plastilina Mosh","Hola Chicuelos","Aló",40,244933,FALSE,0.609,-10.537,1,0.131,0.00375,0.0191,0.128,0.913,142.035,4,9,"global_dance_urban",0.29
1010,"0pY5jjQucjJg3pqAbHhGkW","Criolo","Nó na Orelha","Sucrilhos",46,240226,FALSE,0.574,-9.068,1,0.319,0.0626,0,0.203,0.764,160.027,4,9,"global_dance_urban",0.37
1018,"3KYbhVPCxYHIeZg8Zy07ay","Criolo;Emicida;Mano Brown","Criolo E Emicida Ao Vivo (Live)","Vida Loka I - Live",44,271840,FALSE,0.877,-5.945,0,0.247,0.849,0,0.653,0.662,82.109,4,9,"global_dance_urban",0.53
1021,"0mW4qfi2vus7qErr9jAeFJ","BaianaSystem","Duas Cidades","Duas Cidades",44,226040,FALSE,0.899,-6.363,1,0.138,0.125,0,0.103,0.847,97.999,4,9,"global_dance_urban",0.38
1048,"7bLMLwx6gJrCXoppD2YqOu","Criolo;Emicida","Criolo E Emicida Ao Vivo (Live)","Subirusdoistiozin - Live",37,211280,FALSE,0.907,-5.619,0,0.31,0.602,4.35e-05,0.862,0.562,94.346,4,9,"global_dance_urban",0.42
1058,"3ayGhSSsgy1PyvJi6Np0CH","Jorge Drexler","Mediterráneo","Mediterráneo",33,206999,FALSE,0.588,-8.147,0,0.115,0.405,5.19e-06,0.321,0.429,100.808,3,9,"global_dance_urban",0.49
1071,"3169PUGpN64JNpAhR5PW4Y","Los Amigos Invisibles","Super Pop Venezuela","Amar Es Algo Más",36,426306,FALSE,0.746,-6.359,0,0.0362,0.393,0.000496,0.257,0.613,107.981,4,9,"global_dance_urban",0.3
1073,"0s76fxVvT3GOz0sEU64v4j","Criolo;Emicida","Criolo E Emicida Ao Vivo (Live)","Viva (Melô Dos Vileiros) - Live",32,213960,FALSE,0.868,-6.12,0,0.336,0.649,0,0.953,0.733,82.15,4,9,"global_dance_urban",0.61
1090,"19Oj8jiVAn3qRr0DhlLU1j","Criolo;Emicida","Criolo E Emicida Ao Vivo (Live)","Triunfo - Live",34,273426,FALSE,0.945,-5.021,1,0.271,0.315,0,0.405,0.551,92.013,4,9,"global_dance_urban",0.65
1092,"4Z02tygBhQ3PZXKvwAl44s","Hugh Masekela","Africa Rising Vol.1","District Six - Live",0,527506,FALSE,0.711,-11.367,1,0.0643,0.352,0.0473,0.969,0.858,108.127,4,9,"global_dance_urban",0.4
1094,"54OvaGEkwX2FnqIMS05S82","Hugh Masekela","Afrodance Anthems","Women Of The Sun",0,334520,FALSE,0.478,-11.387,0,0.107,0.77,0.00036,0.0856,0.959,89.938,4,9,"global_dance_urban",0.53
1102,"37IbDeC2CfODD3OGcAO8Vd","Ali Farka Touré;Toumani Diabaté","Ali & Toumani","Ruby",19,355840,FALSE,0.31,-12.102,1,0.0398,0.802,0.687,0.128,0.408,177.659,4,9,"global_dance_urban",0.64
1104,"7CJkTdcKr5NSlgSBAKTTD5","BaianaSystem;Orquestra Afrosinfônica;Antonio Carlos & Jocafi","Água (Versão Estendida)","Água (Versão Estendida)",34,306750,FALSE,0.8,-6.65,0,0.0422,0.211,0.0969,0.11,0.763,96.998,4,9,"global_dance_urban",0.44
1105,"5mvGbNjKaqB63vFdN2MZ7m","Jorge Drexler","Bailar en la cueva","Organdí",31,400362,FALSE,0.249,-10.041,1,0.0866,0.759,0.0812,0.0909,0.106,104.039,4,9,"global_dance_urban",0.43
1132,"79V8ZpQFYAICfLFHEhJq7T","BaianaSystem","Duas Cidades","Mercado",30,75026,FALSE,0.394,-12.497,1,0.0334,0.94,0.431,0.321,0.694,97.048,4,9,"global_dance_urban",0.36
1140,"7COvgWy22fTEwQWcc5bBZd","Tony Allen","Comet Series, Vol. 1 (Crazy Afrobeat)","Ikeja Roads",30,160948,FALSE,0.598,-13.803,0,0.0412,0.023,0.89,0.106,0.684,100.007,4,9,"global_dance_urban",0.37
1235,"0T5qABWOBtr9qbTTx54PSG","Jorge Drexler","Frontera","Corazón de cristal",27,253293,FALSE,0.212,-16.961,1,0.0495,0.791,5.73e-05,0.288,0.189,134.12,4,9,"global_dance_urban",0.35
1244,"39xIDaeOVTKlUpSAwaG5Jr","Plastilina Mosh","Aquamosh","Monster Truck",28,258160,FALSE,0.932,-7.734,0,0.0762,0.00208,0.0119,0.0674,0.492,96.899,4,9,"global_dance_urban",0.49
1269,"2inOdpcpLUNsxeKaCbCg1r","Jor'dan Armstrong","Blsd (Deluxe)","Clout",25,217674,FALSE,0.62,-4.885,1,0.185,0.0887,0,0.17,0.311,158.04,4,9,"global_dance_urban",0.38
1281,"3lUTTvpsqOJGm28TZYgIGn","The Bongo Hop;Maikcel","Satingarona, Vol. 1","Pa' Congo",24,221406,FALSE,0.951,-5.076,1,0.0467,0.0681,0.0034,0.0478,0.762,110.076,4,9,"global_dance_urban",0.59
1286,"35Ocr7h38aa1erSPuyUUR9","Juanafé;Carmen Lienqueo","Parrilladas Vargas (Vol. II)","Canto para Siempre",24,319077,FALSE,0.829,-9.146,0,0.162,0.0845,0,0.112,0.445,141.277,3,9,"global_dance_urban",0.5
1289,"1iNWWO3i1L4gpy7fZpdUwP","Mandrill","We Are One","Can You Get It",23,428853,FALSE,0.928,-7.29,1,0.0621,0.152,0.0189,0.0481,0.782,122.487,4,9,"global_dance_urban",0.52
1294,"1KME77F9mu2RQS8vo6JVwa","BaianaSystem;Makavelli;Jay Mitta","OXEAXEEXU","Nauliza",26,220613,FALSE,0.942,-4.511,0,0.13,0.0359,0.00416,0.247,0.736,170.005,4,9,"global_dance_urban",0.39
1295,"7ikzBJC2N3h78r9Iu03aOG","Orquestra Brasileira de Música Jamaicana","Volume II","País Tropical",24,209066,FALSE,0.77,-5.94,1,0.032,0.61,0.948,0.323,0.964,127.971,4,9,"global_dance_urban",0.51
1321,"5e0gqHWLLKQgPcqXMuTeWH","Afrocidade","Vivão","Vivão (vinheta)",22,69942,FALSE,0.887,-8.489,0,0.924,0.977,0.000231,0.292,0.613,74.325,4,9,"global_dance_urban",0.24
1340,"5TMgvUss7jcR3HSdMUP9Cf","Jorge Drexler","Cara B","Club Tonight - Cara B",23,271080,FALSE,0.268,-20.8,1,0.22,0.817,0.152,0.694,0.62,151.64,4,9,"global_dance_urban",0.65
1342,"6fPJR1tK21mcWrLqCQ3QVX","Orquestra Brasileira de Música Jamaicana","Obmjazz (Ao Vivo Na Casa De Francisca)","Take 5 - Ao Vivo Na Casa De Francisca",23,431640,FALSE,0.444,-10.782,0,0.0523,0.489,0.941,0.626,0.624,136.305,4,9,"global_dance_urban",0.53
1354,"4gbx3Zyi7k4UOZWd6FU6aD","TJ Cream;Marko","Wisdom Seeker","Hard Talk, Pt. 2",21,131395,FALSE,0.615,-7.143,1,0.24,0.0207,9.14e-05,0.428,0.605,95,4,9,"global_dance_urban",0.55
1363,"3OGKGvLhd2rN04g2iaCXVs","Abayomy Afrobeat Orquestra;Orlando Julius","Adará","Adará",21,267091,FALSE,0.9,-8.293,1,0.0507,0.00838,0.253,0.0641,0.664,121.032,4,9,"global_dance_urban",0.32
1364,"5bPliWzRQhKfmcyPZcUJc6","Jorge Drexler","Vaivén","Tu voyeur",22,266000,FALSE,0.355,-15.786,0,0.0595,0.292,0.00155,0.256,0.705,154.019,4,9,"global_dance_urban",0.5
1366,"43368zd7iBhYvS721LOYDE","Caê","A Nave de Odé","Incompletos",21,232800,FALSE,0.514,-8.159,1,0.055,0.474,0.00147,0.184,0.65,120.073,4,9,"global_dance_urban",0.62
1367,"2vpOX57SegPaUM8R43Ye9D","Eddie Neblett","Influence of Worship","Influence of Worship",22,245708,FALSE,0.702,-5.748,1,0.0679,0.2,0,0.147,0.711,82.83,4,9,"global_dance_urban",0.52
1389,"337tTnKLdmVdLYjMcllLqR","Lafayette Afro Rock Band","Malik","Avi-Vo - Remastered",21,215322,FALSE,0.868,-6.436,1,0.0486,0.428,0.814,0.131,0.693,118.125,4,9,"global_dance_urban",0.42
1393,"2dpvUY3DfmybZ8aimDHNKs","BaianaSystem","ATO 1: Navio Pirata","Chapéu Panamá",24,185573,FALSE,0.93,-4.663,1,0.257,0.419,0.00734,0.0519,0.487,105.017,4,9,"global_dance_urban",0.34
1395,"0Tu9CVtudympO1AQStFlav","Metá Metá","MetaL MetaL","Logun",22,478197,FALSE,0.868,-7.344,1,0.0404,0.554,0.559,0.0738,0.913,122.883,4,9,"global_dance_urban",0.48
1400,"6lnXNuAixFoNuoEe2dXb6d","Limoblaze;Marizu","Afrobeats Rap and Jesus","For Me",43,194063,FALSE,0.719,-4.201,0,0.0459,0.477,0,0.0713,0.719,107.95,4,9,"global_dance_urban",0.48
1418,"26dxHzEGUtOSQ0M6661JNi","Victor Rice","Smoke","Tema",21,155479,FALSE,0.664,-7.014,1,0.0339,0.216,0.898,0.211,0.872,130.962,4,9,"global_dance_urban",0.48
1420,"3BIJsd9pvBi8MNNIv3KiMY","Ondatrópica","Baile Bucanero","Boga Canoero",22,262586,FALSE,0.68,-9.002,0,0.105,0.549,9.98e-06,0.0417,0.959,115.9,4,9,"global_dance_urban",0.44
1421,"0QaFDdirIxKcsVk62hbKDo","Thee Commons","Collecion De Oro","Juaneco Y La Negra",20,297665,FALSE,0.886,-3.107,1,0.0313,0.000273,0.000233,0.19,0.828,192.492,4,9,"global_dance_urban",0.16
1446,"6ycLgWUCewpOvJfLmwCcBx","Calle 13","Pa'l Norte (Beauty Brain Remix)","Pa'l Norte - Beauty Brain Remix",23,266432,FALSE,0.835,-6.807,0,0.0584,0.0223,0.234,0.0506,0.8,140.027,4,9,"global_dance_urban",0.64
1465,"6K8y9WcUbgv0j7RGceHvym","Tony Allen","Afrobeat Makers (Tony Allen Rhythms Revisited)","Ikeja Roads",48,160948,FALSE,0.598,-13.803,0,0.0412,0.023,0.89,0.106,0.684,100.007,4,9,"global_dance_urban",0.56
1477,"79dawNsHM3DBoGwkzeMeXf","Criolo","Duas de Cinco","Duas de Cinco",20,224880,FALSE,0.718,-8.128,0,0.076,0.0446,0.0036,0.2,0.514,80.112,4,9,"global_dance_urban",0.24
1481,"50Jrmqeu2Ko23HjJygRjbU","Star Feminine Band","Star Feminine Band","Femme africaine",21,224568,FALSE,0.834,-6.918,1,0.0676,0.13,0.627,0.0894,0.871,113.778,3,9,"global_dance_urban",0.54
1497,"09z2Sw68BabiCQ4ZEKjPfu","Orquestra Brasileira de Música Jamaicana","#10","Cotidiano",21,208885,FALSE,0.661,-10.578,0,0.0369,0.544,0.402,0.0563,0.96,140.018,4,9,"global_dance_urban",0.52
1498,"3cYQvXCTPcolOTsDSTfV0j","Jackie Mittoo","Keyboard King at Studio One","Henry the Great",20,212493,FALSE,0.5,-11.622,1,0.198,0.544,0.861,0.104,0.711,101.665,4,9,"global_dance_urban",0.55
1500,"1jlKdNbOA90rjnt88GJnwO","Calle 13","Entren Los Que Quieran","La Vuelta Al Mundo",70,234133,FALSE,0.538,-9.943,1,0.222,0.159,1.62e-06,0.167,0.779,124.974,4,9,"global_dance_urban",0.7
1519,"6RrPNGP67F2mH28EPxqmGY","Ricardo Lemvo","Shall We Salsa","Africa Havana Paris",19,295333,FALSE,0.629,-8.176,0,0.0348,0.608,2.93e-05,0.0976,0.932,156.029,4,9,"global_dance_urban",0.48
1525,"2Ef4mtuC9eXOa37ESXA7QO","Criolo","Nó na Orelha (Instrumental)","Bogotá (Instrumental)",19,280546,FALSE,0.882,-7.125,0,0.0603,0.00323,0.875,0.137,0.872,122.037,4,9,"global_dance_urban",0.6
1534,"2YihM9XOmwQHahqSpOui9C","Plastilina Mosh","All U Need Is Mosh","Toll Free",22,201746,FALSE,0.722,-5.389,0,0.0545,0.031,0,0.641,0.889,138.153,4,9,"global_dance_urban",0.48
1541,"74ZYdKyVYgiemIALe3w5Za","William Onyeabor","Hypertension","The Moon and The Sun",20,560280,FALSE,0.838,-6.462,1,0.0562,0.279,0.00596,0.124,0.849,145.936,3,9,"global_dance_urban",0.47
1557,"7tUhh4MxnkgNvasB6ZxlAu","Hektombe","La Negra","La Negra",18,359045,FALSE,0.683,-10.197,0,0.0433,0.0364,0.00564,0.104,0.594,113.016,4,9,"global_dance_urban",0.41
1559,"4RmKtKTlBwyfeRXjzADJGl","Qyubi","Woso","Woso",19,238001,FALSE,0.619,-10.109,0,0.0692,0.623,0.000922,0.144,0.684,102.017,4,9,"global_dance_urban",0.43
1563,"4ZlesHyYfr8PQPUs0SnWDE","The Dynamics","After Laughter Comes Tears","After Laughter Comes Tears",19,284102,FALSE,0.358,-12.384,1,0.0645,0.291,0.00644,0.156,0.78,83.007,4,9,"global_dance_urban",0.39
1592,"5BMVxBrKnM0kJ7PsQ7zj0d","Jorge Drexler","Sus primeras grabaciones 1992-1994 (La luz que sabe robar- Radar)","Era de amar",20,239026,FALSE,0.632,-7.845,1,0.0342,0.608,0.00364,0.0925,0.792,74.359,4,9,"global_dance_urban",0.58
1603,"67PY8HBV98iVLodNXhBk8V","Ali Farka Touré;Toumani Diabaté","Ali & Toumani","Doudou",9,287146,FALSE,0.397,-11.112,1,0.0371,0.848,0.725,0.156,0.69,171.012,3,9,"global_dance_urban",0.61
1604,"0Wqht20X3ZII115vByDReU","Ali Farka Touré","Savane","Savane",9,463920,FALSE,0.282,-10.46,0,0.0652,0.77,0.0833,0.0592,0.504,135.736,4,9,"global_dance_urban",0.47
1608,"2nxcxBKWmYn4U2dLb5JDKT","Rehmahz;Oba Reengy","Sound of Life","By My Side",18,150334,FALSE,0.629,-5.336,1,0.228,0.307,3.11e-05,0.163,0.755,90.524,4,9,"global_dance_urban",0.5
1621,"1OJpFc9AKsEfBFCywsa6ds","Romperayo","Tacutun / Cumbia Reggae Funky","Tacutun",17,186666,FALSE,0.671,-7.913,1,0.15,0.019,0.748,0.203,0.601,122.966,4,9,"global_dance_urban",0.49
1623,"5UFtEx81UIPjQtugmesmcN","Los Pirañas","Historia natural","Palermo's Grunch",18,308864,FALSE,0.871,-4.931,1,0.0436,0.0483,0.815,0.177,0.888,131.439,4,9,"global_dance_urban",0.56
1629,"07TdcTMx1hzMh3jWXVdZT1","The Bamboos","4","The Ghost",19,217733,FALSE,0.763,-8.545,1,0.0294,0.0111,1.3e-05,0.218,0.713,99.022,4,9,"global_dance_urban",0.51
1633,"72owuO04tFBFbYbGw84tai","William Onyeabor;The Vaccines;John Hill;Rich Costey","What?!","Do You Want a Man - Heaven & Hell Remix",18,145773,FALSE,0.921,-3.555,0,0.0931,0.198,0.00035,0.133,0.816,122.978,4,9,"global_dance_urban",0.48
1639,"3mPoQffWmAwupicwjGub6p","Afrocidade","Vivão","Novos Mundos",18,240000,FALSE,0.88,-4.251,0,0.0503,0.165,0,0.106,0.752,120.079,4,9,"global_dance_urban",0.44
1644,"16zRyplwDUve1JKipYBdEt","Newen Afrobeat","Newen Afrobeat","Qué Sabemos",18,625066,FALSE,0.799,-6.388,1,0.0473,0.0397,0.144,0.0797,0.775,125.041,4,9,"global_dance_urban",0.58
1653,"0kJg1vDAXOvuPUe4bLii7F","The Bamboos","Rawville","I Don't Wanna Stop",50,249200,FALSE,0.775,-5.116,0,0.0306,0.119,0.000533,0.125,0.962,93.241,4,9,"global_dance_urban",0.3
1658,"4BgtIY3mw52U8YqwKImWPl","IFÁ;Okwei V. Odili","IFÁ Afrobeat + Okwei V. Odili","Suffer",18,336053,FALSE,0.748,-9.315,0,0.0367,0.0885,5.72e-05,0.0779,0.963,99.014,4,9,"global_dance_urban",0.29
1662,"6J2iYZyg1msLFo37600hLs","Whitefield Brothers","In The Raw","Thunderbird",18,242626,FALSE,0.978,-4.67,1,0.0441,0.026,0.851,0.266,0.744,94.391,3,9,"global_dance_urban",0.48
1681,"6Io6ZmvDOYKm0WM8LY8l9b","Ricardo Lemvo","Shall We Salsa","Tata Masamba",18,284826,FALSE,0.696,-8.106,0,0.0341,0.714,4.57e-06,0.247,0.931,91.029,4,9,"global_dance_urban",0.4
1690,"0OZt04ueuAb8LlRdyqY6BP","Orlando Julius;The Heliocentrics","Jaiyede Afro","Love Thy Neighbour",19,258333,FALSE,0.93,-6.005,0,0.088,0.00866,0.804,0.103,0.699,108.168,4,9,"global_dance_urban",0.34
1709,"5pptzEI1LJFtNrhFDH8Vet","Angeloh","Highway","What You Want",17,237918,FALSE,0.584,-5.837,0,0.102,0.288,0,0.0926,0.669,114.96,4,9,"global_dance_urban",0.49
1728,"4VlJMfwRPnJHZ60TDZDshW","Jor'dan Armstrong","52 Weeks of Summer","Came Up",19,199876,FALSE,0.441,-9.626,0,0.172,0.668,3.96e-05,0.116,0.309,96.01,4,9,"global_dance_urban",0.66
1735,"4OnPHIPgUZq569yffEjt2G","Afrocidade","Afrocidade na Pista","Caju",18,31824,FALSE,0.472,-17.477,0,0.401,0.314,2.26e-06,0.866,0.764,93.945,3,9,"global_dance_urban",0.67
1736,"0YHoJxHfIM1vW9APg2nDCw","Orchestra Baobab","Bamba","Boulmamine",18,355933,FALSE,0.618,-11.815,0,0.0418,0.737,0.163,0.098,0.752,139.307,4,9,"global_dance_urban",0.42
1744,"5sJFoe1ln1AzL3wr5AebUo","William Onyeabor","Atomic Bomb","Atomic Bomb",17,480146,FALSE,0.382,-8.703,1,0.035,0.0279,0.00676,0.0562,0.966,116.887,4,9,"global_dance_urban",0.57
1750,"1B6d6tSoQTZyYalEFVu86p","Eben;Nathaniel Bassey","No One Like You","No One Like You",40,317675,FALSE,0.529,-5.761,1,0.0464,0.357,2.05e-05,0.235,0.488,129.861,4,9,"global_dance_urban",0.36
1753,"1k3QxdsAYJMstaAV31ssId","The Poets Of Rhythm","Discern / Define","Plus Plus",17,306160,FALSE,0.722,-7.085,0,0.0708,0.0218,0.686,0.219,0.604,95.558,4,9,"global_dance_urban",0.4
1768,"1l0rlELGQxoCAjaUer7jXw","Bacao Rhythm & Steel Band","The Serpents Mouth","Touchdown",18,154624,FALSE,0.621,-6.077,0,0.0472,0.0264,0.816,0.201,0.837,95.911,4,9,"global_dance_urban",0.52
1769,"6AYmNlxHIzmAW7mYeaqpNo","Metá Metá","M M 3","Ossanyn",18,283308,FALSE,0.636,-7.768,0,0.0314,0.271,0.824,0.108,0.455,138.448,4,9,"global_dance_urban",0.32
1799,"0MAjodNUjLlzRw9hd65QiS","Los Amigos Invisibles","The New Sound of the Venezuelan Gozadera","Mango Cool",19,174293,FALSE,0.883,-6.799,0,0.0316,0.0204,0.755,0.0913,0.828,155.135,4,9,"global_dance_urban",0.46
1802,"2WcN7sgqqFNZMiMEeLvE3A","TB1","Thank You","Thank You",39,235826,FALSE,0.808,-2.038,0,0.0465,0.113,0,0.0628,0.912,115.011,4,9,"global_dance_urban",0.67
1804,"44kT6XsCkSGb9wNQ5qGXvg","Jungle Fire","Tropicoso","Comencemos (Let's Start)",44,152600,FALSE,0.903,-6.462,1,0.0456,0.23,0.616,0.151,0.913,111.84,4,9,"global_dance_urban",0.51
1808,"174aZteQew30wcq8sPzlW6","Ikebe Shakedown","Stone by Stone","Rio Grande",46,230986,FALSE,0.605,-7.509,0,0.0304,0.25,0.76,0.321,0.692,162.588,4,9,"global_dance_urban",0.49
1835,"4ZVleinztyDBkZkuhybPBY","BaianaSystem;Buguinha Dub;Antonio Carlos & Jocafi;Orquestra Afrosinfônica","Futuro Dub","Água (Adubada)",18,206848,FALSE,0.586,-8.539,0,0.032,0.638,0.59,0.966,0.393,96.954,4,9,"global_dance_urban",0.38
1837,"2AsbwhBYcjeA6gkeyOrFMR","The Budos Band","The Budos Band EP","Smoke Gets In...",18,222906,FALSE,0.347,-13.798,1,0.0293,0.000155,0.894,0.0895,0.279,107.468,4,9,"global_dance_urban",0.64
1840,"3aYgbR0WJfwCRjnRcQqRo0","Bixiga 70","Bixiga 70 (2011)","Balboa Dub",17,264973,FALSE,0.831,-8.835,0,0.0343,0.221,0.895,0.127,0.759,126.061,4,9,"global_dance_urban",0.82
1845,"3HXwqoy1n9IEJVEnL6CC1E","Hugh Masekela","Hope","Marketplace",18,331040,FALSE,0.249,-17.176,1,0.0559,0.678,1.56e-05,0.472,0.558,92.286,4,9,"global_dance_urban",0.46
1846,"73YJWP6w5D84mED9wQodIE","Hugh Masekela","Pure Sounds of Africa","Chileshe",17,378893,FALSE,0.85,-3.685,1,0.0317,0.415,0.000192,0.207,0.443,88.955,4,9,"global_dance_urban",0.28
1854,"0BkI4Yoh4a6p3v0PXogsjs","Nomo","LP","Discontinued",16,482786,FALSE,0.73,-8.74,0,0.0679,0.0437,0.854,0.179,0.795,85.866,4,9,"global_dance_urban",0.46
1855,"1Bx3trnFdCStyiV5PF0vkj","The Budos Band","The Budos Band","T.I.B.W.F.",52,160600,FALSE,0.607,-7.76,1,0.057,0.0124,0.87,0.147,0.712,77.845,4,9,"global_dance_urban",0.56
1858,"5ubvcUYndr5yA09c1OynaB","Buyepongo","Cantarito","Cantarito",17,324986,FALSE,0.783,-7.893,0,0.0561,0.317,0.579,0.131,0.866,121.39,4,9,"global_dance_urban",0.34
1860,"6KKIxIWUL2dOn4CxmvY0H9","Calle 13","Residente o Visitante","El Avión Se Cae",19,257693,TRUE,0.78,-8.007,1,0.0385,0.0024,0.0506,0.321,0.51,125.05,4,9,"global_dance_urban",0.53
1861,"77bHEazbuFqK3tTvoHFWQ3","Assagai","Assagai","Telephone Girl",17,214533,FALSE,0.52,-12.658,1,0.08,0.0758,7.95e-05,0.089,0.966,102.502,4,9,"global_dance_urban",0.44
1865,"6Pwk5rWWIkBgwkl62lXjBp","Bacao Rhythm & Steel Band","55","Tender Trap",17,213631,FALSE,0.707,-3.826,1,0.0986,0.16,0.773,0.0373,0.746,94.275,4,9,"global_dance_urban",0.54
1866,"6DBqULxLjq66GX2dim7opR","Lack Of Afro","Press On","The Outsider",49,227346,FALSE,0.838,-6.538,1,0.0797,0.0874,0.49,0.348,0.456,112.608,4,9,"global_dance_urban",0.54
1888,"3W515NICo3xbpXaymNDFPx","Ebo Taylor","Yen Ara","Mind Your Own Business",18,313866,FALSE,0.907,-9.021,1,0.047,0.0381,0.0902,0.0819,0.825,125.77,4,9,"global_dance_urban",0.47
1891,"0sleOewdchPv0eTOHzlYEF","Jorge Drexler","Sus primeras grabaciones 1992-1994 (La luz que sabe robar- Radar)","Radar",18,247586,FALSE,0.771,-5.977,1,0.0395,0.199,0.00019,0.0882,0.696,77.394,4,9,"global_dance_urban",0.45
1906,"5JT2sFsiVIlHOKABecgyR5","Nkumba System;Mamani Keïta","Paisano","Paisano",16,238201,FALSE,0.717,-10.441,1,0.0559,0.407,4.44e-05,0.0536,0.964,165.259,3,9,"global_dance_urban",0.53
1914,"5pTo3l7IMXYguYawzpmjFW","Timoneki","Alma","Alma",17,259353,FALSE,0.62,-8.016,0,0.0649,0.0564,2.47e-05,0.217,0.19,139.837,4,9,"global_dance_urban",0.62
1925,"0CDucx9lKxuCZplLXUz0iX","Buena Onda Reggae Club","Disco 2","Song for Rollins",16,219346,FALSE,0.577,-7.544,1,0.0438,0.238,0.86,0.0571,0.843,90.522,4,9,"global_dance_urban",0.64
1927,"6BPl7VgC0prOHj1dQl6qZE","The Mauskovic Dance Band","It's All Mauskovic","Analog Fruit",17,193900,FALSE,0.749,-9.748,1,0.0432,0.419,0.0712,0.2,0.964,143.065,4,9,"global_dance_urban",0.49
1930,"2qPglKAUAM1sDKtfYpuq53","Africania","Ori","Cachoeira",16,348066,FALSE,0.707,-10.331,0,0.0551,0.516,0.733,0.316,0.636,99.009,4,9,"global_dance_urban",0.63
1931,"6tzRG7qL0o8OlcXFRESzed","Orquestra Voadora","Ferro Velho","Expensive Shit",17,327066,FALSE,0.727,-7.346,1,0.0806,0.324,0.667,0.0575,0.657,123.028,4,9,"global_dance_urban",0.51
1934,"6VD3viS5Mcmk2P3BzEq3zK","Criolo","Nó na Orelha (Instrumental)","Freguês da Meia Noite (Instrumental)",15,251346,FALSE,0.379,-10.031,1,0.035,0.222,0.774,0.111,0.533,175.949,4,9,"global_dance_urban",0.54
1962,"3TJZfAL0EU2Wk4BkmVyUnX","El Rego","El Rego","Djobime",15,155786,FALSE,0.56,-8.493,0,0.177,0.0098,0.02,0.101,0.827,142.651,4,9,"global_dance_urban",0.58
1964,"1YhKAndvOzmyVnomGV7Gs6","The Daktaris","Soul Explosion","Voodoo Soul Stew",16,267360,FALSE,0.68,-6.997,0,0.211,0.441,0.0513,0.0645,0.965,100.244,4,9,"global_dance_urban",0.6
1965,"5HIZ8V82BzmcQUwTqZK5J2","Ikebe Shakedown","The Way Home","The Ally",16,189240,FALSE,0.57,-8.242,1,0.0285,0.0997,0.911,0.0721,0.81,107.927,4,9,"global_dance_urban",0.55
1981,"3WRLUvhaIpFnXBR9aRvOGc","William Onyeabor","DJ-Kicks (Brandt Brauer Frick) [DJ Mix]","Better Change Your Mind - Mixed",16,153306,FALSE,0.67,-9.929,0,0.0738,0.123,0.00629,0.331,0.87,117.457,4,9,"global_dance_urban",0.56
1982,"6BlLBH67HrKOsFyGTzI9Yi","The Souljazz Orchestra","Under Burning Skies","Tambour à deux peaux",16,238805,FALSE,0.828,-7.509,0,0.0364,0.0935,0.152,0.149,0.96,104.036,4,9,"global_dance_urban",0.21
2007,"0y1QJc3SJVPKJ1OvFmFqe6","KALEO","A/B","Way down We Go",78,213706,FALSE,0.505,-8.022,0,0.117,0.579,0.000333,0.104,0.337,163.255,4,16,"alt_punk_rock",0.32
2038,"2cwOhw3d0uIsR4krTsrLwF","The Killers;Ryan Pardey","Rock n Roll Christmas","Don't Shoot Me Santa",0,245106,FALSE,0.847,-4.164,1,0.0705,0.0601,0,0.307,0.662,120.041,4,16,"alt_punk_rock",0.11
2050,"5Q6fh8OEhBYepJaORz9lxe","The Neighbourhood;Syd","Daddy Issues (Remix) feat. Syd","Daddy Issues (Remix) feat. Syd",75,181186,FALSE,0.533,-8.164,1,0.0653,0.245,0.00717,0.112,0.247,84.982,4,16,"alt_punk_rock",0.67
2055,"10nyNJ6zNy2YVYLrcwLccB","Radiohead","OK Computer","No Surprises",82,229120,FALSE,0.393,-10.654,1,0.0278,0.0577,0.00361,0.113,0.118,76.426,4,16,"alt_punk_rock",0.25
2059,"1v3rsZZAH13mnXEEz3AEL5","Dominic Fike;Zendaya","Autumn Vibe","Elliot’s Song - From ""Euphoria"" An HBO Original Series",1,152144,FALSE,0.266,-17.251,1,0.146,0.831,0,0.113,0.388,184.14,4,16,"alt_punk_rock",0.26
2072,"1l1ra0gsPlpnDOc4HdkKZU","Weezer","Emo Christmas 2022","O Come All Ye Faithful",0,124653,FALSE,0.818,-6.076,1,0.0393,0.00701,0,0.337,0.769,121.907,4,16,"alt_punk_rock",0.43
2096,"71jFgtUBKrBuIO6jeUYu9J","Los Enanitos Verdes","Triste Hora","Mi Primer Dia Sin Ti",0,270640,FALSE,0.639,-5.553,1,0.0246,0.129,0,0.185,0.437,83.377,4,16,"alt_punk_rock",0.14
2103,"73jVPicY2G9YHmzgjk69ae","The 1975","The 1975","Robbers",71,254509,FALSE,0.692,-6.858,1,0.0291,0.000363,1.75e-05,0.335,0.381,99.806,4,16,"alt_punk_rock",0.53
2107,"5Sco7mbJy7p7vdDtJW10fZ","The Score","Pressure","Born For This",65,234013,FALSE,0.684,-6.27,0,0.0405,0.0576,0,0.0938,0.528,129.974,4,16,"alt_punk_rock",0.48
2109,"2aibwv5hGXSgw7Yru8IYTO","Red Hot Chili Peppers","Stadium Arcadium","Snow (Hey Oh)",80,334666,FALSE,0.9,-3.674,1,0.0499,0.116,1.75e-05,0.119,0.599,104.655,4,16,"alt_punk_rock",0.4
2114,"1BGMcTlICbYWgfjiRrm3RJ","X Ambassadors;Jensen McRae","The Greatest Rock Tunes 2022","skip.that.party",0,231532,TRUE,0.586,-7.165,1,0.0434,0.0131,0.00061,0.0641,0.171,149.734,4,16,"alt_punk_rock",0.31
2118,"2Lkn3Of9JHY6RSA8c3omKT","3 Doors Down","Обратно в клас - rock","Here Without You",0,238560,FALSE,0.545,-6.768,0,0.0255,0.0635,0,0.124,0.193,143.991,4,16,"alt_punk_rock",0.12
2120,"5ugV3rhvi2h6l52e1cIfLw","3 Doors Down","Fishing Music","Kryptonite",0,234626,FALSE,0.848,-6.804,0,0.0288,0.00395,5.22e-05,0.134,0.489,99.039,4,16,"alt_punk_rock",0.18
2131,"7IMnJ5f7mRoGTtf8TPAILw","Volbeat","Halloween Party 2022","The Devil's Bleeding Crown",0,238653,FALSE,0.909,-4.612,1,0.041,1.62e-05,0.139,0.0442,0.209,109.653,3,16,"alt_punk_rock",0.39
2133,"5zGtItgkDE0pUB1WbSe3Po","Andrés Calamaro;Vicentico","Pañuelos al viento","Tuyo Siempre",1,171978,FALSE,0.525,-8.879,0,0.0298,0.682,9.34e-05,0.175,0.73,89.945,4,16,"alt_punk_rock",0.37
2135,"4GPQDyw9hC1DiZVh0ouDVL","The Black Keys","OK Boomers - Top Tunes","Keep My Name Outta Your Mouth",0,189356,FALSE,0.702,-4.767,1,0.0445,0.0197,0.01,0.125,0.645,83.507,4,16,"alt_punk_rock",0.25
2145,"3y4AS6cTOQBTnEsTbOUtIg","Andrés Calamaro;Juanes;Niño Josele","Música para casa","Enganchate Conmigo",0,225616,FALSE,0.646,-9.274,0,0.0667,0.576,2.13e-05,0.0978,0.785,87.891,4,16,"alt_punk_rock",0.42
2150,"7brQHA2CgQpcMBiOlfiXYb","The Neighbourhood","I Love You.","Afraid",77,251186,TRUE,0.701,-5.693,0,0.0411,0.00892,0.309,0.335,0.356,83.996,4,16,"alt_punk_rock",0.24
2163,"2YDI2Irzquyw8H8ztLC2ql","Counting Crows","Rock n Roll Christmas","A Long December",0,297293,FALSE,0.59,-5.941,1,0.0284,0.508,0.00548,0.272,0.393,141.649,4,16,"alt_punk_rock",0.52
2166,"0ND3OzMoWDW8ciiobRGXxf","Yeah Yeah Yeahs;A-Trak","Pumpkin Patch Hits","Heads Will Roll - A-Trak Remix",0,383893,FALSE,0.607,-3.933,0,0.0845,0.00746,0.324,0.0699,0.78,131.982,4,16,"alt_punk_rock",0.47
2173,"4dI3UmOl7scnyCU4KgaaNO","grandson","20's Rock","In Over My Head",0,198365,TRUE,0.817,-6.475,1,0.0399,0.0017,0.0158,0.575,0.622,155.124,4,16,"alt_punk_rock",0.4
2174,"5cfct39EqJAkG0cqRaARz1","grandson","Alternative Rock Mixtape","Blood // Water",0,214520,FALSE,0.892,-5.633,0,0.139,0.00162,0.00177,0.148,0.629,154.004,4,16,"alt_punk_rock",0.55
2175,"04bNiW1CiMHWM0kSDvbLzp","grandson","All Out Alternative","Blood // Water",0,214520,FALSE,0.892,-5.633,0,0.139,0.00162,0.00177,0.148,0.629,154.004,4,16,"alt_punk_rock",0.1
2177,"6lVtX3nLHyWZP7aqU9HuVW","Yeah Yeah Yeahs","Halloween 2022","Heads Will Roll",0,221000,FALSE,0.903,-4.46,0,0.0296,0.000187,0.0939,0.298,0.791,132.013,4,16,"alt_punk_rock",0.39
2183,"2mLYjGJ1Fl4qNept7opf7Y","Counting Crows","Rock Workout 2023","Mr. Jones",1,272733,FALSE,0.836,-5.556,1,0.0371,0.194,4.09e-06,0.182,0.73,141.612,4,16,"alt_punk_rock",0.27
2186,"3otBSe8dnJMNDRE9AhSm0T","Marilyn Manson","Pumpkin Patch Hits","The Beautiful People",0,222773,TRUE,0.948,-4.938,1,0.113,0.00404,0.0978,0.042,0.786,144.037,4,16,"alt_punk_rock",0.18
2195,"2Z2vcMJMq1SFmteHzxJoey","Marilyn Manson","Happy Haunted Halloween Tunes","The Beautiful People",1,222773,TRUE,0.948,-4.938,1,0.113,0.00404,0.0978,0.042,0.786,144.037,4,16,"alt_punk_rock",0.17
2199,"34kHexFdmug6nYZzkz3hc0","Babasónicos","noches de lluvia","Como Eran Las Cosas",0,242520,FALSE,0.448,-9.099,1,0.0333,0.452,2.43e-05,0.0904,0.569,95.004,4,16,"alt_punk_rock",0.32
2233,"13qGcgZe2DoDxPwXbbcbTg","No Doubt","Los Clásicos del Pop 90s","Don't Speak",0,262746,FALSE,0.752,-5.439,0,0.0343,0.251,2.1e-05,0.142,0.554,76.07,4,16,"alt_punk_rock",0.38
2259,"11LmqTE2naFULdEP94AUBa","Nirvana","In Utero - 20th Anniversary - Deluxe Edition","Heart-Shaped Box",79,281160,FALSE,0.641,-10.283,1,0.0552,0.199,0.0329,0.0853,0.382,203.006,4,16,"alt_punk_rock",0.56
2267,"1Uu1dI6OcKWuMLLv8ki3lN","Smash Mouth","Workout Hits 2023","All Star",0,200373,FALSE,0.867,-5.881,1,0.032,0.0394,0,0.0861,0.776,104.02,4,16,"alt_punk_rock",0.18
2278,"7jeTJ7399PqgZvyfW1LrvK","Smash Mouth","Hits Pop Rock 90's","All Star",1,200373,FALSE,0.867,-5.881,1,0.032,0.0394,0,0.0861,0.776,104.02,4,16,"alt_punk_rock",0.45
2281,"5G4roC38WFtOEF5Jo7vLUR","Rob Zombie","Halloween Hits","Living Dead Girl",2,201400,FALSE,0.948,-5.579,0,0.0676,0.00512,0.0996,0.228,0.548,103.025,4,16,"alt_punk_rock",0.11
2283,"1nQYbtP8RwXxA7DwW6Kn38","Rob Zombie","Twisted Halloween Hits","Living Dead Girl",0,201400,FALSE,0.948,-5.579,0,0.0676,0.00512,0.0996,0.228,0.548,103.025,4,16,"alt_punk_rock",0.17
2287,"6VNgUdPze583ZMIqe9EAyF","Rob Zombie","Halloween Metal Nights","Dragula",1,222893,FALSE,0.978,-5.327,0,0.0548,8.55e-05,0.000141,0.0955,0.558,125.073,4,16,"alt_punk_rock",0.62
2299,"5XEYNhZdOT7QUfoXxVSdbu","The Verve","Обратно в клас - rock","Bitter Sweet Symphony - Remastered 2016",0,357266,FALSE,0.917,-6.005,1,0.0487,0.0336,0,0.406,0.523,171.172,4,16,"alt_punk_rock",0.15
2300,"0EfsDEYaSjGYd66Pr881nq","The Neighbourhood","Wiped Out!","Cry Baby",74,235160,FALSE,0.656,-4.891,0,0.0294,0.00269,2.78e-06,0.101,0.338,108.033,4,16,"alt_punk_rock",0.47
2304,"0KzAbK6nItSqNh8q70tb0K","Pixies","Death to the Pixies","Where Is My Mind?",77,229226,FALSE,0.442,-13.529,1,0.0343,0.00731,0.000838,0.0878,0.243,81.201,4,16,"alt_punk_rock",0.1
2306,"46gSk82duJtX3TTA182ruG","Franz Ferdinand","This fffire","This fffire - New Version",76,218080,FALSE,0.887,-5.943,0,0.1,0.0259,4.57e-06,0.0655,0.637,146.358,4,16,"alt_punk_rock",0.44
2310,"424GDxARRXRaZ7Mla9EDI2","Adam Jensen","The Mystic","The Mystic",68,189600,FALSE,0.72,-5.132,0,0.0415,0.358,0,0.146,0.405,125.324,4,16,"alt_punk_rock",0.59
2311,"7wCmS9TTVUcIhRalDYFgPy","Pixies","Surfer Rosa","Where Is My Mind? - Remastered",79,234973,FALSE,0.441,-14.178,1,0.0353,0.0204,0.000453,0.076,0.25,81.334,4,16,"alt_punk_rock",0.31
2313,"3cfOd4CMv2snFaKAnMdnvK","Smash Mouth","Astro Lounge","All Star",79,200373,FALSE,0.867,-5.881,1,0.032,0.0395,0,0.0861,0.776,104.019,4,16,"alt_punk_rock",0.45
2334,"7JOIlJ9KSPIr8SRK4zl8zj","Royal Blood","Alternative Rock Mixtape","Figure It Out",0,184053,FALSE,0.817,-4.415,1,0.0554,0.262,0.00679,0.248,0.651,107.992,4,16,"alt_punk_rock",0.22
2347,"7HQb4hccUNRrB7tqQht0MH","Los Prisioneros","Rock un sentimiento vol. I","Tren Al Sur",0,336933,FALSE,0.67,-7.218,0,0.051,0.00565,0.00676,0.0805,0.725,90.232,4,16,"alt_punk_rock",0.42
2349,"2XzziOT8OUGrDnnveRpxwI","Los Prisioneros","Fiesta temática 80s","Muevan Las Industrias",0,248893,FALSE,0.604,-14.24,0,0.037,0.12,0.496,0.0907,0.553,152.474,4,16,"alt_punk_rock",0.6
2355,"6G8xvLFNkXy3HM5EbQI6c8","lovelytheband","sail away","sail away",71,179000,FALSE,0.835,-4.655,1,0.029,0.25,0,0.0912,0.955,120.019,4,16,"alt_punk_rock",0.29
2361,"0OtXJQBLb7wPXL2XyN2cFW","Porcupine Tree","Deadwing","Lazarus",53,258586,FALSE,0.581,-6.074,1,0.0302,0.201,0.661,0.177,0.338,171.961,4,16,"alt_punk_rock",0.15
2362,"1b7DozY0xHWXU1T84Lck1z","Layto;Neoni","Ghost Town","Ghost Town",62,193846,FALSE,0.643,-5.656,1,0.053,0.0658,0,0.0937,0.528,130.099,4,16,"alt_punk_rock",0.56
2363,"0eNfURq0r0oNSwFyw1VuVT","The 1975","Being Funny In A Foreign Language","Looking For Somebody (To Love)",72,178617,TRUE,0.957,-4.924,1,0.0687,0.0515,0.0014,0.144,0.917,170.91,4,16,"alt_punk_rock",0.39
2364,"4S80oe7OJnBVlhNrbQTnt3","The 1975","Being Funny In A Foreign Language","Part Of The Band",69,260148,FALSE,0.51,-8.216,1,0.0453,0.76,0.133,0.253,0.832,142.009,4,16,"alt_punk_rock",0.35
2371,"35BubUYbG7gQfwnVkg58zW","Grouplove","All Out Alternative","Tongue Tied",0,218013,FALSE,0.936,-5.835,1,0.0439,0.00832,0,0.161,0.371,112.96,4,16,"alt_punk_rock",0.47
2376,"5KZl7Cymt0Vm6ol0ErO2Sp","Bishop Briggs","Pop & Halloween","Dead Man's Arms",0,245173,FALSE,0.508,-5.996,0,0.0318,0.233,0,0.0993,0.236,134.577,4,16,"alt_punk_rock",0.27
2383,"4ITIaQ64inKaI9rjRoNcLo","Bishop Briggs","Обратно в клас - rock","River",0,214280,FALSE,0.484,-6.708,0,0.0477,0.274,2.42e-06,0.0874,0.561,62.492,4,16,"alt_punk_rock",0.58
2386,"5wSagCWflNwJ1xM59ZKw6O","Pato Fu","Gol de Quem?","Sobre o Tempo",52,207533,FALSE,0.551,-12.294,1,0.0427,0.00731,0.123,0.144,0.427,94.946,4,16,"alt_punk_rock",0.51
2390,"4OEbwdy2hgYXxShjhLtF0e","TobyMac","Santa's Christmas List","Bring On The Holidays",0,205482,FALSE,0.723,-6.537,1,0.0298,0.0908,1.46e-05,0.047,0.329,124.98,4,16,"alt_punk_rock",0.16
2422,"1aKSNq3Skm9MIIksjx5bFy","Charlie Brown Jr.","De 1997 A 2007","Vícios E Virtudes - Ao Vivo",51,189413,FALSE,0.916,-7.516,1,0.0921,0.024,0.000381,0.988,0.622,93.065,4,16,"alt_punk_rock",0.36
2431,"646ekuSJ0o56hmG8gWjSUh","Jet","Timeless Rock Hits","Are You Gonna Be My Girl",1,215000,FALSE,0.95,-3.358,1,0.0848,0.00167,0.000388,0.154,0.577,105.267,4,16,"alt_punk_rock",0.37
2446,"2panoBuJZ4gZWvMwycOoRO","Los Bunkers","Modo trabajación","Ángel Para Un Final",0,243160,FALSE,0.654,-3.858,0,0.0331,0.025,0,0.219,0.452,181.893,3,16,"alt_punk_rock",0.36
2451,"60F6pgM6H6miNr5AmjxwjL","The Neighbourhood","Fallen Star","Fallen Star",70,224938,FALSE,0.551,-6.259,0,0.0304,0.0696,0.0976,0.192,0.439,75.001,4,16,"alt_punk_rock",0.57
2458,"6XcfKZvJio9Z0fQy11GnNX","lovelytheband","finding it hard to smile","broken",70,204878,FALSE,0.728,-5.808,1,0.0419,0.00175,4.26e-06,0.0429,0.51,122.996,4,16,"alt_punk_rock",0.24
2465,"6hypt8VPJxeMXTTcRUHS86","The Score","Pressure","Glory",60,166693,FALSE,0.613,-5.055,1,0.0318,0.111,3.22e-06,0.0825,0.48,84.951,4,16,"alt_punk_rock",0.34
2470,"1qUHD9oPIMFHKpR12NY2KC","Thousand Foot Krutch","The End Is Where We Begin","War of Change",67,231665,FALSE,0.887,-4.417,0,0.0329,0.00261,0.000512,0.0657,0.626,104.055,4,16,"alt_punk_rock",0.68
2471,"7x8dCjCr0x6x2lXKujYD34","Foo Fighters","Echoes, Silence, Patience & Grace","The Pretender",79,269373,FALSE,0.959,-4.04,1,0.0431,0.000917,0,0.028,0.365,172.984,4,16,"alt_punk_rock",0.24
2514,"3zjjzKg16tczCMwckGKGuH","Weathers","Happy Pills","Happy Pills",71,203080,FALSE,0.885,-4.934,0,0.125,0.00327,0.00904,0.324,0.344,115.985,4,16,"alt_punk_rock",0.12
2532,"1KGcPOVdYPrzEGYfLBz3hY","Bandalos Chinos;Adan Jodorowsky","Alternativo diferente latino","Departamento",0,234866,FALSE,0.674,-5.769,1,0.0464,0.311,0.00194,0.359,0.739,125.016,4,16,"alt_punk_rock",0.33
2544,"6DaHEkkaHiAhRZVEFZOMJ8","P.O.D.","Metal","Alive - Chris Lord-Alge Mix",0,205026,FALSE,0.95,-3.985,1,0.0769,1.21e-05,0.000217,0.314,0.553,80.919,4,16,"alt_punk_rock",0.53
2565,"2MobJagQB0dGJoRqI8OT0m","Matt Redman","Sing Like Never Before: The Essential Collection","10,000 Reasons (Bless The Lord) [Radio Version] - Radio Version/Live",65,256933,FALSE,0.561,-7.091,1,0.0271,0.0839,0,0.0998,0.306,144.783,4,16,"alt_punk_rock",0.14
2573,"29fm3WWIiHmHIaMX2tK2aH","Caifanes","Caifanes","Te Estoy Mirando",48,224693,FALSE,0.957,-3.951,1,0.0562,0.335,0.0104,0.0934,0.683,113.867,4,16,"alt_punk_rock",0.19
2574,"6JMRXqVpDD1Xu2lAoFOVbS","O Rappa","O Rappa - Acústico Oficina Francisco Brennand (Deluxe) [Ao Vivo]","Rodo cotidiano - Ao vivo",48,207197,FALSE,0.896,-5.206,1,0.0887,0.186,0.00019,0.965,0.392,128.21,4,16,"alt_punk_rock",0.19
2576,"0BRtjY6BHMic4e901yeGil","Divididos","Amapola del 66","La Flor Azul",49,160533,FALSE,0.677,-10.254,0,0.0872,0.593,9.24e-06,0.302,0.754,89.581,1,16,"alt_punk_rock",0.35
2598,"5le94AmYDEMG15R5iRfgxJ","Divididos","Rock x siempre","Ala Delta",0,354746,FALSE,0.622,-12.245,1,0.031,0.00208,0.162,0.147,0.734,156.415,4,16,"alt_punk_rock",0.42
2610,"0z1o5L7HJx562xZSATcIpY","Radiohead","OK Computer","Exit Music (For A Film)",73,267186,FALSE,0.276,-11.357,0,0.0349,0.224,0.122,0.167,0.195,121.603,4,16,"alt_punk_rock",0.67
2614,"43jdwv0eTXxB2NsAiDTqxh","Goodnight Fellows","Hopeless Romance","Hopeless Romance",36,211070,FALSE,0.349,-10.85,1,0.0406,0.0329,0,0.0669,0.798,171.993,4,16,"alt_punk_rock",0.19
2630,"2VTgVKaabe96ezuyDW5ugq","Charlie Brown Jr.;RZO","Acústico (Ao Vivo)","A Banca (Ratatá É Bicho Solto) - Ao Vivo",47,240200,FALSE,0.898,-5.109,0,0.25,0.551,0,0.81,0.827,109.246,4,16,"alt_punk_rock",0.37
2632,"0HdKT77fmQMoU0mAjHs7O0","Atreyu","Release Your ANGER","Anger Left Behind",0,203547,FALSE,0.987,-3.331,1,0.209,0.0585,0.000144,0.0855,0.25,155.05,4,16,"alt_punk_rock",0.18
2634,"3tB9hk5uxd7P1vZjpjzmLX","Tan Bionica","Destinologia","Música",47,325240,FALSE,0.882,-4.378,1,0.0283,0.0175,0.00037,0.24,0.535,119.959,4,16,"alt_punk_rock",0.17
2654,"7h6lpVuSGPW6RNjDXKpYDh","The 1975","I like it when you sleep, for you are so beautiful yet so unaware of it","The Sound",63,248879,FALSE,0.936,-4.745,1,0.0762,0.085,6.93e-06,0.482,0.566,120.708,4,16,"alt_punk_rock",0.32
2659,"738SQjONa0q63yhLxvg3m1","Zayde Wølf","Modern Alchemy","Gladiator",61,188333,FALSE,0.78,-5.872,1,0.0418,0.0263,7.12e-06,0.35,0.514,144.011,4,16,"alt_punk_rock",0.46
2661,"51TG9W3y9qyO8BY5RXKgnZ","Megadeth","Countdown To Extinction","Symphony Of Destruction",74,246733,FALSE,0.891,-5.452,0,0.0587,0.000805,0.0928,0.0657,0.51,139.903,4,16,"alt_punk_rock",0.26
2669,"019GjjVqU4lNg4QnZzRjUd","LCD Soundsystem","Maintain Your Mojo","Losing My Edge",0,470215,FALSE,0.978,-5.989,0,0.0664,0.000321,0.453,0.348,0.89,116.169,4,16,"alt_punk_rock",0.15
2697,"4wjKsLqJqLYBzaEO7iD4Fp","White Zombie","Halloween Metal Nights","More Human Than Human",0,269693,TRUE,0.961,-5.568,1,0.0829,0.000425,0.423,0.105,0.537,101.368,4,16,"alt_punk_rock",0.57
2699,"23bUtNc4PUyHNrYNolzMPq","White Zombie","Spooky Scary Season","I'm Your Boogieman - From ""The Crow: City Of Angels"" Soundtrack",0,267573,FALSE,0.985,-3.715,1,0.111,0.00113,0.0102,0.223,0.446,113.934,4,16,"alt_punk_rock",0.38
2703,"2EtDBM1HREttw143IwZvJ0","The Score;blackbear","Pressure","Dreamin (with blackbear)",59,198640,TRUE,0.726,-3.947,0,0.108,0.00252,0,0.0745,0.616,79.967,4,16,"alt_punk_rock",0.17
2709,"7kzKAuUzOITUauHAhoMoxA","The Strokes","Is This It","Last Nite",74,193506,FALSE,0.91,-5.703,1,0.0297,0.0285,0.000198,0.0789,0.767,104.042,4,16,"alt_punk_rock",0.29
2714,"7AtcBzm8ywaQpifSqRdyPH","Lupa","Oi :)","Oi :)",46,159428,FALSE,0.679,-8.993,1,0.0349,5.71e-05,0.555,0.12,0.587,139.998,4,16,"alt_punk_rock",0.31
2721,"56sk7jBpZV0CD31G9hEU3b","Three Days Grace","One-X","Animal I Have Become",74,231400,FALSE,0.853,-3.668,1,0.0339,0.000684,0,0.126,0.506,122.023,4,16,"alt_punk_rock",0.38
2730,"6P3phrVqOebNtYo1uEyRJY","Bombay Bicycle Club","Frühstücksmusik Herbst/Winter 2022/2023","Always Like This",0,245640,FALSE,0.613,-6.698,1,0.0321,0.423,0.000754,0.0872,0.679,121.437,4,16,"alt_punk_rock",0.33
2734,"1SjK3fJFkEGuvGpwFvg3y9","Pato Fu","Ruido Rosa","Ando Meio Desligado",46,208973,FALSE,0.661,-8.097,0,0.0356,0.0621,5.15e-06,0.363,0.614,143.129,4,16,"alt_punk_rock",0.45
2739,"69s1IPlLiKxXcJtdZzafct","Type O Negative","Metal","I Don't Wanna Be Me",0,308826,FALSE,0.977,-8.651,0,0.15,0.0243,0.604,0.0931,0.0449,100.552,4,16,"alt_punk_rock",0.27
2755,"7AOdyU64RafmvJUL4WMotN","X Ambassadors;Erich Lee","Me Before You (Original Motion Picture Soundtrack)","Unsteady - Erich Lee Gravity Remix",64,204586,FALSE,0.574,-7.431,1,0.0435,0.0112,1.61e-05,0.343,0.0736,116.679,4,16,"alt_punk_rock",0.18
2757,"5UYYQuk6SjY3S892UuLXE3","Zayde Wølf","Rare Breed","Heroes",59,222413,FALSE,0.714,-4.529,0,0.0391,0.257,0,0.0683,0.312,86.926,4,16,"alt_punk_rock",0.58
2769,"13DqxJiOQYYbgcFVhd8Rtk","Birileri","...aynı yer","...aynı yer",46,213033,FALSE,0.414,-10.369,0,0.0322,0.165,2.13e-05,0.229,0.692,88.978,4,16,"alt_punk_rock",0.41
2781,"4l4wZSPLrRwtIsvlq5JlG1","Los Hermanos","Ventura","Além do Que Se Vê",46,230746,FALSE,0.498,-7.171,0,0.031,0.286,0.000326,0.157,0.767,138.111,4,16,"alt_punk_rock",0.32
2787,"2drouoeVvVzz5cRfe9VK8W","Siouxsie and the Banshees","Halloween Songs | Witches Hour","Halloween",1,221466,FALSE,0.91,-7.097,1,0.08,0.0116,0.000518,0.212,0.364,171.75,4,16,"alt_punk_rock",0.43
2798,"6BttoLTTDMUFbbcFNQw121","Enjambre","Proaño","Rosa Náutica (Del Piso)",46,235586,FALSE,0.849,-6.357,0,0.0411,0.00489,0.589,0.157,0.136,132.65,4,16,"alt_punk_rock",0.08
2801,"5nQvUs9YQeg3vshSzydlRw","Foreign Air","Free Animal","Free Animal",57,180213,FALSE,0.583,-7.257,0,0.0433,0.0904,0,0.0937,0.406,80.002,4,16,"alt_punk_rock",0.3
2822,"7rVJVRNCAJkoQ2ta6E9fY2","NX Zero","Em Comum","Hoje O Céu Abriu",46,230773,FALSE,0.918,-3.38,1,0.0344,0.1,1.07e-06,0.115,0.595,101.919,4,16,"alt_punk_rock",0.26
2838,"4dUBeg6zboC0lTUS7TKXfs","Siouxsie and the Banshees","Halloween Hits","Spellbound",0,197106,FALSE,0.931,-6.348,1,0.0449,0.016,0,0.0772,0.295,148.813,4,16,"alt_punk_rock",0.47
2847,"26wc2F3aJGvc5SJgKt7Xt8","Panteon Rococo","Ofrenda","Te Vas a Acordar de Mí",45,193173,FALSE,0.808,-3.634,1,0.0686,0.0198,1.85e-06,0.056,0.685,141.032,4,16,"alt_punk_rock",0.25
2848,"5kW4weQet1sxEKE9wJngDJ","Mastodon","Top of the Rock","Teardrinker",0,320507,FALSE,0.979,-3.836,1,0.0485,9.8e-06,0.119,0.123,0.227,127.006,4,16,"alt_punk_rock",0.46
2853,"2rtGaCAeYtmcIvuZsvgTf6","Radiohead","Kid A","How to Disappear Completely",67,356333,FALSE,0.302,-11.644,0,0.0345,0.316,0.797,0.11,0.19,102.026,4,16,"alt_punk_rock",0.36
2860,"1BH3rSiixIJhXe3viUeMAN","Saint Chaos;Sam Tinnesz","Seeing Red","Walk",60,170210,FALSE,0.883,-3.815,0,0.0694,0.0178,0,0.481,0.796,121.963,4,16,"alt_punk_rock",0.29
2877,"2cmrWW2lEdV9Cg3kJK0V4h","División Minúscula","Laberintos","Laberintos",46,201240,FALSE,0.969,-5.107,0,0.07,0.00377,0,0.15,0.709,215.513,4,16,"alt_punk_rock",0.34
2890,"5eK0UAeymUyyXILUAefcj5","Pescado Rabioso","Lo Mejor de Pescado Rabioso","Me Gusta Ese Tajo",45,145373,FALSE,0.717,-8.16,0,0.0487,0.00159,0.793,0.213,0.673,157.436,3,16,"alt_punk_rock",0.61
2904,"6e7HeiJ73JX3VWTWsElnIr","The Score","Stay","In My Bones",55,169121,FALSE,0.678,-7.422,0,0.0289,0.000133,0.00114,0.132,0.453,84.076,4,16,"alt_punk_rock",0.21
2909,"3LBLmC8gqvt1l43kdpx43w","The Score","Metamorph","Enemies",60,161592,FALSE,0.832,-5.96,0,0.0323,0.00967,2.94e-05,0.132,0.3,155.061,4,16,"alt_punk_rock",0.38
2915,"4diMr8l7HCK1OdrQM3LAzq","Red Hot Chili Peppers","Return of the Dream Canteen","Afterlife",63,254301,FALSE,0.866,-5.258,0,0.0352,0.00623,0.039,0.0414,0.824,93.104,4,16,"alt_punk_rock",0.4
2916,"1lATXTBJDHwawvT1UfxWu3","TOOL","10,000 Days","The Pot",69,381946,TRUE,0.79,-6.889,1,0.0391,0.000148,0.372,0.282,0.466,107.45,4,16,"alt_punk_rock",0.59
2917,"27L8sESb3KR79asDUBu8nW","Fountains Of Wayne","Welcome Interstate Managers","Stacy's Mom",76,197986,FALSE,0.75,-4.927,0,0.0412,0.00207,1.78e-05,0.0808,0.927,118.015,4,16,"alt_punk_rock",0.36
2919,"1TmBaKkDUu0akM9xzSxRia","Red Hot Chili Peppers","Return of the Dream Canteen","Bag of Grins",62,306434,FALSE,0.812,-6.244,1,0.0553,0.0106,0.0116,0.201,0.303,112.648,4,16,"alt_punk_rock",0.16
2923,"18QN5s8wxFP61qsKPLiBue","Sanctus Real","My God Is Still The Same","My God Is Still The Same",66,205146,FALSE,0.821,-5.146,1,0.136,0.0129,0,0.357,0.398,164.154,4,16,"alt_punk_rock",0.26
2924,"0VCpgkuUgYee2tWLVlSf6O","Inhaler","The Greatest Rock Tunes 2022","Totally",0,236146,FALSE,0.718,-7.494,1,0.0262,0.000303,0.00125,0.0863,0.371,97.029,4,16,"alt_punk_rock",0.55
2929,"56AD3PBYdPepniv4VtsV7s","Yüzyüzeyken Konuşuruz","Evdekilere Selam","Kendi Evimde Deplasmandayım",44,274773,FALSE,0.717,-7.727,0,0.138,0.347,0,0.225,0.838,182.498,4,16,"alt_punk_rock",0.19
2931,"1lSSSGxlchhDCPzL7LXk4Z","Los Bunkers","Grandes Exitos","Miño",45,244666,FALSE,0.906,-4.808,1,0.0284,0.0648,5.91e-05,0.255,0.839,105.706,4,16,"alt_punk_rock",0.13
2932,"2NXYLpZdCZ6qaqZlaMpDMd","Luis Alberto Spinetta","Mondo Di Cromo","No Te Alejes Tanto De Mí",45,209893,FALSE,0.292,-18.026,1,0.0404,0.164,0.00185,0.153,0.696,120.802,4,16,"alt_punk_rock",0.09
2935,"0x37bUHqB4qJrJSr8iR2pO","Inhaler","Hidden Gems","Cheer Up Baby",0,233906,FALSE,0.914,-6.382,1,0.0416,0.00124,0.000125,0.0978,0.326,142.978,4,16,"alt_punk_rock",0.38
2937,"0Ki1LxOG8z8ywTCcUT3ugq","Los Caligaris","Transpirando Alegría","Tyson",45,196207,FALSE,0.884,-3.359,1,0.0757,0.0469,0,0.315,0.657,156.021,4,16,"alt_punk_rock",0.19
2940,"7hzeu43gNUoHwh5CQrl3Jk","Molotov","Un Tributo","Payaso",45,230026,FALSE,0.896,-5.035,0,0.232,0.35,1.29e-05,0.367,0.396,104.949,4,16,"alt_punk_rock",0.07
2947,"67AUQswwoIM2Opd0bhBEcc","Fidel Nadal","Emocionado","Necesito Tu Amor",45,254413,FALSE,0.827,-4.011,1,0.0325,0.00837,1.85e-05,0.226,0.781,144.081,4,16,"alt_punk_rock",0.31
2950,"2DFi8rwHcVkTTgu7PULhtI","Saint Motel","My Type","My Type",68,206393,FALSE,0.897,-2.94,1,0.0462,0.0641,5.24e-05,0.0628,0.578,118,4,16,"alt_punk_rock",0.61
2961,"2bPGTMB5sFfFYQ2YvSmup0","Rammstein","Rammstein","Deutschland",77,322339,FALSE,0.895,-5.242,1,0.0442,5.54e-05,0.349,0.0985,0.237,120.117,4,16,"alt_punk_rock",0.84
2983,"0UvMeaPWStJGuXMe89bAoJ","Inspector;Panteon Rococo","A2Í 5Uena!, Vol 2","Amargo Adios",45,241171,FALSE,0.845,-6.05,0,0.0389,0.0282,0,0.0749,0.858,74.992,4,16,"alt_punk_rock",0.39
2986,"6aw5G0HhAmyqM2OlqjTjOb","The Adams","The Adams","Waiting",45,239386,FALSE,0.915,-4.737,1,0.0685,0.00108,0.000338,0.231,0.626,139.927,4,16,"alt_punk_rock",0.13
2988,"2aaClnypAakdAmLw74JXxB","Sepultura","Metal","Arise",0,198226,FALSE,0.961,-6.765,0,0.0931,1.52e-05,0.0548,0.0916,0.159,115.336,4,16,"alt_punk_rock",0.3
2993,"3CI0tvulxpMSMAPNCgqTMU","Lucybell","Lucybell","Sembrando En El Mar",44,231026,FALSE,0.847,-9.639,1,0.0516,0.00106,0.498,0.289,0.403,98.561,4,16,"alt_punk_rock",0.27
3002,"2K7xn816oNHJZ0aVqdQsha","The Neighbourhood","Hard To Imagine The Neighbourhood Ever Changing","Softcore",86,206280,FALSE,0.568,-5.509,0,0.03,0.0484,0.000417,0.286,0.37,93.986,4,8,"alt_electronic_pop",0.65
3003,"2QjOHCTQ1Jl3zawyYOpxh6","The Neighbourhood","I Love You.","Sweater Weather",93,240400,FALSE,0.807,-2.81,1,0.0336,0.0495,0.0177,0.101,0.398,124.053,4,8,"alt_electronic_pop",0.75
3013,"6CqHve8qCxKzEd3ciOy6xj","Slipknot","Rock Brandneu","Yen",3,285315,FALSE,0.934,-4.428,1,0.107,0.000885,0.0297,0.36,0.319,137.005,4,8,"alt_electronic_pop",0.63
3015,"6syz0SJTv8ZNCNxaOnvMtb","Gorillaz","Maintain Your Mojo","Clint Eastwood",3,340920,TRUE,0.694,-8.627,0,0.171,0.0253,0,0.0698,0.525,167.953,4,8,"alt_electronic_pop",0.51
3027,"6QvYmrqFKRSVrcVgvoA7Ar","Red Hot Chili Peppers","All That Really Matters - Just Hits","Tippa My Tongue",4,260808,FALSE,0.913,-6.52,0,0.0409,0.00861,0.0273,0.114,0.795,88.418,4,8,"alt_electronic_pop",0.47
3028,"58yD1ZePlS6V4gImXGV8Ed","Red Hot Chili Peppers","Daily Pop Mix","Tippa My Tongue",0,260808,FALSE,0.913,-6.52,0,0.0409,0.00861,0.0273,0.114,0.795,88.418,4,8,"alt_electronic_pop",0.42
3036,"47dUWyurHWefCpINwcvit2","Red Hot Chili Peppers","Pop Hits Now","Black Summer",0,232412,FALSE,0.682,-5.071,1,0.0295,0.0267,0.000669,0.109,0.351,105.542,4,8,"alt_electronic_pop",0.85
3041,"315FrAki9HoxEdG8CQuZhD","The Killers","Mirando las nubes","Mr. Brightside",0,223973,FALSE,0.931,-3.759,1,0.0783,0.00104,0,0.0903,0.251,148.104,4,8,"alt_electronic_pop",0.89
3045,"7GEQkaJPZmph6xtzXFNWxn","The Killers","Alternative Christmas 2022","Joy Ride - Night Version",0,436413,FALSE,0.935,-4.563,1,0.0445,0.00285,0.781,0.352,0.69,118.999,4,8,"alt_electronic_pop",0.85
3049,"02ocOpp3OlYjjFvhvBDljE","Slipknot","Metal Lives!","Duality",0,252613,FALSE,0.982,-3.026,0,0.168,0.000237,0.000301,0.204,0.194,143.79,4,8,"alt_electronic_pop",0.7
3052,"4gHnSNHs8RyVukKoWdS99f","Nirvana","Nevermind (Remastered)","Something In The Way",76,232146,FALSE,0.201,-13.044,1,0.0317,0.745,0.263,0.109,0.0668,105.218,4,8,"alt_electronic_pop",0.52
3053,"4wfyFIRnxdIN0v4OGtXcX3","Linkin Park","Minutes to Midnight","What I've Done",58,205613,FALSE,0.93,-5.285,1,0.0324,0.0141,1.64e-06,0.138,0.287,120.119,4,8,"alt_electronic_pop",0.72
3057,"35dGLgPbz4j896kxOaVS27","Oliver Tree;Robin Schulz","Upbeat Pop","Miss You",0,206000,TRUE,0.742,-6.64,0,0.0529,0.0128,0.00107,0.146,0.199,145.007,4,8,"alt_electronic_pop",0.61
3061,"1Pw6eI2cLqAFc6HkpXt38i","Oliver Tree","Tek It - New Noise","I Hate You",3,162877,FALSE,0.67,-6.448,1,0.0985,0.00474,0,0.0922,0.525,75.981,4,8,"alt_electronic_pop",0.63
3066,"1tLemH0qMIlgVyijet0z3S","Oliver Tree","Relaxing Pop","Life Goes On",2,161803,FALSE,0.49,-5.187,1,0.076,0.186,0,0.117,0.569,79.982,4,8,"alt_electronic_pop",0.8
3067,"6s2tPtqrO3yzNR84vcMMU0","Oliver Tree","Indie Chill Out","Cowboys Don't Cry",3,189969,FALSE,0.638,-7.215,1,0.0561,0.217,0,0.324,0.457,87.956,4,8,"alt_electronic_pop",0.39
3068,"1v3rsZZAH13mnXEEz3AEL5","Dominic Fike;Zendaya","Autumn Vibe","Elliot’s Song - From ""Euphoria"" An HBO Original Series",1,152144,FALSE,0.266,-17.251,1,0.146,0.831,0,0.113,0.388,184.14,4,8,"alt_electronic_pop",0.59
3071,"1CWoIqBEZLUsB9wjZyjRkg","Oliver Tree","All Out Alternative","Placeholder",4,159818,FALSE,0.696,-4.361,1,0.0336,0.0346,0,0.374,0.421,82.489,4,8,"alt_electronic_pop",0.74
3087,"4fvKqLGqlsj7giLICaxTXl","Julieta Venegas","Éxitos del Pop en Español de los Años 2000","Limón y Sal",0,205213,FALSE,0.653,-5.967,1,0.0257,0.124,0,0.346,0.605,110.972,4,8,"alt_electronic_pop",0.69
3099,"0nI0q4NuoOIskGNRizI6vs","Korn","Metal Lives!","Rotting in Vain",0,213000,TRUE,0.946,-4.792,1,0.0602,0.000121,2.53e-05,0.359,0.31,106.276,4,8,"alt_electronic_pop",0.63
3105,"7oMO1B9CB4ZPYPLeVe32OY","R.E.M.","90's Music Grandi Successi","Losing My Religion",0,268426,FALSE,0.854,-5.051,0,0.0295,0.179,1.2e-06,0.0986,0.803,125.637,4,8,"alt_electronic_pop",0.69
3106,"7yI7YDsXGrwUX8sFTXXnVV","Weezer","Los Clásicos del Pop 90s","Say It Ain't So",1,258825,FALSE,0.551,-7.136,1,0.0354,0.00743,1.82e-05,0.07,0.451,151.779,4,8,"alt_electronic_pop",0.63
3111,"6Byuke1Ac5qWJHFgzu7byM","Weezer","Rock - Best of 2022","Records",4,208920,FALSE,0.773,-5.119,1,0.0244,0.000901,0,0.194,0.66,100.006,4,8,"alt_electronic_pop",0.59
3112,"6buVxRwPapLwrXwIsTiSfm","Disturbed","Metal","Hey You",0,268481,FALSE,0.982,-3.496,1,0.0727,4.72e-05,4.28e-05,0.0447,0.507,103.033,4,8,"alt_electronic_pop",0.57
3120,"2q9STTSwMoEVLyvlNZyOdA","Weezer","Rock Brandneu","Records",0,208920,FALSE,0.773,-5.119,1,0.0244,0.000901,0,0.194,0.66,100.006,4,8,"alt_electronic_pop",0.57
3122,"65mksf4l4ShgosppsGHoVR","Weezer","90's Music Grandi Successi","Buddy Holly",0,159226,FALSE,0.921,-4.606,1,0.0369,0.00264,0.000205,0.117,0.775,121.141,4,8,"alt_electronic_pop",0.66
3127,"03I89EqsberXEAapUd1yWu","Weezer;AJR","Here to Forever - All New Indie","All My Favorite Songs",0,170720,FALSE,0.7,-6.47,1,0.0277,0.00998,0,0.116,0.588,84.962,4,8,"alt_electronic_pop",0.62
3133,"2YIm6Yfa0C3IxkRHDQdk1d","Skillet","Top of the Rock","Surviving the Game",0,238870,FALSE,0.979,-3.593,1,0.0597,0.000666,0,0.084,0.432,103.996,4,8,"alt_electronic_pop",0.78
3143,"3xpTUiMi6HdL0dWEKQdUTT","Mon Laferte;Enrique Bunbury","noches de lluvia","Mi Buen Amor",0,227586,FALSE,0.533,-4.633,1,0.0271,0.589,5.01e-06,0.136,0.283,98.741,3,8,"alt_electronic_pop",0.79
3149,"7mntHnF2frXuZwFAp8ouCB","Weezer","Alternative Christmas 2022","We Wish You A Merry Christmas",0,84973,FALSE,0.786,-4.127,1,0.0436,0.0195,0,0.123,0.462,149.806,3,8,"alt_electronic_pop",0.67
3151,"4m0q0xQ2BNl9SCAGKyfiGZ","The 1975","I like it when you sleep, for you are so beautiful yet so unaware of it","Somebody Else",73,347525,TRUE,0.793,-5.711,1,0.0601,0.204,0.0154,0.126,0.459,101.015,4,8,"alt_electronic_pop",0.63
3155,"3SWqGa1J0M7hSBUDM0KePD","The Score","ATLAS","Legend",71,189120,FALSE,0.757,-3.341,1,0.028,0.0139,8.85e-05,0.0727,0.462,82.001,4,8,"alt_electronic_pop",0.58
3157,"1EQFOouqdKYdpbNoOHRVO2","GAYLE","abcdefu (angrier)","abcdefu (angrier)",72,159836,TRUE,0.599,-6.18,1,0.0405,0.0658,0,0.101,0.448,121.849,3,8,"alt_electronic_pop",0.55
3161,"22tX97U8EfPWu1cFoqKowu","GAYLE","Coffee Moment","god has a sense of humor",0,170771,FALSE,0.45,-8.072,1,0.0687,0.622,0,0.242,0.368,65.252,4,8,"alt_electronic_pop",0.63
3168,"2FphpfBhQgCJ8dgId2WN9o","GAYLE","It's You - Fresh Hits","abcdefu",0,168601,TRUE,0.54,-5.692,1,0.0493,0.299,0,0.367,0.415,121.932,4,8,"alt_electronic_pop",0.55
3169,"1XPAphgEXCVkWMpGx3aF8U","GAYLE","Give You Love - Cozy Hits","abcdefu (chill)",0,176765,TRUE,0.429,-7.687,0,0.0334,0.0405,0,0.23,0.195,112.899,4,8,"alt_electronic_pop",0.62
3175,"340BPA00CljfaZLOnRHmz2","GAYLE","Hit After Hit","abcdefu",0,168601,TRUE,0.54,-5.692,1,0.0493,0.299,0,0.367,0.415,121.932,4,8,"alt_electronic_pop",0.58
3188,"10UmwJAOxFM9XdTp6stN1i","Evanescence","Halloween Spooky Party 2022","Bring Me To Life",0,235893,FALSE,0.943,-3.188,0,0.107,0.00721,2.06e-06,0.242,0.298,189.985,4,8,"alt_electronic_pop",0.27
3198,"6w1n5rbFLWKscpvAbYGOru","R.E.M.","80s Bangers Vol. 2","It's The End Of The World As We Know It (And I Feel Fine)",0,246933,FALSE,0.894,-8.638,1,0.037,0.0258,0,0.0251,0.797,205.528,4,8,"alt_electronic_pop",0.61
3199,"5j8hhWf7dxILKgMsRSScbM","Zoé","Alternativo diferente latino","Poli / Love - En Vivo",0,256359,FALSE,0.722,-7.794,1,0.0327,0.101,2.83e-05,0.958,0.257,91.267,4,8,"alt_electronic_pop",0.65
3209,"3BrWLBC4WYx393yRUOlTih","THE ANXIETY;WILLOW;Tyler Cole","Meet Me At Our Spot (Live)","Meet Me At Our Spot - Live",67,147828,TRUE,0.475,-7.035,1,0.0345,0.159,3.9e-06,0.103,0.391,94.987,4,8,"alt_electronic_pop",0.48
3217,"3dPQuX8Gs42Y7b454ybpMR","The White Stripes","Elephant","Seven Nation Army",84,232106,FALSE,0.446,-7.807,0,0.0683,0.0039,0.118,0.337,0.278,123.596,4,8,"alt_electronic_pop",0.66
3221,"6VuztO5yaKP4VjqSkZxpan","Ashes Remain","What I've Become","On My Own",69,172960,FALSE,0.871,-4.313,1,0.0393,0.0119,0,0.318,0.575,176.026,4,8,"alt_electronic_pop",0.69
3225,"6onok9bXmlQDiHNt1eWZnN","Freddie Gibbs;Moneybagg Yo","Ghetto Superstar - New Rap Classics","Too Much",2,188869,TRUE,0.696,-6.621,1,0.134,0.211,2.46e-06,0.133,0.414,115.067,4,8,"alt_electronic_pop",0.66
3233,"7Bcjjhemjq1HxoWkTw4X6O","Marilyn Manson","Halloween Spooky Party 2022","The Beautiful People",0,222773,TRUE,0.948,-4.938,1,0.113,0.00404,0.0978,0.042,0.786,144.037,4,8,"alt_electronic_pop",0.65
3242,"5u4jJAAD6jd0Z741eT7XGP","Volbeat","Twisted Halloween Hits","The Devil's Bleeding Crown",0,238653,FALSE,0.909,-4.612,1,0.041,1.62e-05,0.139,0.0442,0.209,109.653,3,8,"alt_electronic_pop",0.45
3246,"2UzNyk6tBmMaXf1dphGUo0","Volbeat","Halloween Metal Nights","The Devil's Bleeding Crown",0,238653,FALSE,0.909,-4.612,1,0.041,1.62e-05,0.139,0.0442,0.209,109.653,3,8,"alt_electronic_pop",0.45
3249,"2Ns9vtFyKhGoI0vCFLHQOR","Los Enanitos Verdes","Triste Hora","Eterna Soledad",0,174160,FALSE,0.403,-8.968,1,0.0245,0.328,0,0.171,0.148,81.661,4,8,"alt_electronic_pop",0.61
3270,"0lFWwbunLKOYOl7QZrhesY","Counting Crows","Alternative Christmas 2022","A Long December",0,297293,FALSE,0.59,-5.941,1,0.0284,0.508,0.00548,0.272,0.393,141.649,4,8,"alt_electronic_pop",0.5
3281,"4YZg4UXqhMoUM40aPNIX1v","Counting Crows;Vanessa Carlton","OO's Music Grandi Successi","Big Yellow Taxi",1,226826,FALSE,0.867,-4.329,1,0.0462,0.00199,0,0.206,0.821,88.04,4,8,"alt_electronic_pop",0.83
3295,"1955ZZJe1TzmSR0TomnNjI","Megadeth","Halloween Spooky Party 2022","Symphony Of Destruction",0,246733,FALSE,0.889,-5.452,0,0.0585,0.000794,0.0865,0.0657,0.506,139.903,4,8,"alt_electronic_pop",0.69
3315,"2iwsJcPB5HIVTuHHwdTNO4","Duman","Viral Şarkılar","Her Şeyi Yak",0,270280,FALSE,0.538,-6.79,1,0.0244,0.461,0,0.123,0.205,100.038,4,8,"alt_electronic_pop",0.65
3344,"3y4AS6cTOQBTnEsTbOUtIg","Andrés Calamaro;Juanes;Niño Josele","Música para casa","Enganchate Conmigo",0,225616,FALSE,0.646,-9.274,0,0.0667,0.576,2.13e-05,0.0978,0.785,87.891,4,8,"alt_electronic_pop",0.76
3390,"0cHFnnobCebrFG3PlfOkiR","Blur","Maintain Your Mojo","Song 2 - 2012 Remaster",0,121160,FALSE,0.789,-6.903,1,0.0676,0.00178,0.00708,0.0753,0.918,129.802,4,8,"alt_electronic_pop",0.6
3394,"0BaVcB3Mn8QgGUdEi2yqCb","Stone Temple Pilots","Timeless Rock Hits","Plush",1,310346,FALSE,0.954,-3.157,0,0.0467,0.0021,0,0.177,0.498,144.724,4,8,"alt_electronic_pop",0.56
3406,"5q1Lzfqem9a7uEd03KZ9Qb","Amaarae;Kali Uchis;Moliy","Autumn Vibe","SAD GIRLZ LUV MONEY - Remix",1,204763,TRUE,0.523,-8.052,0,0.0602,0.433,2.07e-05,0.113,0.319,110.02,4,8,"alt_electronic_pop",0.78
3410,"5waHhqlk8iTweFuHeZz9CZ","Bullet For My Valentine","Release Your ANGER","Stitches",5,301426,TRUE,0.941,-4.631,1,0.0824,5.72e-06,0.000756,0.323,0.331,100.007,4,8,"alt_electronic_pop",0.65
3431,"3F4M4WsRWSIaHL2Nio1S8E","Smash Mouth","90's Music Grandi Successi","All Star",0,200373,FALSE,0.867,-5.881,1,0.032,0.0394,0,0.0861,0.776,104.02,4,8,"alt_electronic_pop",0.62
3438,"13qGcgZe2DoDxPwXbbcbTg","No Doubt","Los Clásicos del Pop 90s","Don't Speak",0,262746,FALSE,0.752,-5.439,0,0.0343,0.251,2.1e-05,0.142,0.554,76.07,4,8,"alt_electronic_pop",0.54
3441,"7bg7JfJvKgKX1xTn1gGAki","Jimmy Eat World","Mirando las nubes","The Middle",0,166040,FALSE,0.848,-5.385,1,0.0529,0.0358,0,0.0676,0.928,162.151,4,8,"alt_electronic_pop",0.54
3442,"4QBuC8RxPzFPHPryVdnF0m","Fitz and The Tantrums","All Out Alternative","HandClap",0,193253,FALSE,0.836,-3.004,1,0.0427,0.00609,0.000157,0.0828,0.715,139.957,4,8,"alt_electronic_pop",0.54
3454,"0snQkGI5qnAmohLE7jTsTn","System Of A Down","Toxicity","Toxicity",81,218933,FALSE,0.873,-4.151,1,0.0536,0.000264,0.00249,0.204,0.48,116.68,3,8,"alt_electronic_pop",0.72
3458,"6hUwGTijdC5SRBY9nyQJrO","Snoh Aalegra","LUGNA LÅTAR","LOST YOU",0,177720,TRUE,0.468,-8.106,0,0.0702,0.524,0.000849,0.112,0.444,87.803,4,8,"alt_electronic_pop",0.73
3471,"79uAxWWq3OEL3H4wvlurIO","Rico Nasty;Flo Milli","Energy Hip Hop","Money",0,150652,TRUE,0.768,-4.813,0,0.0499,0.000605,0,0.372,0.554,124.011,4,8,"alt_electronic_pop",0.68
3473,"5IEYuPuSbReekSa8Jvx51t","Neon Trees","Pop Christmas 2022","Holiday Rock",0,177345,FALSE,0.818,-6.622,1,0.04,6.5e-05,0,0.354,0.684,148.173,4,8,"alt_electronic_pop",0.68
3474,"00gxx5tCbWPxr76vGNED8B","Neon Trees","Weihnachtspop 2022","Holiday Rock",0,177345,FALSE,0.818,-6.622,1,0.04,6.5e-05,0,0.354,0.684,148.173,4,8,"alt_electronic_pop",0.89
3484,"4ZbIwC19U5soz0akMfbUqD","Rob Zombie","Rock & Halloween","Living Dead Girl",2,201400,FALSE,0.948,-5.579,0,0.0676,0.00512,0.0996,0.228,0.548,103.025,4,8,"alt_electronic_pop",0.65
3492,"5vp6CNekMfEWWi8FtqUlKx","Rob Zombie","Halloween Spooky Party 2022","Living Dead Girl",0,201400,FALSE,0.948,-5.579,0,0.0676,0.00512,0.0996,0.228,0.548,103.025,4,8,"alt_electronic_pop",0.65
3496,"2i0hWBMyrOXnGv3jWji0Lw","Rob Zombie","Halloween Spooky Party 2022","Dragula",0,222893,FALSE,0.978,-5.327,0,0.0548,8.55e-05,0.000141,0.0955,0.558,125.073,4,8,"alt_electronic_pop",0.71
3497,"7y5uK11sbFNiNEafUvntSL","Rob Zombie","Halloween Scary Party","Dragula",0,222893,FALSE,0.978,-5.327,0,0.0548,8.55e-05,0.000141,0.0955,0.558,125.073,4,8,"alt_electronic_pop",0.84
3499,"3jcMkuNGMExEorJSML33D9","Rob Zombie","Halloween Metal Nights","Demon Speeding",0,224306,FALSE,0.809,-4.001,0,0.0328,0.000298,2.96e-06,0.156,0.409,133.984,4,8,"alt_electronic_pop",0.7
3504,"1YlulsUKDduOmC7WxvXYPW","Ruel","Free Time","Painkiller",71,213506,FALSE,0.42,-6.51,1,0.0542,0.0875,0,0.225,0.469,128.621,4,8,"alt_electronic_pop",0.8
3510,"4se25yP3bMpaMAlcxvyJ5Q","Cookiee Kawaii;Dear Silas","Vanice","Violin",67,109714,TRUE,0.875,-4.212,1,0.094,0.0695,0.000877,0.117,0.675,139.9,4,8,"alt_electronic_pop",0.5
3520,"149dWfm2AUDf6WIwJs2mDn","Janelle Monáe;Zoë Kravitz","New Pop Icons","Screwed",0,302491,TRUE,0.681,-7.582,0,0.0405,0.0442,0.000242,0.27,0.444,106.011,4,8,"alt_electronic_pop",0.32
3523,"2uLtcnTKpk0FFdNbqhT7tH","Mazzy Star","Los Clásicos del Pop 90s","Fade Into You",0,297160,FALSE,0.399,-11.011,1,0.0283,0.306,0.00119,0.0728,0.198,52.401,4,8,"alt_electronic_pop",0.44
3524,"5h34UBBKsOZaoFzmLds3by","Loyle Carner;Jorja Smith","Coffee Break","Loose Ends",0,256198,TRUE,0.676,-6.952,0,0.32,0.166,1.3e-05,0.103,0.365,90.96,4,8,"alt_electronic_pop",0.44
3532,"0SShlR5RlMpTzifqbPnVhl","La Roux","Halloween 2022","In For The Kill",0,250160,FALSE,0.973,-0.223,0,0.0435,0.00137,0,0.0851,0.894,150.063,4,8,"alt_electronic_pop",0.44
3536,"57E7YfHbw3SpJsQrEkQY1O","Janelle Monáe","Modern R&B Love","Make Me Feel",0,194230,TRUE,0.413,-7.399,1,0.18,0.136,0,0.334,0.699,115.036,4,8,"alt_electronic_pop",0.44
3545,"3NSLr0b5MRGgLM298WQjMZ","Fito Paez","Rock x siempre","11 Y 6",0,175720,FALSE,0.506,-7.945,1,0.0267,0.159,0,0.273,0.35,101.361,4,8,"alt_electronic_pop",0.44
3546,"67tATduRRXN0FrbOeyxyuH","The Verve","90's Music Grandi Successi","Bitter Sweet Symphony - Remastered 2016",0,357266,FALSE,0.917,-6.005,1,0.0487,0.0336,0,0.406,0.523,171.172,4,8,"alt_electronic_pop",0.88
3550,"0KzAbK6nItSqNh8q70tb0K","Pixies","Death to the Pixies","Where Is My Mind?",77,229226,FALSE,0.442,-13.529,1,0.0343,0.00731,0.000838,0.0878,0.243,81.201,4,8,"alt_electronic_pop",0.78
3557,"2M5t4tdhZ9W3Eys2HDCjbY","FKA twigs;The Weeknd","On Chill - Rap & RnB","tears in the club",0,196760,TRUE,0.717,-6.178,1,0.11,0.194,9.81e-05,0.0731,0.72,167.99,4,8,"alt_electronic_pop",0.66
3561,"4FVIHsnonPabmiAkoNKOJa","FKA twigs","New Grooves","killer",0,176876,FALSE,0.619,-7.035,0,0.21,0.168,0,0.272,0.757,78.763,4,8,"alt_electronic_pop",0.58
3567,"6BrLfEagscVPCOxQa0uNxG","FKA twigs;The Weeknd","20s Love Songs","tears in the club",1,196760,TRUE,0.717,-6.178,1,0.11,0.194,9.81e-05,0.0731,0.72,167.99,4,8,"alt_electronic_pop",0.77
3595,"7em6T7mETpDEzyPg2UArtk","Royal Blood","Rock Brandneu","Honeybrains",0,186847,FALSE,0.8,-5.243,1,0.101,0.00537,0,0.398,0.604,125.886,3,8,"alt_electronic_pop",0.77
3599,"5zLtABAGH8rxBXOyEgqCgl","Royal Blood","Timeless Rock Hits","Figure It Out",0,184053,FALSE,0.817,-4.415,1,0.0554,0.262,0.00679,0.248,0.651,107.992,4,8,"alt_electronic_pop",0.6
3610,"3ADpniwmJH56hAz01KnaxP","Sevyn Streeter","Drunken Wordz Sober Thoughtz","End Up",66,90023,TRUE,0.51,-8.11,0,0.119,0.463,0,0.176,0.716,72.519,4,8,"alt_electronic_pop",0.34
3615,"5VUQsLff8A3ruAyCdTxqzg","Casting Crowns","Casting Crowns","Who Am I",65,335906,FALSE,0.472,-7.552,1,0.0279,0.434,0,0.0684,0.193,134.027,4,8,"alt_electronic_pop",0.67
3622,"4BRlQ27PLKJtgnWGFISxOM","Bishop Briggs","Helloween Party","Dead Man's Arms",1,245173,FALSE,0.508,-5.996,0,0.0318,0.233,0,0.0993,0.236,134.577,4,8,"alt_electronic_pop",0.82
3625,"7pluJ15vmT0NZdX2lmIbBI","Third Eye Blind","Post-Millennial Noise","Deep Inside of You",0,250293,FALSE,0.558,-6.605,1,0.0238,0.00351,4.18e-05,0.0822,0.16,81.599,4,8,"alt_electronic_pop",0.71
3632,"3To5owsnumbjenW1G5j0VK","Los Prisioneros","Modo trabajación","Tren Al Sur",0,336933,FALSE,0.67,-7.218,0,0.051,0.00565,0.00676,0.0805,0.725,90.232,4,8,"alt_electronic_pop",0.54
3643,"41cQE0wfKFnNV9dteynr92","Los Prisioneros","Modo trabajación","Estrechez De Corazón",0,383573,FALSE,0.742,-8.08,1,0.034,0.00151,4.04e-06,0.15,0.46,130.271,4,8,"alt_electronic_pop",0.63
3652,"2wJ1eOCIBwoQiN7xQtrTAY","Ruel","GROWING UP IS _____","GROWING UP IS _____",67,233587,FALSE,0.729,-5.664,1,0.029,0.000983,0.000107,0.226,0.482,112.535,4,8,"alt_electronic_pop",0.78
3667,"2u9FerEIRu8IbfHUbPjERP","Sanctus Real","Changed","Confidence",58,181812,FALSE,0.818,-4.59,1,0.0427,0.0411,0,0.125,0.373,167.087,4,8,"alt_electronic_pop",0.73
3679,"675g81tQUHsYVwMoLo7Bq4","Royal & the Serpent","Internet Sensations","i can't get high",1,188141,TRUE,0.56,-7.499,0,0.0465,0.0946,6.33e-05,0.363,0.577,91.038,4,8,"alt_electronic_pop",0.52
3681,"1mOhRdYfCMLbyzrQPPcGMG","Los Caligaris","No Es Lo Que Parece","Añejo W",52,303878,FALSE,0.892,-5.065,0,0.0348,0.326,9.46e-06,0.346,0.829,142.046,4,8,"alt_electronic_pop",0.69
3689,"5L1WpemIJPb6U4f3ylBCLe","Sturgill Simpson","Chillin' It - Mellow Day Country","All Around You",0,215693,FALSE,0.562,-6.495,1,0.0298,0.123,0.165,0.136,0.513,185.718,3,8,"alt_electronic_pop",0.58
3695,"0YFPw3rQR1nSeyd3q0uY5h","Sturgill Simpson","Just Best Covers","In Bloom",0,240640,FALSE,0.366,-8.98,0,0.0311,0.0682,0.248,0.123,0.267,78.366,4,8,"alt_electronic_pop",0.41
3720,"0nkzd3yNniB767zSDDdLZ3","Skillet","Awake","Awake and Alive",69,209493,FALSE,0.939,-2.983,0,0.0593,0.0425,0,0.491,0.569,159.932,4,8,"alt_electronic_pop",0.75
3721,"63OQupATfueTdZMWTxW03A","Radiohead","OK Computer","Karma Police",76,264066,FALSE,0.501,-9.129,1,0.0258,0.0638,9.32e-05,0.172,0.324,74.807,4,8,"alt_electronic_pop",0.55
3724,"1ZLExfqDJGcoZfc6l1vDws","Flört","Cemiyette Pişiyoruz","Bir Tek Sen Gelmedin",49,261373,FALSE,0.7,-7.966,0,0.0302,0.00181,0.00248,0.291,0.707,145.943,4,8,"alt_electronic_pop",0.79
3731,"2mIla23uhGqqkdNtzqIg3r","Wolfmother","Kick It","Woman",0,177186,FALSE,0.94,-3.929,0,0.152,2.15e-05,0.124,0.154,0.223,151.296,4,8,"alt_electronic_pop",0.64
3735,"1xCMazcgI1g5lyfaGrxnN8","Moderatto","Perreo Tenebroso Vol. 3","Gracias",0,231719,FALSE,0.906,-4.791,1,0.0352,0.0286,4.66e-05,0.101,0.347,125.08,4,8,"alt_electronic_pop",0.56
3745,"063WxqGkf9CzQ4Ug4hipaR","Lil' Kim","The Hip Hop Collection","Lighters Up",0,262640,TRUE,0.764,-6.31,1,0.396,0.00494,0,0.107,0.719,91.73,4,8,"alt_electronic_pop",0.89
3773,"6lKRMylSZMtA7EqPl0pcdI","MARINA","The Family Jewels","Are You Satisfied?",71,198960,FALSE,0.712,-4.992,1,0.0412,0.303,0,0.0755,0.843,124.009,4,8,"alt_electronic_pop",0.68
3774,"3LhGRE7ZNOEZhrqazWMYRI","The Score","ATLAS (Deluxe)","Money Run Low",61,185466,FALSE,0.933,-3.978,0,0.0457,0.0203,0,0.306,0.798,134.048,4,8,"alt_electronic_pop",0.9
3779,"5g16JoBfDBqq3Rb5DvsYVX","Mahalia","Feeling Good - Adult Pop Favorites","BRB - Acoustic Version",0,152000,FALSE,0.251,-12.412,1,0.0473,0.807,0,0.108,0.627,79.956,5,8,"alt_electronic_pop",0.87
3784,"4z1N1HpvoBnptR3zP7Q8Ai","Highly Suspect","Rock - Best of 2022","Natural Born Killer",5,196135,FALSE,0.742,-5.29,1,0.124,0.00169,0.000483,0.128,0.155,194.876,3,8,"alt_electronic_pop",0.73
3786,"0TEm33n5APQRJ45tWmRnxQ","Las Pastillas del Abuelo","2020","Rocanrol N´n´n´",50,266143,FALSE,0.589,-6.106,0,0.0249,0.138,2.4e-05,0.145,0.931,100.022,4,8,"alt_electronic_pop",0.61
3788,"7iyR2H3GRhBUrAxLJOhN0B","Curren$y","New Rap Icons","#Jetsgo",0,192320,TRUE,0.812,-6.591,0,0.263,0.376,0,0.49,0.436,83.407,4,8,"alt_electronic_pop",0.51
3789,"1M0RL0QLS6P25NwhPwOKaE","Curren$y","Power Rap","All wit My Hands",0,148440,TRUE,0.82,-4.524,1,0.242,0.0526,1.58e-06,0.148,0.39,85.758,4,8,"alt_electronic_pop",0.72
3809,"0VeoSHlgashtg5JYPJjl15","The Score","Pressure","Stronger",61,190986,FALSE,0.67,-4.688,0,0.0807,0.0232,0,0.312,0.114,191.883,3,8,"alt_electronic_pop",0.56
3817,"5hhNbZ5i5kIdgRWd53jjTh","Kavinsky","Halloween Scary Party","Nightcall",0,257320,FALSE,0.855,-5.092,0,0.0533,0.00898,0.0109,0.425,0.429,91.009,4,8,"alt_electronic_pop",0.73
3819,"6Mt1HvQw0SoQA3hzeODTN3","Mahalia","2Step - Pop R'n'B","I Wish I Missed My Ex",0,203066,FALSE,0.669,-4.185,1,0.0849,0.274,0,0.289,0.546,95.023,4,8,"alt_electronic_pop",0.85
3837,"1HkRBvClGlCu8s2CCX9QGM","AFI","Halloween Scary Party","Halloween",0,238106,FALSE,0.929,-8.494,0,0.091,0.00231,0.00074,0.0946,0.127,99.762,4,8,"alt_electronic_pop",0.71
3843,"45n1UykYUNp1LgRt8auL4U","Gondwana","Modo trabajación","Dime - 2008 Remaster",0,256026,FALSE,0.534,-7.779,0,0.0582,0.114,5.34e-06,0.114,0.897,152.131,4,8,"alt_electronic_pop",0.82
3848,"1HxNA8JjIIfVGqMr7Jm59f","Los Caligaris","Circología","Mejilla Izquierda",50,229280,FALSE,0.888,-5.636,1,0.156,0.132,0,0.139,0.543,150.079,4,8,"alt_electronic_pop",0.77
3850,"3lIxtCaROdRDuTnNBDm3n2","Gorillaz;Kali Uchis","Humanz (Deluxe)","She's My Collar (feat. Kali Uchis)",75,209560,FALSE,0.815,-5.886,1,0.0313,0.00799,0.081,0.112,0.462,140.158,4,8,"alt_electronic_pop",0.73
3856,"3dJj6o9o1fRgrojWjailuz","Linkin Park","One More Light","Nobody Can Save Me",61,225546,FALSE,0.688,-4.749,1,0.0341,0.0107,0,0.186,0.433,139.957,4,8,"alt_electronic_pop",0.44
3864,"7AB0cUXnzuSlAnyHOqmrZr","Linkin Park","Meteora (Bonus Edition)","Faint",66,162600,FALSE,0.978,-3.554,1,0.131,0.111,0,0.0731,0.594,135.095,4,8,"alt_electronic_pop",0.55
3869,"6V81K1OcvYgHEnCA6A2Qx9","Duckwrth;Shaboozey","Spider-Man: Into the Spider-Verse (Soundtrack From & Inspired by the Motion Picture)","Start a Riot",66,171466,FALSE,0.727,-3.585,1,0.206,0.0128,0,0.0882,0.89,143.144,4,8,"alt_electronic_pop",0.69
3870,"3UULkHdmLDqBDPmBYltoRE","Alter Bridge","One Day Remains","Metalingus",67,259959,FALSE,0.981,-3.268,1,0.108,9.33e-06,0,0.0958,0.163,109.905,4,8,"alt_electronic_pop",0.79
3874,"1bFUwEfAmklgCwoPx2Ibi8","Genevieve Stokes","rainy day indie","Habits",1,136733,FALSE,0.287,-9.469,1,0.0344,0.854,6.85e-06,0.346,0.438,82.457,4,8,"alt_electronic_pop",0.6
3899,"7GfYdXlYZ0uhEjhqjFV6YQ","Las Pastillas del Abuelo","Triste Hora","Tantas Escaleras - Live In Buenos Aires / 2016",0,273533,FALSE,0.827,-5.992,0,0.0312,0.00932,0.492,0.737,0.549,150.942,4,8,"alt_electronic_pop",0.69
3924,"4sNwdacKyi2S26WrRtNama","MARINA","The Family Jewels","Oh No!",72,182586,FALSE,0.896,-3.971,1,0.039,0.0539,0,0.243,0.964,126.999,4,8,"alt_electronic_pop",0.43
3926,"6PypGyiu0Y2lCDBN1XZEnP","R.E.M.","Automatic For The People","Everybody Hurts",75,320266,FALSE,0.324,-10.451,1,0.0255,0.615,0.0248,0.118,0.166,94.301,3,8,"alt_electronic_pop",0.64
3949,"1EKNUMaRRxclLETULcps5s","The Shins","Christmas Eve At Home","Wonderful Christmastime",0,146520,FALSE,0.689,-5.406,1,0.0307,0.0109,0,0.114,0.899,140.071,4,8,"alt_electronic_pop",0.43
3955,"2pyjbGTpJCPjMYwCbdymiF","Ruel","Dazed & Confused","Dazed & Confused",67,189608,FALSE,0.5,-7.411,1,0.138,0.102,0,0.355,0.418,127.906,3,8,"alt_electronic_pop",0.68
3969,"3RlsVPIIs5KFhLFhxZ4iDF","Nickelback","All the Right Reasons (Walmart Exclusive Edition)","Rockstar",70,252040,FALSE,0.91,-3.004,1,0.0386,0.0459,0,0.343,0.693,144.072,4,8,"alt_electronic_pop",0.68
3970,"2sEk5R8ErGIFxbZ7rX6S2S","MARINA","Electra Heart (Deluxe)","How to Be a Heartbreaker",71,221493,FALSE,0.897,-4.696,0,0.0506,0.0142,0,0.108,0.849,140.05,4,8,"alt_electronic_pop",0.9
3975,"0sNVZAkLao30zLfzJ9mbPI","Ravyn Lenae;Doechii","Evergreen","Xtasy - Remix",1,270497,TRUE,0.794,-7.793,1,0.0886,0.231,0.000693,0.0861,0.74,107.084,4,8,"alt_electronic_pop",0.63
3988,"2YIpus6UhA3TOKmxNtfQrb","Las Pastillas del Abuelo","Las Pastillas del Abuelo","Candombe de Resacas",48,329640,FALSE,0.706,-6.151,1,0.0516,0.173,0,0.0829,0.537,96.759,4,8,"alt_electronic_pop",0.86
4010,"4WfV1CNg91SBp8oG0VY0VB","Cigarettes After Sex","Crush","Crush",65,266666,FALSE,0.504,-8.579,1,0.0252,0.0884,0.757,0.11,0.285,98.357,4,1,"atmospheric_meditative",0.63
4024,"3YL4zMqcyFu0OfLI1sZ66Z","Cigarettes After Sex","EP I.","Starry Eyes",62,206000,FALSE,0.362,-15.32,1,0.0337,0.453,0.335,0.0687,0.114,100.264,4,1,"atmospheric_meditative",0.8
4055,"73ptBTOgUcD3Wyrq0B9eAW","Cigarettes After Sex","EP I.","I'm a Firefighter",61,271018,FALSE,0.3,-13.657,1,0.0335,0.483,0.0303,0.158,0.125,114.941,4,1,"atmospheric_meditative",0.54
4059,"4g2WiijzSKzH8PApKDbadN","Sleeping At Last","Atlas: II","Touch",71,256299,FALSE,0.104,-11.83,1,0.0426,0.955,3.79e-06,0.104,0.18,82.006,3,1,"atmospheric_meditative",0.73
4070,"2MfwT3SKUyF0na2LCa2fCp","Flower Face","The Shark in Your Water","Cornflower Blue",57,188864,FALSE,0.215,-9.886,1,0.0335,0.807,0.000125,0.0921,0.0415,75.862,3,1,"atmospheric_meditative",0.48
4085,"2N4YbJg96OG37pQZkviVFv","Ryuichi Sakamoto;Lang Lang","Klassische Weihnachtsmusik","Merry Christmas Mr. Lawrence (Arr. for Piano)",0,336200,FALSE,0.185,-20.519,0,0.0417,0.962,0.911,0.0958,0.162,104.517,3,1,"atmospheric_meditative",0.44
4090,"4r4kqIofeGj6lms3R5m8Y0","Dmitri Shostakovich;Ares Trio","Babadjanian: Piano Trio - Shostakovich: Piano Trio No. 2","Piano Trio No. 2 in E Minor: III. Largo",1,378378,FALSE,0.0132,-25.217,1,0.0494,0.964,0.647,0.12,0.032,82.637,4,1,"atmospheric_meditative",0.49
4112,"1g0xyCMUBKUaMDCk00Hhmk","Novo Amor","Bathing Beach","Embody Me",61,190293,FALSE,0.263,-12.036,1,0.0321,0.935,0.00179,0.091,0.147,121.107,4,1,"atmospheric_meditative",0.62
4116,"0byw9oyQKnZ1fUWHfLQ9Wq","Cigarettes After Sex","Cry","Pure",55,254626,FALSE,0.211,-13.477,0,0.0312,0.557,0.804,0.101,0.0399,134.475,3,1,"atmospheric_meditative",0.57
4130,"3MRqm3VNWLIjRiLRQezul7","Bethel Music;Kristene DiMarco","You Make Me Brave (Live)","It Is Well - Live",62,385053,FALSE,0.25,-10.648,0,0.0314,0.698,1.46e-05,0.11,0.11,129.82,4,1,"atmospheric_meditative",0.47
4135,"5AbU5I0K9Z7muuvUw4No4n","Carlos Cipa","Stress Free Music","dark tree",0,393958,FALSE,0.113,-20.961,0,0.0367,0.972,0.926,0.0752,0.0378,79.66,1,1,"atmospheric_meditative",0.48
4143,"7sCEGVDNPistGb4I1DbGGe","Luke Howard;Jess Gillam;Jess Gillam Ensemble","Classical Running","Dappled Light",0,251573,FALSE,0.0456,-20.891,0,0.0385,0.993,0.964,0.231,0.0882,128.691,4,1,"atmospheric_meditative",0.63
4144,"7M6HUMTLYk36ThEK9G5QpN","Hania Rani;Dobrawa Czocher","Weihnachten Klassik 2022","Jezus Malusieńki (Reworked by Hania Rani & Dobrawa Czocher)",0,256644,FALSE,0.168,-21.006,0,0.0349,0.782,0.934,0.136,0.074,73.466,3,1,"atmospheric_meditative",0.69
4147,"6bWpIjXBVrGNDW8eNcXC1n","Hania Rani;Dobrawa Czocher","Classical Christmas 2022","Jezus Malusieńki (Reworked by Hania Rani & Dobrawa Czocher)",0,256644,FALSE,0.168,-21.006,0,0.0349,0.782,0.934,0.136,0.074,73.466,3,1,"atmospheric_meditative",0.56
4174,"5uq3x8Pg8HAj8qNwPFOzfl","Sleeping At Last","Atlas: I","Light",60,262533,FALSE,0.387,-9.022,1,0.0287,0.532,0.00548,0.0689,0.0395,104.566,4,1,"atmospheric_meditative",0.43
4175,"7AkPusgKsrTqbOcTTbRnFr","Novo Amor","Cannot Be, Whatsoever","Halloween",63,154773,FALSE,0.467,-6.589,1,0.0304,0.874,1.68e-05,0.114,0.353,106.549,4,1,"atmospheric_meditative",0.45
4188,"7elLKWtTEMCbOmYZ37ci9r","Ludovico Einaudi","Underwater","Temple White",65,264844,FALSE,0.00958,-28.556,1,0.054,0.991,0.953,0.109,0.212,72.204,5,1,"atmospheric_meditative",0.38
4189,"5cWSpmTfItDuppACMrE3I9","Message To Bears","Maps","You Are a Memory",58,221746,FALSE,0.339,-10.315,1,0.0339,0.854,0.0422,0.101,0.0291,144.726,5,1,"atmospheric_meditative",0.61
4190,"4LnHfZGEitmIVS17wndaUI","Bethel Music;Jonathan David Helser;Melissa Helser","Raise a Hallelujah (Studio Version)","Raise a Hallelujah (Studio Version)",61,244040,FALSE,0.823,-4.889,1,0.0434,0.00985,0,0.103,0.517,163.997,4,1,"atmospheric_meditative",0.49
4192,"0tVfMLnBs02zD6RhUmXnVs","Roger Eno;Brian Eno","Klassische Weihnachtsmusik","Snow",0,280093,FALSE,0.00256,-31.357,0,0.0449,0.989,0.94,0.119,0.134,73.214,4,1,"atmospheric_meditative",0.59
4194,"3xJQqWPE08epHIhQkXga6r","Peter Gregson;Daniel Pioro;Grace Davidson;Clara Sanabras;Hannah Cooke","Klassische Weihnachtsmusik","Taladh Chriosta",0,201651,FALSE,0.0452,-22.712,0,0.0431,0.988,0.936,0.109,0.0353,85.425,4,1,"atmospheric_meditative",0.45
4205,"3NLm801woJocONz1NmPJZR","Bibio","Curls","Curls",58,197933,FALSE,0.348,-10.593,1,0.0285,0.879,0.796,0.722,0.227,82.176,4,1,"atmospheric_meditative",0.22
4244,"5RqKo9P4DLA0bVyY70cWkr","Ólafur Arnalds","re:member","saman",65,131923,FALSE,0.0238,-32.244,0,0.0369,0.994,0.847,0.103,0.426,108.74,4,1,"atmospheric_meditative",0.73
4247,"2GEqnEG1oGDEvf6nZGHjIx","Max Richter;Khatia Buniatishvili","The Departure (Main title theme from ""The Leftovers"" - Music from the HBO series)","The Departure (Main title theme from ""The Leftovers"" - Music from the HBO series)",0,82509,FALSE,0.00656,-35.4,0,0.0369,0.995,0.956,0.107,0.0399,58.008,4,1,"atmospheric_meditative",0.61
4262,"3VtTuQ6lypMoOBcm6VMzdh","Bicep;Four Tet","Opal (Four Tet Remix)","Opal - Four Tet Remix",58,494256,FALSE,0.72,-9.582,0,0.119,0.103,0.773,0.11,0.287,127.011,4,1,"atmospheric_meditative",0.43
4280,"2XiqsYPmKLqjOigE3HmfXb","Sleeping At Last","Atlas: I","I'll Keep You Safe",47,271199,FALSE,0.436,-9.735,1,0.029,0.876,0.0179,0.0808,0.149,140.011,3,1,"atmospheric_meditative",0.59
4314,"1bsSaYmy0vOUH8tux2hAYV","From Overseas","Looking at the World Through a Window","Looking at the World Through a Window",51,385000,FALSE,0.112,-20.806,1,0.0407,0.906,0.967,0.0751,0.05,101.366,4,1,"atmospheric_meditative",0.41
4315,"720kcKRMGl2rJh6jsfu8Z5","Novo Amor","Birthplace","Sleepless",50,202960,FALSE,0.532,-7.519,1,0.0339,0.897,0.144,0.101,0.121,72.49,4,1,"atmospheric_meditative",0.48
4319,"4ecwrnFDSJLlLyZlEH7YGK","Helios","Moiety","Nothing It Can",48,287520,FALSE,0.245,-12.333,1,0.0389,0.779,0.899,0.0681,0.0366,109.007,4,1,"atmospheric_meditative",0.66
4332,"38UKRmA5IAaf1Vkx8ReHV0","Flower Face","Pisces Moon (Alternate Version)","Pisces Moon - Alternate Version",36,215217,FALSE,0.445,-10.535,1,0.0283,0.181,0,0.0728,0.116,138.03,3,1,"atmospheric_meditative",0.69
4336,"6dxs9Sv6Ic3oQ3tl6Hozi2","Ludovico Einaudi","Underwater","Almost June",58,173576,FALSE,0.00708,-33.07,1,0.0504,0.985,0.961,0.0903,0.16,63.731,4,1,"atmospheric_meditative",0.58
4338,"3yuCAw61jqfyv2KzMoVdXA","Ludovico Einaudi","Divenire (Deluxe Edition)","Fly",58,278933,FALSE,0.178,-18.717,0,0.0362,0.994,0.861,0.0737,0.0347,167.972,3,1,"atmospheric_meditative",0.71
4345,"3uuXITRf0o9WApETIMyjhj","Ludovico Einaudi;Robert Ziegler;Royal Philharmonic Orchestra","Islands - Essential Einaudi","Divenire",55,402466,FALSE,0.215,-15.301,1,0.0352,0.912,0.864,0.0775,0.075,88.27,4,1,"atmospheric_meditative",0.59
4352,"5F0hIO08012qttN94QlO7k","aswekeepsearching","Rooh","Chasing Light",23,331124,FALSE,0.578,-8.286,0,0.0344,0.0978,0.505,0.0895,0.135,124.581,4,1,"atmospheric_meditative",0.62
4353,"0Pg5pXLEh0BUcifZBr5qDG","Random Forest","Ascension","Rainy Nights",51,285000,FALSE,0.379,-17.538,1,0.0304,0.451,0.76,0.122,0.199,160.011,4,1,"atmospheric_meditative",0.44
4367,"2Gpk1rtu5wVUCMQH86kErs","Bethel Music;We The Kingdom","Peace","Peace",52,297293,FALSE,0.127,-13.067,1,0.0336,0.953,0,0.104,0.178,118.003,4,1,"atmospheric_meditative",0.57
4369,"7vuYfz0siJY66fLEiDKnEh","Aphex Twin","Drukqs","QKThr",62,87466,FALSE,0.0223,-26.117,1,0.046,0.993,0.768,0.13,0.0571,78.66,3,1,"atmospheric_meditative",0.54
4372,"3ODtGy133cqCHLufjWu14L","Philip Glass;Paul Leonard-Morgan","Tales from the Loop (Original Soundtrack)","Walk to School",53,130678,FALSE,0.0368,-23.039,0,0.0381,0.977,0.956,0.107,0.0388,169.851,3,1,"atmospheric_meditative",0.76
4377,"4inAT5fFLhvhSBSBqwPbvm","Flower Face","O Holy Night","O Holy Night",17,166498,FALSE,0.251,-13.674,1,0.0338,0.545,0.0138,0.0855,0.0416,76.63,5,1,"atmospheric_meditative",0.55
4394,"1QooJ7JbyjqXVTDFZKJ4cp","Ludovico Einaudi","Underwater","Swordfish",58,218200,FALSE,0.00952,-40.225,0,0.0447,0.995,0.921,0.105,0.416,80.772,4,1,"atmospheric_meditative",0.63
4417,"57vqoCzYMTQhAR248IpjpL","The Native","Fall Down - EP","Halfway House",47,137919,FALSE,0.374,-13.533,1,0.046,0.787,0,0.117,0.188,119.852,4,1,"atmospheric_meditative",0.73
4423,"2XQSgmtEY2titXhfY414dy","Boards of Canada","Music Has The Right To Children","Roygbiv",59,151520,FALSE,0.521,-10.312,0,0.063,0.0201,0.923,0.103,0.118,84.033,4,1,"atmospheric_meditative",0.42
4441,"40jiZBsr1W3SG15AGU9227","Keaton Henson","Dear","Small Hands",52,180693,FALSE,0.525,-7.551,0,0.0347,0.912,0.000111,0.121,0.603,97.808,4,1,"atmospheric_meditative",0.64
4445,"1V8aPypxFrIk5TSa8E3qM0","Ludovico Einaudi","Underwater","Underwater",56,234655,FALSE,0.00222,-35.497,1,0.0479,0.995,0.951,0.104,0.299,135.805,3,1,"atmospheric_meditative",0.68
4450,"5wlUjXNwN62wxhAZWddA6B","Library Tapes","The Return","The Return",58,138227,FALSE,0.00209,-37.859,1,0.0344,0.994,0.913,0.109,0.0707,65.125,3,1,"atmospheric_meditative",0.43
4473,"5ErJKc7owzejzp8tXmUj0U","Fabrizio Paterlini","Fuoco","Fuoco",0,156000,FALSE,0.0102,-32.425,1,0.0476,0.993,0.802,0.103,0.0879,72.085,4,1,"atmospheric_meditative",0.47
4483,"1A3K44xa9pVPWdsCnfdHim","Hania Rani;WhoMadeWho","Abu Simbel (Hania Rani Invalides Version)","Abu Simbel - Hania Rani Invalides Version",52,339082,FALSE,0.17,-18.551,0,0.0399,0.988,0.244,0.0772,0.202,119.972,4,1,"atmospheric_meditative",0.71
4490,"6RrQhmFudK9taDz5r2sNSL","Fabrizio Paterlini","Fuoco","Everything Flows",0,143166,FALSE,0.157,-22.217,0,0.0385,0.972,0.907,0.1,0.0431,84.909,4,1,"atmospheric_meditative",0.51
4491,"29S6PLRccSCyKozzwIik0J","Philip Glass;Valentina Lisitsa","Valentina Lisitsa Plays Philip Glass","The Truman Show: Truman Sleeps - Short Version",52,160453,FALSE,0.00361,-29.735,1,0.052,0.995,0.925,0.0723,0.0631,94.861,4,1,"atmospheric_meditative",0.42
4492,"0bT6empnTxGJlNQEvDaGWr","Kaitlyn Aurelia Smith","Fictions (Made To Measure Vol. 47)","Waterways",3,198943,FALSE,0.585,-9.42,1,0.0458,0.0459,0.68,0.107,0.718,120.046,1,1,"atmospheric_meditative",0.46
4498,"1o2suklKb6UYQxZnOO3zlz","Little Symphony","Sombrio","Harnen",28,120000,FALSE,0.0109,-26.251,1,0.0552,0.863,0.966,0.121,0.0721,139.841,3,1,"atmospheric_meditative",0.57
4499,"1ZJ2XcPB5r4yK08gvJbZdW","Little Symphony","Sombrio","Duilwen",28,113429,FALSE,0.0128,-26.071,1,0.0526,0.836,0.966,0.12,0.151,130.155,3,1,"atmospheric_meditative",0.57
4503,"6CfAtjogau9v9kmtZVrNG8","Novo Amor","If We're Being Honest","If We're Being Honest",46,235053,FALSE,0.432,-7.297,1,0.0296,0.888,0.617,0.136,0.126,132.928,4,1,"atmospheric_meditative",0.66
4511,"0ADruIr9d1CYUUZKgw8zWp","Sleeping At Last","Turning Page","Turning Page (Live)",40,257502,FALSE,0.236,-8.765,1,0.0361,0.987,0.000772,0.123,0.239,126.381,4,1,"atmospheric_meditative",0.62
4512,"1tlRDKcS5x4qXwJsgpLwCp","Flower Face","Pisces Moon","Pisces Moon",35,219004,FALSE,0.411,-8.829,1,0.0261,0.671,0.000338,0.0989,0.197,138.112,3,1,"atmospheric_meditative",0.75
4513,"4rYMgi9PpmYY7pfgx4EahN","Aukai","Aukai","Alto Paraíso",55,146322,FALSE,0.251,-16.988,0,0.0882,0.957,0.754,0.101,0.31,134.852,1,1,"atmospheric_meditative",0.62
4515,"6jDez1MckVsLvFdQDKEtzt","Novo Amor","Birthplace","Emigrate",47,217640,FALSE,0.469,-7.629,1,0.0275,0.931,0.474,0.0637,0.187,99.989,4,1,"atmospheric_meditative",0.38
4517,"3Ygq0ec3IlNfBUCGW566Cx","Akira Kosemura","Ascent","Ascent",48,132235,FALSE,0.107,-27.84,1,0.0365,0.992,0.906,0.104,0.353,119.221,3,1,"atmospheric_meditative",0.44
4520,"2No1A7ZuMaBGxz45jmA9Gw","Lights & Motion","Bloom","Glaciers",49,176373,FALSE,0.16,-18.144,1,0.0362,0.733,0.786,0.0943,0.0409,56.449,4,1,"atmospheric_meditative",0.43
4524,"29K9v9Y3wptKBvoR9wVTBR","Yann Tiersen","Le Fabuleux destin d'Amélie Poulain (Bande originale du film)","Le moulin",55,267733,FALSE,0.0559,-16.409,0,0.0536,0.991,0.536,0.0808,0.214,138.327,3,1,"atmospheric_meditative",0.4
4532,"7jnPDXFPcBnhOP4LKDBIKt","Flower Face","Baby Teeth","Always You",40,224304,FALSE,0.18,-12.655,1,0.0364,0.935,6.11e-06,0.0938,0.123,120.14,4,1,"atmospheric_meditative",0.59
4539,"23eNu1Z3GB7FGvI2VQYhYu","Yann Tiersen","Le Fabuleux destin d'Amélie Poulain (Bande originale du film)","La valse d'Amélie - Version orchestre",55,120333,FALSE,0.335,-8.681,0,0.0314,0.852,0.131,0.117,0.254,64.078,4,1,"atmospheric_meditative",0.44
4546,"43p2e6ACVNhBoV42kEr4J8","Little Symphony","Sombrio","Glanhir",28,114882,FALSE,0.0471,-23.917,1,0.0476,0.869,0.922,0.117,0.143,90.982,4,1,"atmospheric_meditative",0.56
4548,"7hbAuG4CFb8ee6IOBKKdar","Sebastian Plano","Klassische Weihnachtsmusik","A Present for a Young Traveller",0,189478,FALSE,0.282,-15.214,0,0.0368,0.97,0.842,0.0892,0.0405,148.711,3,1,"atmospheric_meditative",0.5
4559,"4imKugn0XXrrp7D04eJqpy","Simon Wester","Morning Prayer","Morning Prayer",43,204000,FALSE,0.0167,-25.536,1,0.0355,0.974,0.862,0.0723,0.0475,62.784,4,1,"atmospheric_meditative",0.34
4563,"1eqyKmkcp7b2s1PU9fEZRS","Ludovico Einaudi;Miloš Karadaglić","Einaudi: Full Moon (Arr. Lewin for Guitar)","Full Moon (Arr. Lewin for Guitar)",57,216093,FALSE,0.00799,-33.09,1,0.0395,0.978,0.894,0.109,0.0674,101.226,4,1,"atmospheric_meditative",0.44
4567,"311q3StU6e78qyti2HhaS2","Sleeping At Last","Lullaby","Lullaby",50,118833,FALSE,0.0647,-13.052,1,0.0467,0.967,7.75e-05,0.135,0.249,118.967,3,1,"atmospheric_meditative",0.66
4575,"35sVDinWrh5nYjpzPXe4qz","Bethel Music;Jenn Johnson","Peace, Vol. II","You're Gonna Be Ok",48,261519,FALSE,0.15,-10.057,1,0.0402,0.912,0,0.11,0.222,117.995,4,1,"atmospheric_meditative",0.55
4589,"5Bb7YCLmeCNOeKYKOF3tou","Little Symphony","Serenity","Gurara",27,72380,FALSE,0.112,-23.607,1,0.0513,0.79,0.855,0.112,0.145,85.425,1,1,"atmospheric_meditative",0.71
4612,"2nlqFOnSp8TAqzi7KYnrRC","Novo Amor","Birthplace","Utican",47,175986,FALSE,0.574,-6.568,1,0.0393,0.908,0.0289,0.126,0.321,145.674,4,1,"atmospheric_meditative",0.57
4625,"2vD20Aj8Ru9NAmJl1Ca2qS","Ólafur Arnalds","re:member","momentary",56,125413,FALSE,0.00693,-31.051,1,0.0539,0.995,0.938,0.0711,0.431,97.075,4,1,"atmospheric_meditative",0.49
4626,"7cpVPjdyGplWZLlg66KuWQ","Dario Marianelli;Jean-Yves Thibaudet","Pride and Prejudice - OST","Stars and Butterflies - From ""Pride & Prejudice"" Soundtrack",50,118986,FALSE,0.0135,-28.203,1,0.046,0.964,0.92,0.116,0.0392,47.37,4,1,"atmospheric_meditative",0.57
4628,"5BRfucuiAf5IYRbwBYBYPZ","Joep Beving","Prehension","Ab Ovo",54,288280,FALSE,0.0429,-25.727,0,0.0341,0.992,0.925,0.0821,0.0394,135.405,4,1,"atmospheric_meditative",0.74
4633,"4bSsLYbyCEisguAfwVlph7","Ludovico Einaudi","In A Time Lapse","Corale",52,125400,FALSE,0.0332,-29.063,1,0.0516,0.863,0.986,0.11,0.0315,83.87,4,1,"atmospheric_meditative",0.59
4635,"5ZWbnDBQ07zjDIBDSB9eAV","Little Symphony","Serenity","Meander",27,91428,FALSE,0.117,-23.472,1,0.0531,0.704,0.835,0.118,0.232,174.17,3,1,"atmospheric_meditative",0.66
4638,"2ConcMShn9TnYXpgeqs71S","Little Symphony","Serenity","Enlil",27,49523,FALSE,0.124,-23.395,1,0.0456,0.809,0.916,0.114,0.371,100.861,4,1,"atmospheric_meditative",0.34
4646,"7qIqOFDgHqCC2xSkvU77xV","Little Symphony","Serenity","Devdari",27,68571,FALSE,0.122,-23.756,1,0.0496,0.822,0.836,0.115,0.307,86.216,3,1,"atmospheric_meditative",0.65
4654,"7FJl0uqxLDfH9bhQ1Gte0x","Gustavo Santaolalla","The Last of Us Part II (Original Soundtrack)","Beyond Desolation",48,144626,FALSE,0.15,-15.737,0,0.0607,0.891,0.722,0.0772,0.0932,79.987,4,1,"atmospheric_meditative",0.52
4657,"2KJkKZ6u3QRm9Xpu5I2CPB","Clem Leek","Rest","Patience Is A Virtue",48,119063,FALSE,0.168,-16.916,1,0.0332,0.964,0.852,0.103,0.051,117.312,4,1,"atmospheric_meditative",0.62
4670,"60Pe9j2pCBa4Zp4ztf5nhd","Aphex Twin","Windowlicker","Windowlicker",55,368400,FALSE,0.789,-4.936,1,0.163,0.132,0.0091,0.366,0.492,123.016,4,1,"atmospheric_meditative",0.45
4693,"7L4w1yQnlhqo4oUjpW53wz","Keaton Henson","Dear","You Don't Know How Lucky You Are",50,228080,FALSE,0.314,-8.559,1,0.0345,0.772,0.576,0.109,0.107,95.641,4,1,"atmospheric_meditative",0.67
4704,"0E5kJzyQhf4m02ooeO9tTy","AL-90;FMSAO","Hibernation","Vchera",43,323000,FALSE,0.609,-9.038,1,0.0663,0.0298,0.875,0.106,0.18,119.993,4,1,"atmospheric_meditative",0.53
4707,"4RJHyjSrcIGkFYpTkdkq2B","Sleeping At Last","Atlas: I","Venus",45,200562,FALSE,0.407,-11.483,1,0.0302,0.676,0.000153,0.101,0.329,134.977,4,1,"atmospheric_meditative",0.5
4714,"0SBohN5M0676aJQ5gtRmBk","Novo Amor","Callow","Callow",45,196490,FALSE,0.393,-11.91,1,0.0307,0.614,0.725,0.108,0.0918,109.909,4,1,"atmospheric_meditative",0.64
4721,"32RC7EvEAUUn9aoQZlWT2e","Sleeping At Last","Covers, Vol. 1","All Through the Night",49,197804,FALSE,0.204,-10.867,1,0.0397,0.949,0,0.127,0.289,185.309,4,1,"atmospheric_meditative",0.55
4723,"0HZtVLVL6oLU9WobKQxqGu","Bicep","Isles","Lido",50,200240,FALSE,0.339,-14.428,0,0.0304,0.966,0.881,0.105,0.169,119.984,4,1,"atmospheric_meditative",0.59
4724,"32zrKU0KPtMBFdQv5LTa9H","Tony Anderson","Chasm","Younger",44,406056,FALSE,0.0543,-22.125,1,0.0391,0.953,0.907,0.0788,0.0395,120.077,3,1,"atmospheric_meditative",0.53
4761,"09F0zRNSUa0qAWYUksXtXt","Nils Frahm","Empty","A Shimmer",51,396688,FALSE,0.00559,-32.174,0,0.0426,0.956,0.906,0.112,0.0772,195.603,3,1,"atmospheric_meditative",0.59
4765,"1505n8rEQ4XBoiEXDoSbLc","Roger Eno;Scoring Berlin;Christian Badzura","Rarities - Piano","Still Day",43,143186,FALSE,0.0971,-22.27,0,0.0367,0.963,0.947,0.0981,0.0404,56.513,4,1,"atmospheric_meditative",0.35
4775,"03BoaviXTqX4f3cTjrXPKb","Max Richter","Ad Astra (Original Motion Picture Soundtrack)","To the Stars",46,210426,FALSE,0.0985,-25.284,0,0.0463,0.497,0.936,0.11,0.0321,131.018,3,1,"atmospheric_meditative",0.75
4792,"3qVTG1cJWqm6bhwlKr8PX3","Slow Meadow","Costero","Borderland Sorrows",52,223985,FALSE,0.109,-19.433,1,0.0333,0.944,0.935,0.0774,0.0833,81.953,4,1,"atmospheric_meditative",0.58
4802,"2oNOFOz8Eg0qJ3yHVeefUB","Cliff Martinez","Drive (Original Motion Picture Soundtrack)","He Had a Good Time",44,97160,FALSE,0.236,-22.615,1,0.0726,0.83,0.898,0.0972,0.0293,73.765,4,1,"atmospheric_meditative",0.6
4821,"2fWCXfSnr07XKJAfPWlevl","Brambles","Charcoal","Pink And Golden Billows",50,178973,FALSE,0.0616,-23.838,0,0.0422,0.99,0.915,0.058,0.279,209.852,3,1,"atmospheric_meditative",0.58
4836,"0Y4ipB4nBIZA3dWUWcoeLB","Little Symphony","Coco Beach","Coco",51,160000,FALSE,0.364,-21.87,1,0.0701,0.839,0.948,0.975,0.21,83.16,3,1,"atmospheric_meditative",0.7
4838,"2HHAxkrJbuWZ7JWdxYbsWO","Boards of Canada","The Campfire Headphase","Peacock Tail",51,324906,FALSE,0.477,-13.083,1,0.058,0.165,0.922,0.0788,0.46,171.424,4,1,"atmospheric_meditative",0.5
4840,"6v0BTda9Sw4uREICry7vff","Chilly Gonzales","Solo Piano III","Be Natural",25,226626,FALSE,0.00189,-30.927,1,0.0493,0.986,0.835,0.0898,0.179,94.018,4,1,"atmospheric_meditative",0.72
4842,"2HbDLvUR0SA1o9BDMAqqNM","Julien Baker;Phoebe Bridgers;Lucy Dacus","boygenius","Ketchum, ID",54,215689,FALSE,0.104,-12.154,1,0.0339,0.908,0,0.389,0.214,117.851,3,1,"atmospheric_meditative",0.37
4849,"5v3TSHYm8BzbON2u6QBEG7","Burzum","Filosofem","Dunkelheit",52,425066,FALSE,0.545,-9.214,0,0.0442,1.5e-06,0.891,0.585,0.438,54.669,4,1,"atmospheric_meditative",0.47
4850,"5DgYdvipuyu3YWmo2MDWDu","Gustavo Santaolalla","The Last of Us Part II (Original Soundtrack)","Unbound",45,117093,FALSE,0.0285,-24.029,0,0.0415,0.947,0.893,0.1,0.0351,76.033,1,1,"atmospheric_meditative",0.63
4859,"3EIrbAYM18GhcimENnuO91","Brambles","Charcoal","Such Owls As You",51,329773,FALSE,0.0712,-25.731,1,0.0351,0.873,0.907,0.133,0.0939,102.045,3,1,"atmospheric_meditative",0.38
4864,"02tjXDTJtONTpjw4XZny3n","Maxence Cyrin","Melancholy Island","As the Darkness Falls",51,100600,FALSE,0.197,-26.478,0,0.0407,0.957,0.867,0.13,0.176,67.631,4,1,"atmospheric_meditative",0.4
4867,"6lvJV4kU2oXyjeP2QoXK7k","Max Richter;Louisa Fuller;Natalia Bonner;John Metcalfe;Chris Worsey;Ian Burdge","The Blue Notebooks (15 Years)","On the Nature of Daylight (Entropy)",46,413800,FALSE,0.235,-14.816,1,0.0422,0.228,0.894,0.113,0.0347,117.351,4,1,"atmospheric_meditative",0.59
4868,"68i41spJIphl0RDfDf7tOL","Novo Amor","Cannot Be, Whatsoever","If We're Being Honest",45,235053,FALSE,0.432,-7.297,1,0.0296,0.888,0.617,0.136,0.126,132.928,4,1,"atmospheric_meditative",0.35
4877,"1g2cfEoZoA8qxMyZzihVO5","David Helpling","Sleeping on the Edge of the World","All Things End",24,373800,FALSE,0.0907,-27.14,1,0.035,0.919,0.966,0.0916,0.0376,59.214,4,1,"atmospheric_meditative",0.58
4879,"0IqZcNlUn3LALc6zwo1wxV","Brian Eno","FOREVERANDEVERNOMORE","Who Gives a Thought",44,239640,FALSE,0.27,-13.13,0,0.0325,0.39,0.138,0.118,0.119,105.169,4,1,"atmospheric_meditative",0.52
4885,"5e6KTL5lQVIGJRYvPO0L9X","René Aubry","Petits sauts délicats avec grand écart","Petite fille",25,169387,FALSE,0.22,-15.028,1,0.0514,0.939,0.558,0.169,0.707,150.173,3,1,"atmospheric_meditative",0.46
4889,"1WqVCOMjOOWjamob3A2DsK","Brian Eno","FOREVERANDEVERNOMORE","Making Gardens Out of Silence",37,501453,FALSE,0.0979,-21.706,1,0.0404,0.942,0.902,0.0752,0.0337,79.435,3,1,"atmospheric_meditative",0.38
4892,"6mMTqraNCrZ1zImkldJptJ","Alexis Ffrench","Truth - The Solo Piano Collection","Colours - Solo Piano Version",37,188697,FALSE,0.118,-22.953,0,0.0496,0.985,0.923,0.105,0.144,121.688,4,1,"atmospheric_meditative",0.46
4906,"4W11ykVxHguZTyd30ckgLh","Felix Rösch","Piano","Berceuse",51,127147,FALSE,0.0285,-28.619,0,0.0352,0.99,0.867,0.163,0.152,79.693,1,1,"atmospheric_meditative",0.55
4916,"4aMXctsHbPJTf4eBWSDtWz","Armand Amar;Lévon Minassian","Bab' Azîz (Original Motion Picture Soundtrack)","Bab' Azîz",46,371760,FALSE,0.128,-19.601,0,0.0388,0.915,0.868,0.103,0.0362,87.83,5,1,"atmospheric_meditative",0.46
4923,"4iuGVtUXm2RfdyaGofN5MC","Akira Kosemura","On My Way Home","On My Way Home",37,151119,FALSE,0.0749,-22.719,1,0.0364,0.961,0.948,0.109,0.152,73.236,3,1,"atmospheric_meditative",0.72
4925,"6XmozAAnvBf2VtLL53AkX0","Alexis Ffrench","Walk With Us (For Black Lives Matter)","Walk With Us - For Black Lives Matter",57,120456,FALSE,0.0264,-26.535,0,0.0469,0.995,0.882,0.073,0.235,168.963,5,1,"atmospheric_meditative",0.5
4932,"71dLJx3qHOTQMTvvoE2dmd","Bethel Music;Amanda Cook","Peace","King of My Heart",48,330840,FALSE,0.0736,-15.492,1,0.031,0.975,0.000261,0.082,0.0684,109.964,4,1,"atmospheric_meditative",0.6
4939,"0eZIx87EUrxkvV7X8fCbIv","Ludovico Einaudi;Marco Decimo","Una Mattina","Resta Con Me",52,295760,FALSE,0.0295,-27.731,1,0.0419,0.961,0.918,0.122,0.0547,136.561,3,1,"atmospheric_meditative",0.57
4940,"7xsirhcgFWOnItsGuBfrv9","Bethel Music;Steffany Gretzinger","For the Sake of the World","Closer",49,413573,FALSE,0.558,-8.321,1,0.0306,0.0596,0.00016,0.102,0.0813,139.92,4,1,"atmospheric_meditative",0.88
4966,"5Zo96jw2gqhA6JpUsmPrSu","Alexis Ffrench","Truth","Still Life",51,202977,FALSE,0.0378,-25.735,1,0.041,0.993,0.942,0.0995,0.148,167.805,4,1,"atmospheric_meditative",0.54
4971,"0lmuyNAxG9YA3LfXftGzPS","Joep Beving","For Mark","For Mark",50,309600,FALSE,0.0148,-33.992,1,0.035,0.994,0.917,0.103,0.153,138.564,4,1,"atmospheric_meditative",0.35
6006,"5wWRdIjndDOh1j4OXAPpdD","Mayhem","Deathcrush","Deathcrush",51,212986,FALSE,0.908,-8.505,1,0.1,1.92e-06,0.933,0.319,0.208,121.476,3,10,"extreme_metal",0.54
6007,"0Jt4oMpZKEFRrHYBNglgzt","Dissection","Reinkaos","Maha-Kali",40,366333,FALSE,0.853,-4.733,0,0.0303,3.37e-05,0.126,0.0919,0.648,109.019,4,10,"extreme_metal",0.58
6010,"5JxyDHWj4XMRgvuRzWd9JK","Dimmu Borgir","Abrahadabra","Gateways",49,310026,FALSE,0.943,-4.377,0,0.107,0.000224,0.000132,0.168,0.15,165.144,5,10,"extreme_metal",0.52
6015,"3P4Vcz7MhJngRf8WUAaoA0","Rotting Christ","Kata Ton Daimona Eaytoy (Do What Thou Wilt)","Χ Ξ Σ - 666",46,348053,FALSE,0.758,-6.329,1,0.0312,0.00114,0.829,0.0978,0.0993,84.003,4,10,"extreme_metal",0.5
6019,"3jmkqJcTvtyuAk0YHTMkc7","Behemoth","Evangelion","Ov Fire and the Void",49,267320,FALSE,0.973,-4.35,1,0.0806,2.29e-05,0.621,0.0243,0.152,130.034,4,10,"extreme_metal",0.48
6024,"2j85ShNko7d2pvJewzaM4B","Avhath","FELO DE SE / HALLOWED GROUND","FELO DE SE",25,366586,FALSE,0.899,-6.02,0,0.185,7.5e-05,0.937,0.309,0.0369,142.966,4,10,"extreme_metal",0.37
6037,"7lb82F4jY2jH9996rMc8U9","Winds of Plague","The Great Stone War","The Great Stone War",25,257733,FALSE,0.976,-3.863,1,0.185,4.37e-05,0.589,0.581,0.137,130.074,4,10,"extreme_metal",0.45
6048,"0fTUNF9d05iOUPZk1uFG4R","Samael","Ceremony of Opposites","Till We Meet Again",24,251706,FALSE,0.943,-6.679,1,0.0608,0.000122,0.313,0.226,0.257,83.101,4,10,"extreme_metal",0.61
6051,"6l3A2EWZSOA8LTMmzRCyD3","Deafheaven","Sunbather","Dream House",46,554573,FALSE,0.804,-4.669,1,0.0768,6.84e-06,0.916,0.384,0.0954,82.211,4,10,"extreme_metal",0.47
6058,"7xNQMlboWKQvUzI1FxG6Cs","Behemoth","The Satanist","Ora Pro Nobis Lucifer",44,335213,TRUE,0.986,-4.138,1,0.108,1.51e-05,4.6e-05,0.0746,0.0591,176.042,4,10,"extreme_metal",0.42
6061,"3leX6DLRl06RD1effNpB0Q","Wormwood","Arkivet","The Archive",22,429540,FALSE,0.948,-6.401,0,0.096,2e-04,0.00104,0.111,0.134,136.047,4,10,"extreme_metal",0.43
6063,"02KTSos6KmLPG8pGozx2np","Vreid","Wild North West","Wild North West",24,323319,FALSE,0.865,-4.902,1,0.0363,2.61e-05,0.813,0.0452,0.191,82.466,4,10,"extreme_metal",0.57
6088,"2JIRtFAIUkd86PQD12Hm7r","Darkthrone","Transilvanian Hunger","Transilvanian Hunger - Studio",48,369760,TRUE,1,-4.92,0,0.135,0.016,0.447,0.45,0.0215,138.616,4,10,"extreme_metal",0.37
6089,"1gUrib1Zs9FCjWQhqQX6dh","Eisregen","Marschmusik","Fleischbrand",24,329426,FALSE,0.939,-6.032,1,0.0771,2.06e-05,0.00343,0.354,0.315,140.049,4,10,"extreme_metal",0.43
6091,"39CWhngoWrX3oxZM8Y15H0","Hypocrisy","End of Disclosure","Tales of Thy Spineless",25,276324,FALSE,0.958,-5.11,0,0.13,1.87e-06,0.703,0.171,0.139,110,3,10,"extreme_metal",0.29
6108,"17Iq7ApAAlNFD2FkY2YtsV","Behemoth","The Satanist","The Satanist",40,333826,TRUE,0.943,-4.108,0,0.0556,0.000175,0.000156,0.125,0.338,112.084,4,10,"extreme_metal",0.54
6121,"7zuXFwL74ARL4m44jO3sWl","Gruzja","Vulgator (Priest Simulator Ost)","Steampop",22,212246,FALSE,0.942,-5.292,1,0.175,7.86e-05,0.00237,0.509,0.401,149.947,4,10,"extreme_metal",0.39
6139,"1DZdEQAf8dht2RfDk1TDGW","Eisregen","Krebskollektion","Mein Eichensarg",22,304613,FALSE,0.918,-6.678,0,0.131,9.23e-05,0,0.0837,0.108,90.086,4,10,"extreme_metal",0.29
6141,"7lU6oNl33lp9UGYal9qsVv","Samael","Ceremony of Opposites","Ceremony of Opposites",21,279626,FALSE,0.846,-6.371,1,0.0464,0.000409,0.825,0.137,0.207,136.903,4,10,"extreme_metal",0.38
6144,"4yf6kr6pFc26AzMkIoSs8A","Darkthrone","Circle The Wagons","Circle The Wagons",21,166826,FALSE,0.936,-4.072,1,0.0734,0.0442,0.00813,0.308,0.333,73.833,4,10,"extreme_metal",0.38
6155,"4ByIhPSLMKHEJVsDNgUAI4","(DOLCH)","Feuer","Halo",22,432133,FALSE,0.618,-8.491,1,0.0439,0.0042,0.000592,0.327,0.267,100.035,4,10,"extreme_metal",0.53
6163,"4rnmcbGtbxQA1eFcmfIbN2","Moonspell","Sin / Pecado","Abysmo",21,299800,FALSE,0.947,-6.007,1,0.0563,0.000211,0.54,0.0905,0.258,137.118,4,10,"extreme_metal",0.55
6176,"258OaHJGpeLZwvkaTNrrpE","Empyrium","Songs of Moors and Misty Fields","The Blue Mists of Night",22,385600,FALSE,0.688,-8.788,0,0.0372,0.00139,0.759,0.164,0.261,139.735,3,10,"extreme_metal",0.42
6182,"0Js35d0JcXFyXnVQgzrYx1","1349","Hellfire","Celestial Deconstruction",20,465586,FALSE,0.981,-5.07,1,0.133,2.3e-06,0.788,0.303,0.0393,117.6,4,10,"extreme_metal",0.18
6183,"5P07nw7fUHLzob2vpmeWfV","Watain","Rabid Death's Curse","On Horns Impaled",20,152133,FALSE,0.905,-4.609,1,0.0815,2.64e-06,0.574,0.326,0.0739,120.535,4,10,"extreme_metal",0.26
6188,"1aljGk9OVX7tis8740niUb","Portrayal of Guilt","CHRISTFUCKER","Dirge",22,158029,FALSE,0.911,-6.515,1,0.0936,0.015,0.652,0.0539,0.0565,147.733,4,10,"extreme_metal",0.5
6190,"4NgewKQuWI3C2vdt6rxFUI","Wolves In The Throne Room","Thrice Woven","Fires Roar in the Palace of the Moon",20,689693,FALSE,0.944,-5.628,1,0.153,0.000139,0.817,0.0935,0.0342,151.694,4,10,"extreme_metal",0.44
6202,"3rjbECiejTVvyYav4pTeRN","Agalloch","The Mantle","A Celebration For The Death Of Man... (2016 - Remaster)",9,144347,FALSE,0.549,-9.73,1,0.0322,0.315,0.946,0.125,0.235,115.101,4,10,"extreme_metal",0.25
6208,"54cBqIDAX3dH5Ys1DKgDWR","Bloodbath","Nightmares Made Flesh","Eaten",48,258133,TRUE,0.967,-4.213,1,0.0576,9.96e-05,0,0.103,0.198,147.999,4,10,"extreme_metal",0.55
6216,"4LSPVzDF1WcUedAG4hqtcm","Myrkur","Myrkur","Nattens Barn",21,355605,FALSE,0.846,-4.866,1,0.108,0.00814,0.000539,0.0511,0.0588,91.081,5,10,"extreme_metal",0.52
6217,"7c0k1qJjbnu3cvGLcxPs52","Warmoon Lord","Battlespells","The Key of The Moonpiercer",20,415491,FALSE,0.855,-13.9,1,0.0575,1.79e-05,0.883,0.116,0.0757,154.105,4,10,"extreme_metal",0.45
6224,"2IPXLiYZh7UjY0R3JWRwM6","Burzum","Filosofem","Erblicket Die Tochter Des Firmaments",44,473306,FALSE,0.742,-8.462,1,0.0518,1.07e-06,0.978,0.446,0.111,89.384,4,10,"extreme_metal",0.52
6227,"5Xa8AhVrlg4W5deVWGb22G","Winds of Plague","Decimate the Weak","Legions",21,229453,FALSE,0.929,-4.92,0,0.172,7.1e-05,0.945,0.148,0.0574,117.079,4,10,"extreme_metal",0.48
6236,"4DxJKxGAJMus7zVDOGI3Ab","Summoning","Lugburz","Flight of the Nazgul",20,427000,FALSE,0.951,-9.627,0,0.262,0.013,0.384,0.0626,0.054,76.699,4,10,"extreme_metal",0.53
6240,"4qjKLLs3W1Ti5HVkL27wBl","Bucovina","Sub Stele","Luna Preste Varfuri",21,299880,FALSE,0.959,-5.554,1,0.0481,3.88e-05,0.0581,0.382,0.579,164.994,4,10,"extreme_metal",0.57
6241,"2k96T62rRwtvgFk7Uatx2G","Sodom","Code Red","Addicted to Abstinence",22,126573,FALSE,0.973,-6.117,1,0.242,3.23e-05,1.73e-06,0.0969,0.301,165.225,4,10,"extreme_metal",0.47
6267,"5w7AxA2pwAm79SvYHKEE32","Samael","Worship Him","Worship Him",19,389653,FALSE,0.807,-6.554,1,0.0344,3.62e-05,0.633,0.269,0.251,117.789,4,10,"extreme_metal",0.48
6279,"3WJsbRrS5rE2FxBWe1Pkhq","Bölzer","Hero","Phosphor",20,467333,FALSE,0.981,-7.823,0,0.0908,2.68e-05,0.534,0.144,0.0965,127.326,4,10,"extreme_metal",0.51
6285,"2aLXBmo9asXX5vC3n2hY3r","Samael","Passage","Chosen Race",19,248226,FALSE,0.959,-6.67,1,0.0677,1.23e-05,0.175,0.305,0.114,126.285,4,10,"extreme_metal",0.45
6296,"1AOWSGUA9YCuWRq5mZS6v1","Moonspell","From Down Below - Live 80 Meters Deep","The Great Leap Forward - Live 80 Meters Deep",20,445133,FALSE,0.982,-7.799,1,0.334,0.000904,0.887,0.38,0.0355,120.014,4,10,"extreme_metal",0.38
6313,"5ZJwjTma5MQDjPIxP5HiTn","Dissection","Reinkaos","Black Dragon",41,288182,TRUE,0.898,-4.308,0,0.0378,1.31e-05,0.0647,0.312,0.545,51.436,4,10,"extreme_metal",0.29
6366,"2ktq6Mjg0O6BVq9U8FTzGE","Jesus Piece","3 Song Tape","Left to Drown",20,120104,FALSE,0.969,-8.917,0,0.0865,0.00811,0.205,0.343,0.0919,146.995,4,10,"extreme_metal",0.37
6367,"7xNAfLzAmOJ2jQctZ9NvsA","Regarde Les Hommes Tomber","Ascension","Stellar Cross",19,490386,FALSE,0.948,-4.929,1,0.146,0.000435,0.469,0.205,0.131,193.46,4,10,"extreme_metal",0.19
6373,"3QfhY9bgWzVu1Wrw0MIZek","Mystifier","Goetia","Aleister Crowley And Ordo Templi Orientis",19,483586,FALSE,0.83,-17.787,1,0.163,0.00161,0.267,0.0637,0.121,82.773,3,10,"extreme_metal",0.51
6375,"0xsc68Mozt4PuX4TKvncFN","Primordial","Where Greater Men Have Fallen","Babel's Tower",19,494060,FALSE,0.945,-4.349,1,0.0967,0.000325,0.0559,0.162,0.214,121.99,4,10,"extreme_metal",0.45
6398,"53c9YHuifgAWJoqgPOgPUn","Unleashed","Gods of Death Metal","Long Before Winter's Call",0,227616,FALSE,0.993,-4.465,1,0.131,7.84e-05,0.00622,0.127,0.0398,103.052,4,10,"extreme_metal",0.51
6400,"1INgqSIf08RlPhcWSrXXP4","Deafheaven","Infinite Granite","In Blur",42,329853,FALSE,0.964,-4.044,0,0.0507,0.0141,0.694,0.376,0.438,168.021,4,10,"extreme_metal",0.56
6408,"6FPASokCZtXjBQl2jBKYxY","Bal-Sagoth","Battle Magic","Tale From The Deep Woods",18,336400,FALSE,0.943,-8.156,0,0.0813,6.97e-05,0.0117,0.318,0.336,101.578,4,10,"extreme_metal",0.62
6414,"5GNHQPuKKVIwezxNtGBwlM","Istapp","Blekinge","Evig Köld Koncentrerad",19,208000,FALSE,0.887,-6.479,1,0.0732,8.08e-05,0.0108,0.54,0.538,161.697,3,10,"extreme_metal",0.29
6417,"6NA9XsV1pzeW2QqPn8pi4g","Cradle Of Filth","Thornography","Lovesick for Mina",18,420493,FALSE,0.903,-5.888,0,0.0315,0.000103,0.00752,0.244,0.252,95.288,4,10,"extreme_metal",0.36
6435,"05nNelgkr53RyE6Y7lfiXe","Necrophobic","Mark Of The Necrogram","Odium Caecum",19,265333,FALSE,0.924,-5.64,1,0.108,2.93e-05,0.733,0.0905,0.0876,179.984,4,10,"extreme_metal",0.3
6436,"2M95nL0Ud35yRuvbNKgxIx","Fleshgod Apocalypse","Labyrinth","Under Black Sails",20,446453,FALSE,0.986,-2.893,1,0.249,0.00876,0.0746,0.265,0.0393,127.431,3,10,"extreme_metal",0.32
6443,"1FUyPiN2gSCXDNVuD5MgvE","Vintersorg","Cosmic Genesis","The Enigmatic Spirit",20,283386,FALSE,0.534,-8.287,0,0.0406,0.226,0,0.1,0.145,120.01,4,10,"extreme_metal",0.39
6448,"5J8qjaktW6spMOoWBxVWrx","Toxic Holocaust","Primal Future: 2019","Cybernetic War",20,327706,FALSE,0.959,-5.024,1,0.148,0.000107,0.0729,0.084,0.133,166.018,4,10,"extreme_metal",0.56
6450,"3g3xeraZHEGDAS52YT3eku","Cult Of Fire","Ascetic Meditation Of Death","Kali Ma",37,367266,FALSE,0.741,-4.131,0,0.0784,1.03e-05,0.737,0.322,0.037,93.742,4,10,"extreme_metal",0.39
6463,"1AlGB2QDSuanDxQYBhmdym","LIK","Misanthropic Breed","Misanthropic Breed",19,81724,FALSE,0.522,-6.572,1,0.0446,0.0925,0.981,0.278,0.0836,159.835,4,10,"extreme_metal",0.52
6479,"3sZnMMojrkwOxzdV1zUf2J","Leviathan","Scar Sighted","Within Thrall",18,337980,FALSE,0.942,-7.231,0,0.0982,7.48e-06,0.714,0.112,0.133,152.13,4,10,"extreme_metal",0.53
6499,"0A6yvUmWmoAOzHH0o1UdUj","Portrayal of Guilt","CHRISTFUCKER","Master/Slave",19,155318,FALSE,0.984,-4.521,1,0.194,0.00352,0.646,0.719,0.0318,152.979,3,10,"extreme_metal",0.39
6503,"0EccT8UeXWgXtgm5XwFoYJ","Sarastus","II-Toinen Tuleminen","Sanat Kuolleiden",18,182000,FALSE,0.989,-2.964,0,0.0737,9.67e-06,2.36e-05,0.517,0.101,120.07,4,10,"extreme_metal",0.45
6506,"00IXrawIDidTg6RrN3pt6X","Khold","Svartsyn","Dystopi",18,241564,FALSE,0.75,-13.219,1,0.0384,4.59e-06,0.00219,0.101,0.25,95.004,4,10,"extreme_metal",0.45
6529,"4kDJ3wToUoZxnCgHeFrSPI","Necrophobic","Dawn of the Damned","Tartarian Winds",18,264600,FALSE,0.88,-4.989,0,0.0533,2.92e-06,0.249,0.0727,0.251,109.97,4,10,"extreme_metal",0.48
6546,"2B34RFUGMBZKwONE5sElkm","Eisregen","Blutbahnen / eine erhalten (Remastered 2022)","Eisenkreuzkrieger - Remastered 2022",19,260372,TRUE,0.951,-6.788,0,0.0618,0.00929,0.000627,0.184,0.146,145.347,4,10,"extreme_metal",0.55
6550,"5ewW3UyoQblDHBySUFfNi9","Alcest","Split EP","Circe Poisoning the Sea",38,189506,FALSE,0.189,-16.322,0,0.0306,0.944,0.952,0.113,0.0645,131.934,3,10,"extreme_metal",0.65
6553,"1pF5SqpGCz8tHh0MR88Tg4","Celtic Frost","Into the Pandemonium","Mexican Radio",8,209320,FALSE,0.931,-7.779,1,0.0777,9.83e-06,0.0792,0.0371,0.424,178.937,4,10,"extreme_metal",0.29
6554,"61E94KWRUkFqUPqr56oYjD","Forefather","Steadfast","Steadfast",18,306680,FALSE,0.95,-5.124,1,0.0625,4.36e-05,0.298,0.294,0.352,106.627,4,10,"extreme_metal",0.62
6556,"5FTkkXzay4muIam94XQwPT","Mizmor;Thou","Myopia","Myopia",19,621811,FALSE,0.729,-9.062,1,0.0419,0.000237,0.865,0.176,0.117,101.779,3,10,"extreme_metal",0.34
6565,"0mXilykDwoHhujMB1Yjzxa","Månegarm","Urminnes hävd - The Forest Sessions","Utfärd",18,185973,FALSE,0.638,-7.516,1,0.0388,0.0712,0.000619,0.563,0.292,138.251,4,10,"extreme_metal",0.5
6566,"38HX0862Hxv9juLuRLrtIw","Hulder","Godslastering: Hymns of a Forlorn Peasantry","Purgations of Bodily Corruptions",19,263048,FALSE,0.963,-7.212,1,0.0752,0.0955,0.287,0.0732,0.111,150.123,4,10,"extreme_metal",0.29
6587,"6WREIMikCOAKdwqcO4jUI1","Bucovina","Septentrion","Septentrion",18,279733,FALSE,0.977,-3.58,1,0.0388,0.000145,0.00539,0.11,0.475,136.027,4,10,"extreme_metal",0.46
6595,"2j5e5FQit6wo7r7L8EYNSL","Fleshgod Apocalypse","King","The Fool - Orchestral Version",18,246360,FALSE,0.455,-11.947,1,0.0398,0.742,0.904,0.106,0.285,114.971,4,10,"extreme_metal",0.4
6602,"1acx35894eJWiwnjN7faXD","Bathory","Bathory","Hades",44,170000,FALSE,0.922,-7.592,0,0.104,3.03e-06,0.914,0.0802,0.2,101.185,4,10,"extreme_metal",0.49
6611,"7c99nCB4ie0DBMLyPGajfe","Rotting Christ","The Heretics","Vetry Zlye",38,194683,FALSE,0.919,-4.838,1,0.0987,1.22e-05,0.048,0.0824,0.126,136.013,3,10,"extreme_metal",0.48
6641,"3SYk0BQzYeuoOOwoSStypY","Windir","Likferd","Despot",17,361800,FALSE,0.623,-5.794,0,0.0531,1.21e-06,0.935,0.224,0.192,90.051,4,10,"extreme_metal",0.41
6655,"1X0hnY9QLx44Zl9BwKm0It","I AM","Hard 2 Kill","Steel Roses",18,330294,FALSE,0.844,-4.28,1,0.0579,0.000605,0.468,0.111,0.0723,139.964,4,10,"extreme_metal",0.47
6657,"45znDER6ghdltzbU6EyvPR","Unanimated","Ancient God Of Evil","Eye Of The Greyhound",18,271413,FALSE,0.956,-6.385,1,0.157,2.54e-05,0.00612,0.44,0.126,129.066,4,10,"extreme_metal",0.44
6666,"5S98MKSX7MJKmLTyvNXdg9","Hecate Enthroned","The Slaughter of Innocence, A Requiem for the Mighty","Beneath a December Twilight",17,410533,FALSE,0.86,-12.73,1,0.0542,3.41e-05,0.886,0.311,0.0832,131.587,4,10,"extreme_metal",0.44
6705,"3AUAvzhXxyTerHasVjjVGc","Behemoth","The Satanist","Ben Sahar",36,334986,TRUE,0.954,-4.717,1,0.121,1.89e-05,0.0139,0.114,0.102,112.063,4,10,"extreme_metal",0.4
6737,"1VsLooKcj4aeV9BFI2hkj0","Bölzer","Hero","I Am III",17,563226,FALSE,0.981,-6.099,1,0.136,1.86e-05,0.0318,0.192,0.0379,122.936,4,10,"extreme_metal",0.46
6738,"0e8fq2R6fTZeJUtWCAVs11","Carach Angren","Lammendam","La Malédiction de la Dame Blanche",17,427506,FALSE,0.974,-5.143,1,0.188,3.61e-05,0.44,0.129,0.104,150.046,3,10,"extreme_metal",0.32
6745,"7vrHbwWSg3GutLqvpX0JQq","Anaal Nathrakh","Desideratum","The One Thing Needful",17,232744,FALSE,0.729,-3.251,1,0.122,6.46e-06,0.894,0.077,0.0764,114.877,4,10,"extreme_metal",0.16
6759,"3Ht6WjOHC5f29Tm1x1k6T6","The Spirit","Cosmic Terror","Serpent as Time Reveals",17,383422,TRUE,0.993,-7.262,1,0.158,2.68e-06,0.788,0.21,0.0363,98.978,4,10,"extreme_metal",0.48
6769,"6PIjdB2xzf6BTGdSk6EU2k","Hypocrisy","Abducted","Killing Art",18,176373,TRUE,0.962,-7.383,0,0.148,2.06e-06,0.703,0.263,0.211,122.922,4,10,"extreme_metal",0.43
6779,"5lKeJIU0KnJZEF2FE76B3y","Samael","Telepath","Telepath",16,215480,FALSE,0.971,-3.296,1,0.118,0.00266,0.00191,0.0735,0.304,145.811,4,10,"extreme_metal",0.59
6801,"049SQ7EJTypWBZFhqBDuhC","I AM","Life Through Torment","Face of Death",18,125000,TRUE,0.962,-5.76,1,0.128,3.59e-06,0.0486,0.507,0.42,95.121,4,10,"extreme_metal",0.33
6816,"2irXVa70RYAMtgqP4nqRNU","Nordjevel","Nordjevel","Norges Sorte Himmel",17,609226,TRUE,0.921,-5.664,0,0.0919,4.52e-06,0.76,0.248,0.0998,124.704,4,10,"extreme_metal",0.44
6821,"6KQ7xFNoyUdTR12ZtEpIBB","Månegarm","Fornaldarsagor","Krakes sista strid",17,458747,FALSE,0.876,-4.834,1,0.0388,9.7e-06,0.00137,0.335,0.332,140.014,3,10,"extreme_metal",0.29
6824,"7AIP5Lqy500r7pYtdCpphh","Wolves In The Throne Room","Celestite","Sleeping Golden Storm",16,541928,FALSE,0.345,-14.844,0,0.0385,0.813,0.922,0.154,0.0379,91.211,4,10,"extreme_metal",0.46
6828,"25M56KGDZ2hoxd9X6XoAYk","Marduk","Dark Endless","The Funeral Seemed to Be Endless",16,213866,FALSE,0.98,-6.672,1,0.132,1.48e-06,0.253,0.25,0.219,168.725,4,10,"extreme_metal",0.48
6831,"6HLwg6EZEMzXQDzCG5wcQH","Inquisition","Invoking the Majestic Throne of Satan","Enshrouded by Cryptic Temples of the Cult",16,279533,FALSE,0.955,-5.072,1,0.136,5.84e-05,0.923,0.167,0.0341,98.798,3,10,"extreme_metal",0.51
6836,"0iflcVvXTep1z3w9HEkOck","Inquisition","Obscure Verses for the Multiverse","Spiritual Plasma Evocation",17,321320,FALSE,0.926,-9.217,0,0.0934,1.06e-05,0.736,0.144,0.0722,115.009,4,10,"extreme_metal",0.29
6839,"3h1iFQztLecJNxMdPZtpZq","Inquisition","Magnificent Glorification of Lucifer","Magnificent Glorification of Lucifer",17,260426,FALSE,0.924,-5.622,1,0.0821,5.06e-05,0.877,0.0811,0.205,127.25,4,10,"extreme_metal",0.49
6844,"5kYoAM1xjTwU3lSunb9tWO","Inquisition","Invoking the Majestic Throne of Satan","Hail the King of All Heathens",16,320173,FALSE,0.921,-4.305,1,0.0908,0.000706,0.898,0.225,0.217,184.186,3,10,"extreme_metal",0.38
6846,"0z4W9IFRPeiJfcuc7nmFU0","Månegarm;Lea Grawsiö Lindström","En snara av guld (feat. Lea Grawsiö Lindström)","En snara av guld (feat. Lea Grawsiö Lindström)",17,335120,FALSE,0.776,-6.227,0,0.0338,0.00251,0.00016,0.114,0.169,75.023,4,10,"extreme_metal",0.36
6852,"4TcwetEa2cszEHAbUpG4dM","Thy Light","Suici.De.Pression (2012 Remastered Version)","In My Last Mourning... - 2012 Remaster",37,658760,TRUE,0.4,-10.543,0,0.0685,0.0017,0.932,0.114,0.0371,142.82,3,10,"extreme_metal",0.54
6862,"5YeAXCGFbunXX0FV7D71V4","Dimmu Borgir","Abrahadabra","Dimmu Borgir",43,335000,FALSE,0.969,-4.798,0,0.0837,7.08e-05,0.0289,0.555,0.332,130.16,4,10,"extreme_metal",0.4
6865,"59ABS9TGj42JhK53tyMZNN","Der Weg einer Freiheit","Der Weg einer Freiheit","Ewigkeit",16,425493,FALSE,0.776,-5.793,1,0.0507,2.27e-06,0.899,0.078,0.215,114.964,4,10,"extreme_metal",0.48
6867,"430b2oO6J44m39VBLKE2De","Vargrav","Reign in Supreme Darkness","In Streams from Great Mysteries",17,354051,FALSE,0.871,-8.292,1,0.0806,1.65e-05,0.908,0.37,0.0359,82.308,3,10,"extreme_metal",0.57
6871,"33s79TvOucGLnJLjAX7N4b","Primordial","Where Greater Men Have Fallen","Come the Flood",17,436633,FALSE,0.969,-4.581,1,0.0972,0.00014,0.00545,0.347,0.0503,101.464,3,10,"extreme_metal",0.37
6874,"5bI5zVdbMKtO9JgeUIocW6","Theatres Des Vampires","Moonlight Waltz","Sangue",17,238960,FALSE,0.937,-3.76,0,0.0426,0.321,7.69e-06,0.196,0.67,149.998,4,10,"extreme_metal",0.31
6877,"16kr19DhH7WAPmHsYw46tI","Theatres Des Vampires","Suicide Vampire","Lilith Mater Inferorum",17,225266,FALSE,0.723,-5.785,1,0.0335,0.000265,0.000631,0.27,0.195,149.799,4,10,"extreme_metal",0.41
6878,"1JJlnyhwxEJWyd11JLPPiV","Truchło Strzygi","Nad Którymi Nie Czuwa Żaden Stróż","Jasna Pustka",18,211062,TRUE,0.933,-5.682,1,0.0701,6.54e-06,0.0671,0.469,0.058,166.557,4,10,"extreme_metal",0.37
6883,"6L6tlqIYJmK7hwZQmzXuoC","Dark Funeral","Diabolis Interium","Heart of Ice",16,274240,FALSE,0.941,-5.128,1,0.13,0,0.252,0.0602,0.0328,126.529,4,10,"extreme_metal",0.37
6888,"5eRVPID9Jd2mvaVrJWaoKD","Primordial","Exile Amongst the Ruins","Upon Our Spiritual Deathbed",16,508393,FALSE,0.901,-6.318,1,0.0751,4.28e-05,0.000649,0.126,0.0795,160.184,4,10,"extreme_metal",0.45
6892,"0jHC9DYdiVhgqwgrrQnynX","Moonspell","The Antidote","The Southern Deathstyle",18,247480,FALSE,0.93,-4.72,0,0.176,0.000123,0.815,0.316,0.503,137.008,4,10,"extreme_metal",0.36
6896,"28TbVu2FO5BuiY2ZszGiLm","Morbid Angel","Formulas Fatal to the Flesh","Covenant of Death",17,368000,FALSE,0.963,-7.56,1,0.11,0.000112,0.56,0.363,0.22,100.586,4,10,"extreme_metal",0.31
6907,"5maqE0Bx0zNFvliGm50VBi","Avslut","Tyranni","Tyranni",17,233439,TRUE,0.985,-6.876,0,0.167,2.61e-06,0.27,0.321,0.0397,119.967,1,10,"extreme_metal",0.45
6923,"3pRYJJpoooF552RU4FYG8m","Odraza","Esperalem Tkane","Wielki Mizogin",17,194821,TRUE,0.982,-5.466,0,0.186,0.000128,0.0102,0.729,0.12,159.926,4,10,"extreme_metal",0.43
6936,"7vQS9xDSohpM2Y450RmPKH","Desaster","The Arts of Destruction","Phantom Funeral",17,312240,FALSE,0.994,-4.908,1,0.167,6e-06,0.0255,0.416,0.0383,163.551,4,10,"extreme_metal",0.46
6938,"6ElJ54n49iDJh8WmAAXx2r","Abbath","Abbath","Eternal",16,276944,FALSE,0.969,-6.543,1,0.0836,2.67e-06,0.654,0.148,0.247,109,4,10,"extreme_metal",0.46
6953,"73MwXimOLw8YivPCWOCFqe","Sabhankra","Powercraft","Powercraft",17,257013,FALSE,0.985,-7.518,1,0.107,0.00179,0.212,0.213,0.295,100.003,4,10,"extreme_metal",0.27
6972,"7gbjLoVKE8FZr8jra24GIR","Doomsday","Leyendas","Día De Muertos",16,228217,FALSE,0.942,-5.139,0,0.0569,0.000985,0.00228,0.381,0.501,149.832,4,10,"extreme_metal",0.55
6978,"02BHN1ZmEF1KSXYUWL9alN","Carpathian Forest","Likeim","Likeim",16,165030,FALSE,0.985,-6.411,1,0.175,5.35e-05,0.827,0.246,0.398,164.978,4,10,"extreme_metal",0.37
6980,"7Mzge90DaYRHsTCmg6SuTR","LIK","Mass Funeral Evocation","Serum 141",17,230600,TRUE,0.967,-4.891,1,0.111,4.17e-06,0.247,0.375,0.289,87.243,4,10,"extreme_metal",0.25
6987,"5GkFWVUlCk5zbrmfAl7p57","Antichrist Siege Machine","Purifying Blade","Defiled in Iniquity",17,188312,FALSE,0.991,-6.103,1,0.115,1e-06,0.84,0.287,0.0646,176.516,4,10,"extreme_metal",0.48
6993,"1LL4f5D8E5sdURjuADBD8s","Carnifex","Hell Chose Me (Bonus Track Version)","The Scope Of Obsession",17,175906,FALSE,0.976,-4.004,0,0.179,4.57e-05,0.0222,0.272,0.315,114.02,4,10,"extreme_metal",0.56
6996,"3SGBjlzkYK52pRFisKT3pJ","Satyricon","Live at the Opera","The Pentagram Burns",16,384946,FALSE,0.977,-10.303,1,0.0809,0.00794,0.0497,0.953,0.0594,125.004,4,10,"extreme_metal",0.2
7001,"5VYOUBkObeGOnCt30YDTJ3","Mipso","Edges Run","People Change",64,212853,FALSE,0.276,-14.945,1,0.0357,0.883,0.0124,0.122,0.409,79.204,4,3,"roots_rhythm_fusion",0.83
7013,"1BrS9cy4zHpXYq9oVYQJF5","Flatt & Scruggs","Foggy Mountain Jamboree (Expanded Edition)","Blue Ridge Cabin Home",34,175800,FALSE,0.512,-9.256,1,0.0322,0.628,0.000548,0.221,0.884,125.988,4,3,"roots_rhythm_fusion",0.58
7031,"66rH0YhjRwi2JUhjRKWqoT","Yonder Mountain String Band","Elevation","40 Miles from Denver",39,226586,FALSE,0.548,-8.886,1,0.0275,0.81,0.0193,0.272,0.622,108.004,4,3,"roots_rhythm_fusion",0.35
7038,"3wBzbRG2OnmKl9jYyR6umu","The Infamous Stringdusters","Laws Of Gravity","Gravity",34,221640,FALSE,0.613,-8.153,1,0.0271,0.213,0.0927,0.189,0.327,137.7,4,3,"roots_rhythm_fusion",0.28
7045,"5YM4SoGPSpQtCjfCRULUFf","Punch Brothers","Acoustic Christmas Campfire","O Come, O Come, Emmanuel",0,244880,FALSE,0.298,-11.326,0,0.0319,0.701,2.06e-06,0.13,0.174,118.907,4,3,"roots_rhythm_fusion",0.31
7046,"01YEp5KTfQyoRpH3Ci1oFz","Tennessee Ernie Ford","Reelin' and Trippin' (Classy Road Trip Songs)","Cincinnati Dancing Pig",0,169866,FALSE,0.51,-10.072,1,0.209,0.822,0.000162,0.202,0.652,144.849,4,3,"roots_rhythm_fusion",0.51
7047,"760KGGc6GTn2w180XKNrgq","The Steeldrivers","Reckless","You Put The Hurt On Me",39,224786,FALSE,0.297,-9.341,1,0.0254,0.879,6.28e-06,0.106,0.436,98.505,4,3,"roots_rhythm_fusion",0.71
7060,"4236yFIkzAwrNhwb9hZzqY","The Wood Brothers","Paradise","Never and Always",33,236253,FALSE,0.452,-7.648,1,0.0406,0.326,0,0.113,0.653,146.019,4,3,"roots_rhythm_fusion",0.91
7065,"11JU4vvukl7eQAd4PLKJtQ","Alison Krauss & Union Station","New Favorite","Choctaw Hayride",30,190866,FALSE,0.705,-9.01,0,0.0273,0.0974,0.969,0.356,0.766,136.808,4,3,"roots_rhythm_fusion",0.57
7085,"1qYI5TYXjlMD7uJMF6JyYj","Greensky Bluegrass","All Access: Volume Two","I Know You Rider",31,500893,FALSE,0.733,-7.708,1,0.0389,0.674,0.0902,0.807,0.678,119.795,4,3,"roots_rhythm_fusion",0.38
7093,"1avQ2x0WLb4l0wENRWSras","Town Mountain","Heroes & Heretics","Black-Eyed Susan",31,221960,FALSE,0.44,-11.16,1,0.031,0.856,0.184,0.0434,0.333,102.194,4,3,"roots_rhythm_fusion",0.38
7109,"3BOUYaKNALBl9j64wfxplM","Hot Rize","Hot Rize","High On A Mountain",29,186333,FALSE,0.274,-16.033,1,0.0377,0.793,8.49e-05,0.227,0.682,201.5,4,3,"roots_rhythm_fusion",0.55
7112,"2XqqXmfYKFC8z4tj4BXx2q","Trampled by Turtles","Wild Animals","Silver Light",30,264266,FALSE,0.477,-5.681,1,0.0316,0.185,0.0187,0.133,0.28,122.997,4,3,"roots_rhythm_fusion",0.58
7130,"2d6d9enSAO1ax45MwRw1rB","Blue Highway","Original Traditional","Don’t Weep For Me",28,208653,FALSE,0.775,-5.458,1,0.0465,0.54,0.000387,0.0502,0.811,205.864,4,3,"roots_rhythm_fusion",0.53
7140,"7GsaniI8jDoKvKujMXUGYs","The Steeldrivers","The Muscle Shoals Recordings","Too Much",27,222213,FALSE,0.614,-9.399,1,0.0385,0.171,0.000718,0.27,0.348,118.564,4,3,"roots_rhythm_fusion",0.29
7153,"5UK4j1axMzwv8W6Cn1GqRp","Reno & Smiley","Early Years 1951-1959 - Volume 2","Trail Of Sorrow",27,139440,FALSE,0.487,-8.684,1,0.0379,0.779,0.00439,0.259,0.595,99.733,4,3,"roots_rhythm_fusion",0.64
7159,"3dC3qhF7T9fsfBpLVeZqcf","Greensky Bluegrass","All for Money","All for Money",27,462660,FALSE,0.437,-13.102,1,0.0311,0.614,0.693,0.309,0.401,95.406,4,3,"roots_rhythm_fusion",0.64
7163,"5bvFI6pTCfWMzBk0MeL1C6","Greensky Bluegrass","Stress Dreams","Absence of Reason",27,257358,FALSE,0.587,-11.745,1,0.0292,0.338,0.344,0.291,0.579,100.432,4,3,"roots_rhythm_fusion",0.57
7167,"4FNYb2hZ0oNCaF3chpzscz","Trampled by Turtles","On the Highway","It's So Hard to Hold On",28,217960,FALSE,0.663,-7.999,1,0.0267,0.409,0.000339,0.128,0.581,126.367,4,3,"roots_rhythm_fusion",0.77
7175,"7neNPI7qnFBrk20jqXSUzd","Greensky Bluegrass","Shouted, Written Down & Quoted","Room Without a Roof",27,267533,FALSE,0.463,-9.802,1,0.0269,0.389,0.0592,0.0926,0.467,92.73,4,3,"roots_rhythm_fusion",0.42
7180,"0ojJrrtH58tdqlFGWojyZd","Trampled by Turtles","Wild Animals","Are You Behind the Shining Star?",30,182840,FALSE,0.664,-4.517,1,0.03,0.0531,0.0062,0.104,0.434,144.786,4,3,"roots_rhythm_fusion",0.37
7191,"4hZCKKgXe30ovwxQK5vcC7","Trampled by Turtles","Palomino","Again",29,195773,FALSE,0.224,-10.281,1,0.029,0.779,0.000697,0.102,0.176,115.172,4,3,"roots_rhythm_fusion",0.39
7193,"4zbviFbEpcz1f1SEagU0qm","Carolina Chocolate Drops","Leaving Eden","Country Girl",29,202000,FALSE,0.673,-6.466,1,0.0878,0.677,0,0.267,0.591,97.789,4,3,"roots_rhythm_fusion",0.48
7195,"3S0KXoeGj2UIMc6RO1EDB4","Yonder Mountain String Band","Town by Town","Rambler's Anthem",27,173066,FALSE,0.537,-9.03,0,0.0333,0.544,0.012,0.251,0.917,148.418,4,3,"roots_rhythm_fusion",0.33
7197,"6izTeonyCNymXZ6VjFdF3l","The Devil Makes Three","A Little Bit Faster And A Little Bit Worse","Uncle Harvey's Plane",28,240440,FALSE,0.57,-10.798,1,0.0843,0.774,0.000101,0.976,0.827,119.912,4,3,"roots_rhythm_fusion",0.46
7199,"5D4yWRy2TXUujlb0KuxujZ","Flatt & Scruggs","Foggy Mountain Banjo","Reuben",27,120320,FALSE,0.685,-8.69,1,0.0288,0.157,0.35,0.264,0.909,134.839,4,3,"roots_rhythm_fusion",0.27
7204,"6ENVwFz5VkToGbR4MTAtaa","Honeybucket","Honeybucket","Ohio",26,209253,FALSE,0.872,-6.214,1,0.0337,0.047,0.000121,0.107,0.964,101.045,4,3,"roots_rhythm_fusion",0.84
7207,"7MdoheA6np37rjQOG42SYF","Alison Krauss;John Waite","A Hundred Miles Or More: A Collection","Missing You",53,281306,FALSE,0.736,-6.536,1,0.0238,0.00167,0.00179,0.194,0.418,103.233,4,3,"roots_rhythm_fusion",0.83
7208,"2hrUbDYNkBQlSwbUn7RR70","Greensky Bluegrass","Stress Dreams","Worry for You",27,273114,FALSE,0.574,-12.127,1,0.0315,0.198,0.104,0.28,0.581,124.79,4,3,"roots_rhythm_fusion",0.49
7229,"1J8k4B3V39SryY7NcR0kf9","Breaking Grass","Just As Strong","Raining In Virginia",26,180320,FALSE,0.625,-7.013,1,0.0283,0.596,0,0.138,0.718,145.088,4,3,"roots_rhythm_fusion",0.53
7238,"4uK4kHwFyJdehrTvdXAQhr","John Hartford","Aereo-Plain","Steamboat Whistle Blues",27,205253,FALSE,0.493,-12.303,1,0.032,0.41,0.00422,0.168,0.831,105.739,4,3,"roots_rhythm_fusion",0.76
7240,"4nF7M1IOufddgckdHYYdmG","Yonder Mountain String Band","Elevation","The Bolton Stretch",27,165360,FALSE,0.644,-9.479,1,0.0337,0.645,5.61e-05,0.334,0.903,138.787,4,3,"roots_rhythm_fusion",0.34
7253,"5l6A9ZtGoJNoUKQHJAxNgP","The Po' Ramblin' Boys","Back to the Mountains","I Can't Go on This Way",25,123831,FALSE,0.761,-6.491,1,0.033,0.624,1.3e-06,0.238,0.908,139.514,4,3,"roots_rhythm_fusion",0.77
7258,"3gKF6PkKGTz96d6blRCZGQ","Punch Brothers","Who's Feeling Young Now?","Clara",25,201386,FALSE,0.495,-6.595,1,0.0293,0.839,1.59e-05,0.198,0.611,119.859,4,3,"roots_rhythm_fusion",0.4
7279,"0AdxoxyZkcVvVosf8pXNe3","Greensky Bluegrass","Shouted, Written Down & Quoted","While Waiting",26,204899,FALSE,0.456,-9.348,1,0.0266,0.771,0.000273,0.116,0.399,104.487,4,3,"roots_rhythm_fusion",0.61
7282,"2V3w0JAQYU39IgTlHGMAXZ","Nickel Creek","A Dotted Line","Christmas Eve",25,262786,FALSE,0.284,-10.222,1,0.0278,0.775,3.47e-06,0.105,0.241,136.014,4,3,"roots_rhythm_fusion",0.52
7287,"50Wwz1iZEhlWT6xddFS8qS","Trampled by Turtles","Palomino","It's a War",28,150693,FALSE,0.909,-4.699,0,0.0433,0.245,0.00926,0.162,0.591,178.323,4,3,"roots_rhythm_fusion",0.58
7293,"5F3d99d2ic4egeBwTWd0XQ","Greensky Bluegrass","All Access: Volume Two","Old Barns",26,332920,FALSE,0.749,-7.075,1,0.0349,0.525,0.0568,0.223,0.567,109.084,4,3,"roots_rhythm_fusion",0.59
7302,"6f249Hnx4ZO5Ioug2uS4r9","Sara Watkins","Under the Pepper Tree","Night Singing",50,131248,FALSE,0.056,-18.751,0,0.0347,0.955,0.00612,0.11,0.0728,131.127,4,3,"roots_rhythm_fusion",0.88
7315,"3CU1pPcJmLxLgtkpJOTfUv","The Devil Makes Three","Redemption & Ruin","Down In The Valley",26,191030,FALSE,0.584,-9.662,1,0.0357,0.765,0.0118,0.228,0.813,118.372,4,3,"roots_rhythm_fusion",0.58
7326,"3spGkhIhKBYRZcC3crNiZz","Trampled by Turtles","Sigourney Fever","Pocahontas",26,270733,FALSE,0.585,-8.005,1,0.0312,0.385,3.64e-05,0.121,0.52,122.85,4,3,"roots_rhythm_fusion",0.4
7330,"2VAqQZTzHxGReOUeSLVk7l","The Infamous Stringdusters","Let It Go","Summercamp",24,212626,FALSE,0.613,-6.663,0,0.0307,0.195,0.00263,0.271,0.788,146.969,4,3,"roots_rhythm_fusion",0.57
7332,"4WMsEfJhEFHffirMQh3Mg6","Nickel Creek","Why Should The Fire Die?","Why Should The Fire Die?",24,170746,FALSE,0.0464,-18.13,1,0.0333,0.954,0,0.133,0.211,104.422,3,3,"roots_rhythm_fusion",0.49
7338,"1accCvYMwzu2MzK7TH8puw","The Devil Makes Three","Do Wrong Right","Cheap Reward",26,190306,FALSE,0.559,-8,1,0.0356,0.484,3.65e-05,0.102,0.887,105.774,3,3,"roots_rhythm_fusion",0.33
7349,"3RTsCWzv0pfLiYfkR4EVFu","The Broken Circle Breakdown Bluegrass Band","The Broken Circle Breakdown (Original Motion Picture Soundtrack)","Sister Rosetta Goes Before Us",25,195586,FALSE,0.218,-13.53,1,0.0279,0.843,0.000332,0.103,0.239,137.876,4,3,"roots_rhythm_fusion",0.55
7358,"6gIltQLpqAjGaYClJQgoSQ","Alison Krauss & Union Station","New Favorite","Daylight",24,243400,FALSE,0.466,-8.023,1,0.0288,0.524,1.01e-05,0.0936,0.455,125.18,4,3,"roots_rhythm_fusion",0.58
7374,"0Ybn1UqzLl4pfOZlsyR6Ew","Greensky Bluegrass","Stress Dreams","Give a Shit",24,296306,TRUE,0.577,-11.437,1,0.0371,0.541,0.113,0.142,0.49,106.51,4,3,"roots_rhythm_fusion",0.41
7375,"2VctOSaEQpfGWcREzSyf3g","Steep Canyon Rangers","Arm in Arm","Sunny Days",23,304640,FALSE,0.864,-5.277,1,0.0305,0.201,0.000497,0.214,0.57,148.843,4,3,"roots_rhythm_fusion",0.49
7377,"1VjEPwSwv5sfnnXQYEmb8d","Lonesome River Band","Heyday","Heyday",23,188773,FALSE,0.475,-7.977,1,0.0277,0.715,0,0.272,0.777,138.945,4,3,"roots_rhythm_fusion",0.33
7383,"2NC2pajpVtCBIJRg4GBPjy","Split Lip Rayfield","Never Make It Home","Kiss of Death",25,256146,FALSE,0.792,-6.872,0,0.0517,0.0901,6.15e-06,0.211,0.897,89.361,4,3,"roots_rhythm_fusion",0.75
7390,"1di7K4MT6glHnjMb7lIymx","Greensky Bluegrass","If Sorrows Swim","Kerosene",24,313773,FALSE,0.738,-6.739,1,0.0319,0.303,0.781,0.131,0.625,171.665,4,3,"roots_rhythm_fusion",0.49
7391,"7kWysjLOai5rinqXAqkYRp","The Infamous Stringdusters","Let It Go","I'll Get Away",23,248920,FALSE,0.664,-8.996,1,0.0342,0.629,0.000328,0.119,0.445,123.909,4,3,"roots_rhythm_fusion",0.25
7407,"7qcrcJgbl5WCiLVpPNCPqd","Punch Brothers","Antifogmatic","Alex",23,299973,FALSE,0.122,-16.406,1,0.0344,0.837,0.000108,0.115,0.35,84.289,4,3,"roots_rhythm_fusion",0.62
7421,"4MSgj7gZYsJ5744xlmajH5","Hot Buttered Rum","Live in the Northeast","Busted in Utah",23,394866,FALSE,0.737,-7.662,1,0.0362,0.78,0.0328,0.871,0.753,137.94,4,3,"roots_rhythm_fusion",0.56
7431,"399qLycR0H4b1fN0FZTLy5","Balsam Range","Papertown","Any Old Road (Will Take You There)",23,206280,FALSE,0.627,-8.103,1,0.0313,0.874,4.55e-05,0.311,0.619,119.529,4,3,"roots_rhythm_fusion",0.49
7435,"238T0ZNKZbpp28cnqbuRYz","Pickin' On Series","Pickin' on the 90s","Inside Out - Bluegrass Rendition of Eve 6",24,211025,FALSE,0.467,-6.92,1,0.0449,0.736,4.24e-06,0.134,0.701,174.913,4,3,"roots_rhythm_fusion",0.65
7436,"0eSnv6EDeSDNWeJsKSnCHT","The Infamous Stringdusters","Rise Sun","Another Night",23,233439,FALSE,0.83,-6.302,0,0.0339,0.115,0.000159,0.706,0.529,118.228,4,3,"roots_rhythm_fusion",0.72
7441,"29xQu5E6JmRwmebUe8RnLN","Greensky Bluegrass","All Access: Volume One","When I Paint My Masterpiece",24,167013,FALSE,0.776,-6.516,1,0.0304,0.208,0,0.954,0.876,123.662,4,3,"roots_rhythm_fusion",0.5
7463,"3zE9Q8aIymiksP2MPHGXwH","Alison Brown","Twilight Motel","Shoot The Dog",22,205800,FALSE,0.637,-9.148,0,0.0298,0.492,0.831,0.198,0.961,149.652,4,3,"roots_rhythm_fusion",0.81
7464,"7juX89alZ9amkn0vPVQrnT","The Isaacs","The Living Years","For Those Tears I Died",38,181760,FALSE,0.117,-13.659,1,0.0315,0.901,0,0.0546,0.231,77.202,4,3,"roots_rhythm_fusion",0.87
7469,"7cptHgjGLjt1skDmCLhCwW","Bryan Sutton","A Toast to St. Patrick! - Irish Drinking Songs","Whiskey Before Breakfast",22,175373,FALSE,0.669,-10.413,1,0.0338,0.149,0.945,0.187,0.964,122.243,4,3,"roots_rhythm_fusion",0.41
7482,"66wkBfdMJE56vJInpBO84n","Flatt & Scruggs","The Essential Earl Scruggs","Cripple Creek",22,124866,FALSE,0.887,-8.117,1,0.0358,0.27,0.973,0.207,0.966,134.796,4,3,"roots_rhythm_fusion",0.43
7492,"23XllLrWH3QweaZ88w6Bxa","Bill Monroe","Greatest Hits","Nine Pound Hammer Is Too Heavy",23,160133,FALSE,0.386,-15.507,1,0.0397,0.195,0.186,0.75,0.939,116.821,4,3,"roots_rhythm_fusion",0.56
7500,"4H5mY5OeUGWaidigLLPeoE","Alison Krauss;John Waite","A Hundred Miles Or More: A Collection","Lay Down Beside Me",43,299120,FALSE,0.251,-12.326,1,0.0277,0.623,0.000584,0.0847,0.268,74.761,3,3,"roots_rhythm_fusion",0.71
7505,"67XAUZv4o1ut9THNit8G3H","Doc Watson","Southbound","Call Of The Road",24,140800,FALSE,0.375,-15.072,0,0.0288,0.89,0.00499,0.137,0.622,142.08,4,3,"roots_rhythm_fusion",0.38
7510,"62HqUmvlVeS6G5qtr7upz2","Keller Williams","Loop","Kidney In a Cooler",23,359173,FALSE,0.41,-14.27,1,0.123,0.733,0.000106,0.132,0.684,90.887,4,3,"roots_rhythm_fusion",0.65
7526,"1fPR9NmjyesgssMvN9Vyja","Pickin' On Series","Pickin' on the 90s","Every Morning - Bluegrass Rendition of Sugar Ray",23,213153,FALSE,0.522,-6.136,1,0.027,0.716,4.51e-06,0.18,0.873,109.981,4,3,"roots_rhythm_fusion",0.32
7528,"0WyIhAFBnroUJ8Decba0j1","The Wood Brothers","Paradise","Singin' to Strangers",26,230986,FALSE,0.772,-5.386,1,0.0307,0.000496,0,0.338,0.653,152.819,4,3,"roots_rhythm_fusion",0.7
7531,"1M5tTMAsV7d4xq4EJK0Cbl","Greensky Bluegrass","Less Than Supper","Small Axe",23,343480,FALSE,0.646,-7.615,1,0.032,0.105,0.0153,0.0609,0.877,142.209,3,3,"roots_rhythm_fusion",0.39
7547,"2xGkuANyhyQQZ4yRIFDSum","The Dillards","Back Porch Bluegrass","Somebody Touched Me",23,145400,FALSE,0.653,-11.771,1,0.0373,0.392,0,0.333,0.745,154.161,4,3,"roots_rhythm_fusion",0.51
7549,"1e3ijfv11bgydFHoJpm64F","Flatt & Scruggs","Foggy Mountain Banjo","Lonesome Road Blues",22,121586,FALSE,0.82,-7.034,1,0.0306,0.144,0.943,0.0982,0.967,149.756,4,3,"roots_rhythm_fusion",0.55
7568,"0uAAw9xYT67tUqw1QRjZ0A","The Rubber Knife Gang","Drivin' On","Drivin' On",23,218306,FALSE,0.644,-7.539,0,0.029,0.767,0.000139,0.0947,0.967,122.88,4,3,"roots_rhythm_fusion",0.6
7587,"0w8Akuz8cCGSJmfhWKXXlO","Old Crow Medicine Show","Best Of","Heart up in the Sky",24,223946,FALSE,0.588,-7.477,1,0.0531,0.661,0,0.114,0.948,182.906,4,3,"roots_rhythm_fusion",0.45
7601,"5heios35bREoyatMHZC30h","Steve Ivey","30 Bluegrass Gospel Favorites","Lily Of The Valley",12,135146,FALSE,0.577,-5.938,1,0.0261,0.63,3.82e-06,0.1,0.748,106.929,4,3,"roots_rhythm_fusion",0.58
7604,"38I9scwb2Bc7y7233zyky6","Andy Thorn","Songs of the Sunrise Fox","Stork Bite",23,142040,FALSE,0.248,-15.567,1,0.049,0.938,0.841,0.0623,0.646,127.487,4,3,"roots_rhythm_fusion",0.52
7612,"3aJ0B35nFxBaA2PUn642z1","Bruce Molsky","Soon Be Time","Bury Me Not on the Lone Prairie",23,222986,FALSE,0.16,-7.987,1,0.0352,0.946,0,0.278,0.605,115.814,4,3,"roots_rhythm_fusion",0.42
7621,"0b8jUiJFC5P47PNrRSRQyg","Doc & Merle Watson","Then and Now","Bonaparte's Retreat",23,122480,FALSE,0.394,-11.666,1,0.0282,0.864,0.856,0.1,0.472,105.79,4,3,"roots_rhythm_fusion",0.56
7631,"12KGNkFY9GSzhhVTV6Akk8","The Wood Brothers","The Muse","Who the Devil",25,248613,FALSE,0.691,-7.895,1,0.0418,0.121,1.27e-05,0.124,0.306,110.515,4,3,"roots_rhythm_fusion",0.67
7638,"4KTf2qVdfkOgUZ0Ojpix7x","Nickel Creek","Reason's Why (The Very Best)","When You Come Back Down",21,232320,FALSE,0.284,-14.067,1,0.0312,0.696,0.00054,0.103,0.422,168.169,4,3,"roots_rhythm_fusion",0.53
7649,"49XbBhlS6zT1adQoardkzy","Flatt & Scruggs","Foggy Mountain Banjo","Home Sweet Home",22,133480,FALSE,0.764,-7.853,1,0.0345,0.251,0.928,0.322,0.973,120.608,4,3,"roots_rhythm_fusion",0.67
7658,"3sQ4frj4EV20sLuDjPHscg","Newfound Road","Somewhere Between","I Need You Lord",21,215786,FALSE,0.378,-10.72,1,0.0301,0.809,0,0.116,0.697,117.021,4,3,"roots_rhythm_fusion",0.29
7664,"2OIpA70bwSLiTAEWY4aWwG","Trampled by Turtles","Trouble","Trouble",22,283706,FALSE,0.31,-11.873,1,0.0315,0.636,0.0218,0.131,0.336,119.185,4,3,"roots_rhythm_fusion",0.55
7670,"7694TGKbgXvMPukPsbvWpH","Keller & The Keels","Thief","Sex and Candy",23,137893,FALSE,0.403,-11.246,0,0.0421,0.704,7.37e-05,0.111,0.574,99.612,4,3,"roots_rhythm_fusion",0.62
7692,"3ROds78S0xSbmEzDgGqBjp","Old Crow Medicine Show","Tennessee Pusher","Next Go 'Round",23,218346,FALSE,0.346,-8.16,1,0.0318,0.786,0,0.303,0.58,140.354,4,3,"roots_rhythm_fusion",0.51
7695,"7wEKsPwXQABXr8udz6m9uD","Nickel Creek","Why Should The Fire Die?","Best Of Luck",21,202520,FALSE,0.766,-7.784,1,0.0294,0.242,0.000681,0.0877,0.681,129.287,4,3,"roots_rhythm_fusion",0.49
7702,"41bwKV2bvP1uYMRJ2nH5Nc","Mike Barnett;Bryan Sutton","Portraits in Fiddles","Hangman's Reel",22,326266,FALSE,0.764,-10.223,1,0.034,0.566,0.912,0.105,0.661,129.629,4,3,"roots_rhythm_fusion",0.53
7713,"1Uv7heWWlrbpcyPhIVN3Pr","Mipso","Old Time Reverie","Honeybee",23,201716,FALSE,0.316,-9.215,1,0.0274,0.641,3.54e-06,0.153,0.512,92.115,4,3,"roots_rhythm_fusion",0.22
7714,"16KCAFsjJn79OA3sh9iedu","The Po' Ramblin' Boys","Blues Are Close at Hand","Blues Are Close at Hand",22,159427,FALSE,0.707,-7.919,0,0.0331,0.377,0.00345,0.209,0.93,145.056,4,3,"roots_rhythm_fusion",0.51
7716,"30NHcOXhqNm0GbeAA2o6wN","Chris Thile","How To Grow A Woman From The Ground","O Santo De Polvora",21,157800,FALSE,0.527,-12.725,1,0.0388,0.896,0.863,0.302,0.926,116.678,4,3,"roots_rhythm_fusion",0.87
7717,"1KcVZj7EtoOcf6mL3Rv94S","The Po' Ramblin' Boys;Bronwyn Keith-Hynes;Jason Carter","East Bound and Down","East Bound and Down",21,177356,FALSE,0.704,-7.681,1,0.03,0.537,0.165,0.363,0.85,124.987,4,3,"roots_rhythm_fusion",0.48
7723,"1c9Usq7gt7aFO3XzXOCt9f","Mountain Sprout","One More For The Ditch","One More For the Ditch",21,186146,FALSE,0.829,-4.008,1,0.0375,0.393,0,0.101,0.962,116.255,4,3,"roots_rhythm_fusion",0.42
7726,"1fCSnotiP3cen8C6uyCKbd","Nickel Creek","This Side","Young",21,209546,FALSE,0.429,-9.711,1,0.0355,0.446,0,0.055,0.558,103.526,4,3,"roots_rhythm_fusion",0.62
7735,"5omfFg46tLY8Xa2J2fyZNC","Alison Krauss & Union Station","So Long So Wrong","Pain Of A Troubled Life",22,173893,FALSE,0.569,-7.297,1,0.0343,0.518,1.76e-05,0.26,0.5,190.145,4,3,"roots_rhythm_fusion",0.85
7736,"61BnsOYynPI2hn7QwQ1nMp","Yonder Mountain String Band","Mountain Tracks, Vol. 2","At the End of the Day",21,278800,FALSE,0.567,-8.666,1,0.046,0.668,3.46e-06,0.554,0.673,117.606,4,3,"roots_rhythm_fusion",0.6
7742,"3CVSW20aTcT84TMhsftWCF","Tennessee Ernie Ford","Capitol Collectors Series","Sixteen Tons",23,155840,FALSE,0.3,-15.351,0,0.133,0.715,1.06e-05,0.167,0.317,144.303,4,3,"roots_rhythm_fusion",0.6
7765,"62CXV36AhtrcxQ8LkpPOol","Watkins Family Hour;Sara Watkins;Sean Watkins","Watkins Family Hour","Feeling Good Again",21,202333,FALSE,0.452,-10.575,1,0.0318,0.206,9.86e-06,0.149,0.404,104.931,4,3,"roots_rhythm_fusion",0.56
7767,"2DFHZKhi5foiTa2iB8RFcG","The Wailin' Jennys","Live at the Mauch Chunk Opera House","Summertime",24,164666,FALSE,0.0655,-17.031,0,0.11,0.874,0,0.964,0.471,180.082,1,3,"roots_rhythm_fusion",0.75
7772,"1r4ZAAoA9aP3uP2JYNTBxv","Jim and Jesse and the Virginia Boys","100 Greatest Bluegrass Hits","Diesel on My Tail",22,142400,FALSE,0.427,-12.934,1,0.0478,0.702,0,0.245,0.903,124.182,4,3,"roots_rhythm_fusion",0.62
7775,"0zZW2PWSUK0DDtQBPt3rmA","Alison Krauss & Union Station","New Favorite","It All Comes Down To You",21,164893,FALSE,0.434,-8.702,1,0.0303,0.484,0,0.0949,0.656,92.933,4,3,"roots_rhythm_fusion",0.49
7779,"1LrxmgC6pg5RAYGJ2FQWv0","Mountain Sprout","One More For The Ditch","Tweeker",21,149586,FALSE,0.879,-4.061,1,0.0314,0.0456,0.00287,0.193,0.962,132.426,4,3,"roots_rhythm_fusion",0.48
7801,"2h0fFcmUwo0EPwfCnLyTv5","Greensky Bluegrass","Stress Dreams","Get Sad",21,176997,FALSE,0.4,-13.434,1,0.0267,0.526,0.0173,0.108,0.488,107.598,4,3,"roots_rhythm_fusion",0.52
7805,"5m9cwQGKeurtZ5P9CqFo1o","Bobby Osborne;Alison Brown;Stuart Duncan;Trey Hensley;Sierra Hull;Tim O'Brien;Todd Phillips","White Line Fever","White Line Fever",21,201051,FALSE,0.636,-7.975,1,0.0318,0.593,0.0096,0.249,0.596,116.935,4,3,"roots_rhythm_fusion",0.54
7815,"5KZdfWzucuGpoiUYQrGeZx","Steve Martin;Steep Canyon Rangers","“The Long-Awaited Album”","Always Will",22,85920,FALSE,0.186,-14.866,1,0.0393,0.932,0.85,0.12,0.886,95.845,4,3,"roots_rhythm_fusion",0.77
7816,"17OTBhT5XyEO2sZgkF27Oy","Keller & The Keels","Grass","Loser",22,339093,FALSE,0.267,-13.019,1,0.0321,0.577,0.033,0.101,0.367,151.536,4,3,"roots_rhythm_fusion",0.45
7818,"7nK1jUyy3YutdbcCniY6xg","The Devil Makes Three","Wheels","I'm A Woman",22,171226,FALSE,0.666,-6.986,1,0.0582,0.194,1.91e-05,0.123,0.812,98.15,4,3,"roots_rhythm_fusion",0.71
7820,"5yJYTZ1Y5bnM0DpvMj6Qxt","Greensky Bluegrass","All for Money","Cathedral Eyes",22,225880,FALSE,0.578,-12.465,1,0.0302,0.393,0.25,0.165,0.704,101.55,4,3,"roots_rhythm_fusion",0.3
7822,"2UhZqGbLm1dPkPkLsEhv0C","Dan Tyminski","Wheels","Making Hay",20,237106,FALSE,0.367,-10.009,1,0.0271,0.841,0,0.114,0.564,142.702,4,3,"roots_rhythm_fusion",0.47
7825,"3PAwXy3RYt2mm7nDg0SVCk","Pickin' On Series;Brad Davis;Lou Ann Price","Pickin' On the Biggest Hits of the 1980s Vol. 2","Walking on Sunshine",21,224920,FALSE,0.628,-6.891,0,0.0276,0.598,0.000175,0.119,0.889,108.971,4,3,"roots_rhythm_fusion",0.63
7855,"7wStk0361hcPEtJc4KbOPf","Sarah Jarosz","Blue Heron Suite","Morning",54,208746,FALSE,0.341,-11.324,1,0.0327,0.854,0.0436,0.107,0.334,128.989,4,3,"roots_rhythm_fusion",0.62
7866,"7Lw7GxtqLCyEa5KJw6CMjS","John Hartford","Mark Twang","Let Him Go on Mama",22,229973,FALSE,0.446,-14.987,1,0.143,0.838,2.11e-05,0.201,0.833,112.195,4,3,"roots_rhythm_fusion",0.4
7876,"2ARJQ2yUfQ0Y8ZHbNyV8bD","The Avett Brothers","Four Thieves Gone - The Robbinsville Sessions","The Fall",23,184520,FALSE,0.689,-4.663,1,0.0296,0.0647,0,0.562,0.651,96.355,4,3,"roots_rhythm_fusion",0.66
7879,"0OvHUici5eYYsttt1kGtuH","Norman Blake","Whiskey Before Breakfast","Under The Double Eagle",20,164466,FALSE,0.397,-18.194,1,0.0415,0.653,0.964,0.304,0.855,112.821,4,3,"roots_rhythm_fusion",0.52
7886,"5gcj73NwRyRWXCKBov0ndc","The Avett Brothers","Mignonette","Hard Worker",23,125346,FALSE,0.611,-5.39,1,0.0396,0.267,0,0.366,0.902,129.825,4,3,"roots_rhythm_fusion",0.6
7903,"5hAI1gUwwqNHgDYUw8ELXq","Flatt Lonesome","Flatt Lonesome","Just Any Moment",21,154293,FALSE,0.815,-5.211,1,0.0305,0.599,3.09e-05,0.105,0.97,120.08,4,3,"roots_rhythm_fusion",0.78
7905,"6QbkUhsl7YDaOq0ska3WlN","Della Mae","Dry Town","Dry Town",20,162697,FALSE,0.569,-9.019,0,0.0438,0.243,0,0.0959,0.752,99.467,4,3,"roots_rhythm_fusion",0.81
7907,"0uvTwmZo4j4JFotN2gkpBx","Chatham County Line","Tightrope","Tightrope of Love",20,180586,FALSE,0.81,-4.705,1,0.033,0.415,0.000106,0.183,0.846,97.038,4,3,"roots_rhythm_fusion",0.74
7909,"3j1s4MLRqRJfatdKxiDUhm","Newfound Road","Newfound Road","I Am The Man Thomas",19,172360,FALSE,0.645,-7.624,1,0.0278,0.332,0.00527,0.221,0.761,103.611,4,3,"roots_rhythm_fusion",0.65
7915,"0q1g0tupqjwbZauTxxoX6n","Twisted Pine","Right Now","Come Along Jody",22,259626,FALSE,0.594,-8.141,1,0.0421,0.478,0.596,0.315,0.582,129.993,4,3,"roots_rhythm_fusion",0.78
7927,"2TynldhyWHpsXMbvBS7gSL","Jerry Garcia Band;Jerry Garcia","GarciaLive Volume Eight: November 23rd, 1991 Bradley Center","Deal",21,486381,FALSE,0.873,-7.378,1,0.0783,0.704,0.212,0.756,0.552,145.96,4,3,"roots_rhythm_fusion",0.65
7935,"4ozMIJMMWaDCKqmVFcY4R0","Della Mae","This World Oft Can Be","Letter From Down The Road / And Other Things",20,171466,FALSE,0.605,-5.843,1,0.0302,0.619,0.0236,0.297,0.856,110.521,4,3,"roots_rhythm_fusion",0.69
7946,"4kD0FTirtA2i7mt271kmfM","Gillian Welch","Time (The Revelator)","Ruination Day Part 2",24,156973,FALSE,0.0688,-13.152,1,0.0404,0.914,0.00183,0.11,0.0698,147.701,4,3,"roots_rhythm_fusion",0.47
7948,"5r8TJ68YtO9bSLknzMOfVu","The Infamous Stringdusters","Laws Of Gravity","Freedom",20,197720,FALSE,0.761,-6.53,1,0.0349,0.184,0.00344,0.221,0.52,127.158,4,3,"roots_rhythm_fusion",0.23
7949,"6u9CDoX7wXx1QWlUX8nmck","Hayseed Dixie","Mountain Love (Remastered)","Fat Bottom Girls - Remastered",21,186848,FALSE,0.674,-5.611,1,0.0335,0.602,7.6e-06,0.159,0.925,134.098,4,3,"roots_rhythm_fusion",0.46
7953,"0dpjuJLetnheYPSzLiQR62","Stuart Duncan;Edgar Meyer;Chris Thile;Yo-Yo Ma","Not Our First Goat Rodeo","Not For Lack of Trying",21,309226,FALSE,0.0686,-19.994,1,0.0413,0.933,0.00653,0.155,0.103,149.423,3,3,"roots_rhythm_fusion",0.57
7956,"59CiaVR6LZRBbsnLY17cep","Hot Buttered Rum","Shine All Night","No Reason Why",20,233327,FALSE,0.787,-7.313,1,0.0701,0.479,0,0.339,0.807,107.134,4,3,"roots_rhythm_fusion",0.75
7958,"21pfC9RXOdcwxeaxkHPoAL","South Austin Jug Band","South Austin Jug Band","The Ballad of Eddie Mullet",20,293400,TRUE,0.485,-9.172,1,0.036,0.704,0,0.074,0.758,162.134,4,3,"roots_rhythm_fusion",0.82
7960,"3WnIiHfsbP2E1LXa3Ccjqh","Bryan Sutton","The More I Learn","Presbyterian Guitar",20,208000,FALSE,0.114,-17.386,1,0.0448,0.937,0.935,0.122,0.16,130.725,4,3,"roots_rhythm_fusion",0.77
7967,"52dGLUBKFIx066xQn0R4pr","The Steeldrivers","Hammer Down","When I'm Gone",19,181133,FALSE,0.661,-5.66,1,0.0284,0.541,6.35e-05,0.361,0.709,108.678,4,3,"roots_rhythm_fusion",0.32
7978,"4Zu6hg9drdLoGeyvJmOZoQ","Fruition","Labor of Love","Fallin' on My Face",23,249213,FALSE,0.762,-6.596,1,0.0339,0.00462,5.41e-06,0.117,0.373,134.805,4,3,"roots_rhythm_fusion",0.38
7980,"6Fys7dSpGYIfdvEVAUNLaE","Nickel Creek","This Side","Brand New Sidewalk",20,256893,FALSE,0.124,-14.855,1,0.0469,0.848,0,0.089,0.183,128.253,4,3,"roots_rhythm_fusion",0.82
7982,"3FGJ0lJnL11cLCb8Ocmpnr","The Lil Smokies","Tornillo","Carry Me",21,290894,FALSE,0.555,-7.65,1,0.0319,0.264,0.00111,0.246,0.317,161.813,4,3,"roots_rhythm_fusion",0.56
7993,"3bviXo8C7OAuhIA9U9cQMH","The Wood Brothers","Live at the Fillmore","Happiness Jones/Express Yourself - Live at the Fillmore",23,467680,FALSE,0.819,-6.437,1,0.0625,0.0743,5.51e-05,0.903,0.686,88.897,4,3,"roots_rhythm_fusion",0.63
8011,"0uZ14vmYf9O5LirYjN84GL","Ella Fitzgerald","pov: you hear the bells jingle","Sleigh Ride",0,175986,FALSE,0.287,-12.472,1,0.0469,0.764,0,0.153,0.639,77.117,4,2,"indie_soul_rock",0.58
8021,"2yQJT5fopKSAdJB2aaLgwr","Ella Fitzgerald","World's Best Christmas Playlist","Sleigh Ride",0,175986,FALSE,0.287,-12.472,1,0.0469,0.764,0,0.153,0.639,77.117,4,2,"indie_soul_rock",0.39
8023,"72E3wMPI5tVY7VoEWLSuhf","Ella Fitzgerald","CHRISTMAS TOP HITS 2022","Frosty The Snowman",0,131733,FALSE,0.502,-7.57,1,0.0513,0.733,0,0.281,0.836,76.783,4,2,"indie_soul_rock",0.57
8033,"0TYB8WJ6x4DYepwUYIvBVX","Otis Redding","pov: you hear the bells jingle","Merry Christmas, Baby [take 1] - Take 1",0,152933,FALSE,0.458,-8.844,1,0.0312,0.0631,0,0.167,0.942,100.429,4,2,"indie_soul_rock",0.11
8041,"4AFsnSFhRS5tc07RDKsY1z","Ella Fitzgerald","Home At Christmas","Jingle Bells",0,143093,FALSE,0.726,-5.364,1,0.0726,0.575,0,0.655,0.877,119.185,4,2,"indie_soul_rock",0.53
8062,"4Ovn5T4LAEE8mfYtsmjLoA","Ella Fitzgerald","Christmas Dinner 2022","Frosty The Snowman",0,131733,FALSE,0.502,-7.57,1,0.0513,0.733,0,0.281,0.836,76.783,4,2,"indie_soul_rock",0.54
8066,"7odt0XkmUk2EGgH9pdzwRQ","Ella Fitzgerald","Christmas Eve At Home","Winter Wonderland",0,137026,FALSE,0.339,-8.929,1,0.061,0.917,0,0.0784,0.656,116.269,4,2,"indie_soul_rock",0.64
8068,"1xbpqLQibJSDku2aug3xet","Ella Fitzgerald","Weihnachten Musik","Frosty The Snowman",0,131733,FALSE,0.502,-7.57,1,0.0513,0.733,0,0.281,0.836,76.783,4,2,"indie_soul_rock",0.56
8080,"1p7X6d0pxUclbrO6hg8uTS","Ella Fitzgerald","All I Want For Christmas Is You","Rudolph The Red-Nosed Reindeer",0,171773,FALSE,0.315,-9.175,1,0.0428,0.961,0,0.258,0.64,119.935,4,2,"indie_soul_rock",0.26
8082,"4aWqVlWZwVfuSTVucZrb65","Ella Fitzgerald;Louis Armstrong","pov: you are an christmas elf","Cheek To Cheek",0,353647,FALSE,0.443,-8.076,1,0.0803,0.582,0,0.113,0.662,122.872,4,2,"indie_soul_rock",0.17
8092,"7pfC2uUEuDEzMYKVblIXb8","Ella Fitzgerald","The Very Best Christmas Songs 2022","Sleigh Ride",0,175986,FALSE,0.287,-12.472,1,0.0469,0.764,0,0.153,0.639,77.117,4,2,"indie_soul_rock",0.52
8098,"0hg4cZgvvYIdJG6sBukiyl","Ella Fitzgerald","Classic Christmas Music 2022","Let It Snow! Let It Snow! Let It Snow!",0,163040,FALSE,0.414,-7.16,0,0.0495,0.842,0,0.172,0.867,77.968,4,2,"indie_soul_rock",0.39
8101,"4Le87goCu6m8L8uNmFRPOy","Ella Fitzgerald","Jazz Romance","In A Sentimental Mood",0,165800,FALSE,0.0264,-19.612,0,0.0426,0.925,0,0.136,0.231,170.182,3,2,"indie_soul_rock",0.51
8113,"07vTKxT54r3a23Q0gILvOu","Ella Fitzgerald","pov: you have a holly jolly christmas","Frosty The Snowman",0,131733,FALSE,0.502,-7.57,1,0.0513,0.733,0,0.281,0.836,76.783,4,2,"indie_soul_rock",0.67
8131,"33MBrjaSlb2VXNlpCQiHn7","Ella Fitzgerald","Christmas 2022","Rudolph The Red-Nosed Reindeer",0,171773,FALSE,0.315,-9.175,1,0.0428,0.961,0,0.258,0.64,119.935,4,2,"indie_soul_rock",0.32
8139,"55NyDBnlI5MidVGzyPr3OR","Ella Fitzgerald","Christmas 2022","Sleigh Ride",0,175986,FALSE,0.287,-12.472,1,0.0469,0.764,0,0.153,0.639,77.117,4,2,"indie_soul_rock",0.7
8183,"64tk48BHD71SlomdRag8bm","Chuck Berry","Weihnachtssongs","Run Rudolph Run",0,162897,FALSE,0.876,-5.662,1,0.185,0.881,3.59e-05,0.26,0.949,151.925,4,2,"indie_soul_rock",0.57
8197,"7elD8TsTypKiHbolw5Uu6W","Nina Simone","Happy Haunted Halloween Tunes","I Put A Spell On You",1,156266,FALSE,0.477,-6.225,0,0.0311,0.766,0.000638,0.16,0.327,88.534,3,2,"indie_soul_rock",0.7
8210,"1B7GdW07UqOJzgZDc8T3ec","Chuck Berry","Silent Night","Run Rudolph Run",0,162897,FALSE,0.876,-5.662,1,0.185,0.881,3.59e-05,0.26,0.949,151.925,4,2,"indie_soul_rock",0.56
8211,"0FJ5C03igALJMeicHGorCo","Chuck Berry","Christmas Best Hits 2022","Run Rudolph Run",0,162897,FALSE,0.876,-5.662,1,0.185,0.881,3.59e-05,0.26,0.949,151.925,4,2,"indie_soul_rock",0.63
8222,"0A2fX1kBVpevzGnMjx5fnX","Chuck Berry","Christmas Playlist 2022","Run Rudolph Run",0,162897,FALSE,0.876,-5.662,1,0.185,0.881,3.59e-05,0.26,0.949,151.925,4,2,"indie_soul_rock",0.53
8229,"1bYI5bQggwEA4JAwr0qD31","Whitesnake","80's","Here I Go Again 87 - 2018 Remaster",0,275395,FALSE,0.824,-6.763,1,0.0377,0.0121,8.55e-05,0.155,0.253,89.946,4,2,"indie_soul_rock",0.73
8230,"2id9lzEoSBjJYxmX0YJto4","Billie Holiday","Christmas time but not Christmas songs 2022","April In Paris",0,182040,FALSE,0.121,-15.394,1,0.0356,0.867,0,0.165,0.221,73.399,4,2,"indie_soul_rock",0.53
8239,"4VP37dqsrYmgYiAF7MO4i1","Chuck Berry","60s Christmas Party","You Never Can Tell - 1964 Single Version",0,163066,FALSE,0.848,-10.054,1,0.125,0.739,4.67e-06,0.245,0.927,157.621,4,2,"indie_soul_rock",0.49
8241,"43UwresvfvNPDl8BQruk4L","Chuck Berry","Christmas time but not Christmas songs 2022","You Never Can Tell - 1964 Single Version",0,163066,FALSE,0.848,-10.054,1,0.125,0.739,4.67e-06,0.245,0.927,157.621,4,2,"indie_soul_rock",0.49
8272,"1YsAj4ybnMC11VoTg7k6s5","Wolfmother","Halloween Metal Nights","Back Round",0,236866,FALSE,0.927,-4.906,0,0.0676,2.68e-05,0.00843,0.0947,0.316,154.071,4,2,"indie_soul_rock",0.73
8302,"4vpeKl0vMGdAXpZiQB2Dtd","Jefferson Airplane","Surrealistic Pillow","White Rabbit",72,150640,FALSE,0.293,-12.503,1,0.0272,0.486,0.000273,0.0864,0.322,106.798,4,2,"indie_soul_rock",0.55
8303,"1kgdslQYmeTR4thk9whoRw","Eric Clapton","Rush (Music from the Motion Picture Soundtrack)","Tears in Heaven",66,271760,FALSE,0.242,-12.238,1,0.0257,0.835,0.536,0.133,0.312,153.744,4,2,"indie_soul_rock",0.58
8309,"1qRA5BS78u3gME0loMl9AA","Buffalo Springfield","Buffalo Springfield","For What It's Worth",78,153693,FALSE,0.519,-10.164,1,0.0497,0.406,0.0209,0.101,0.822,98.883,4,2,"indie_soul_rock",0.56
8310,"0HoxJw3Gt3w4psA1cC3Yn7","Adam Jensen","The Hunter","The Hunter",59,210972,FALSE,0.762,-3.36,0,0.0778,0.222,0.000283,0.0765,0.564,82.464,4,2,"indie_soul_rock",0.56
8315,"6S3JlDAGk3uu3NtZbPnuhS","Badfinger","Straight Up (Remastered 2010 / Deluxe Edition)","Baby Blue - Remastered 2010",67,217346,FALSE,0.876,-7.788,1,0.066,0.0189,0.0134,0.0728,0.515,124.431,4,2,"indie_soul_rock",0.59
8316,"7suq0FFag5QEiQnyihDAhu","Slank","Kampungan","Mawar Merah",48,275620,FALSE,0.593,-9.665,1,0.0252,0.0385,0.000552,0.125,0.41,93.052,4,2,"indie_soul_rock",0.25
8337,"5hfxpv8PKfvk1oBg9PV9XF","Louis Prima;Keely Smith;Sam Butera & The Witnesses","christmas but not christmas songs","(Nothing's Too Good) For My Baby - Remastered",0,158240,FALSE,0.393,-7.438,1,0.127,0.687,0,0.0524,0.804,107.763,4,2,"indie_soul_rock",0.36
8341,"4AUror8X0wwt0KSpTJmGHW","Dinah Washington;Brook Benton","60s Christmas Party","Baby (You've Got What It Takes)",0,169933,FALSE,0.668,-8.36,1,0.0749,0.833,2.75e-06,0.0548,0.77,132.192,4,2,"indie_soul_rock",0.75
8342,"5Jq8ISsgnm2mPRqJi1swaZ","Steppenwolf","Обратно в клас - rock","Born To Be Wild - Single Version",1,216693,FALSE,0.81,-8.33,1,0.0724,0.00169,0.0314,0.567,0.464,145.589,4,2,"indie_soul_rock",0.79
8350,"3KePc5zqybSrshHWzo65pk","Eric Clapton;John Mayer","Eric Clapton & Friends: The Breeze - An Appreciation Of JJ Cale","Magnolia",54,221693,FALSE,0.251,-14.218,1,0.0365,0.664,0.13,0.0934,0.404,73.924,4,2,"indie_soul_rock",0.48
8362,"0wJoRiX5K5BxlqZTolB2LD","Jimi Hendrix","Are You Experienced","Purple Haze",71,170813,FALSE,0.905,-5.27,1,0.0754,0.00876,0.578,0.0698,0.486,108.9,4,2,"indie_soul_rock",0.63
8363,"6bSy8XCwafY7meE0NUbxWy","Once Mekel","Ditentukan Untuk Bersama","Ditentukan Untuk Bersama",43,285004,FALSE,0.368,-10.903,1,0.0309,0.853,2.47e-05,0.118,0.213,119.541,3,2,"indie_soul_rock",0.52
8365,"5QTxFnGygVM4jFQiBovmRo","Blue Öyster Cult","Agents Of Fortune","(Don't Fear) The Reaper",76,308120,FALSE,0.927,-8.55,0,0.0733,0.0029,0.000208,0.297,0.385,141.466,4,2,"indie_soul_rock",0.52
8375,"2K4I5sjjWuWNobvDVCmr7x","La Rata Bluesera","La Rata Bluesera","Santa Lucía",42,278373,FALSE,0.714,-4.86,1,0.0456,0.644,0,0.619,0.687,119.336,4,2,"indie_soul_rock",0.54
8387,"2ABPD3Zs7YHFKVJMxf82PB","Solomon Burke","Holly Jolly Christmas","Presents for Christmas",0,193493,FALSE,0.815,-9.223,0,0.216,0.668,0,0.324,0.54,114.316,4,2,"indie_soul_rock",0.43
8403,"4TBU6LHJyiqWOcBulNMmAJ","Devin Hoffman;Jessica Kline;Bronson Levy","Songwriter Pop","Damage Is Done",44,198909,FALSE,0.626,-7.776,0,0.0516,0.388,0,0.353,0.451,110.96,4,2,"indie_soul_rock",0.46
8405,"0kHwTHf8ye0mSd66pwcrEN","The Heavy","The House That Dirt Built","How You Like Me Now",61,217493,FALSE,0.71,-4.692,1,0.029,0.000973,0.703,0.0777,0.268,110.059,4,2,"indie_soul_rock",0.45
8410,"3pHpV3pa96s4vuBP7sQq0V","Whitesnake","Whitesnake (2018 Remaster)","Is This Love - 2018 Remaster",69,284496,FALSE,0.759,-7.288,1,0.0431,0.0555,0,0.231,0.429,179.904,4,2,"indie_soul_rock",0.48
8419,"21Qsj3cMVCx2xF2EVVNbEu","The White Stripes","White Blood Cells","Fell In Love With a Girl",72,110093,FALSE,0.982,-1.574,0,0.112,0.713,0.00145,0.941,0.299,95.754,4,2,"indie_soul_rock",0.42
8422,"0JtcFIgrkSagrM5JdFakeO","Deep Purple","Machine Head (Remastered)","When A Blind Man Cries - Remastered",60,209246,FALSE,0.274,-10.661,0,0.0363,0.843,0.0165,0.0724,0.222,64.21,4,2,"indie_soul_rock",0.38
8437,"3Q8Jw1UCAQSMeGNIFfWNSd","La Mississippi","Yo estuve ahi","Un Trago Para Ver Mejor",43,216026,FALSE,0.942,-7.118,1,0.0808,0.206,3.23e-05,0.97,0.649,166.291,4,2,"indie_soul_rock",0.32
8441,"0g5939v90IJpXfHKMQhA91","Maria Del Sol","Ellas Cantan Asi","Un Nuevo Amor",41,311146,FALSE,0.488,-16.318,1,0.0504,0.208,0.0039,0.0662,0.685,140.44,4,2,"indie_soul_rock",0.36
8447,"7qqX9USUjXHTBVeC0kLeJy","The Cramps","Pumpkin Patch Hits","I Was A Teenage Werewolf - Remastered",0,183866,FALSE,0.601,-10.493,1,0.0536,0.000866,0.0455,0.321,0.49,114.543,4,2,"indie_soul_rock",0.51
8454,"4YNySWl0EeDoibxoS7Wubo","UNSECRET;Neoni","Fallout","Fallout",54,213770,FALSE,0.536,-8.217,1,0.0391,0.335,0.0259,0.0939,0.188,109.911,4,2,"indie_soul_rock",0.7
8455,"3NfxSdJnVdon1axzloJgba","Aretha Franklin","Aretha Now","I Say a Little Prayer",75,216773,FALSE,0.355,-14.051,1,0.0352,0.478,0,0.0585,0.499,133.032,4,2,"indie_soul_rock",0.57
8460,"4KwvTXx3yR0FA4LGfxD4xP","Heartless Bastards","Arrow","Only for You",49,308066,FALSE,0.645,-5.917,1,0.0312,0.0376,0.0693,0.105,0.765,82.017,4,2,"indie_soul_rock",0.61
8479,"4U6mBgGP8FXN6UH4T3AJhu","Joe Cocker;Jennifer Warnes","The Anthology","Up Where We Belong - From ""An Officer And A Gentleman""",70,232666,FALSE,0.306,-11.831,1,0.0318,0.634,2.67e-05,0.0632,0.227,139.912,4,2,"indie_soul_rock",0.36
8480,"5ElPlZCW87v8ZFNKQkfyFi","Methrone","My Life","Loving Each Other 4 Life",40,315306,FALSE,0.383,-6.107,1,0.108,0.311,0,0.109,0.475,113.969,4,2,"indie_soul_rock",0.33
8482,"2K2M0TcglCRLLpFOzKeFZA","Cream","Disraeli Gears (Deluxe Edition)","Sunshine Of Your Love",71,250400,FALSE,0.594,-8.289,1,0.0347,0.385,8.61e-05,0.121,0.734,115.099,4,2,"indie_soul_rock",0.71
8486,"42khMXWZYiyt9Yaw3lKgz5","Bernard Adamus","No 2","2176",40,316960,FALSE,0.351,-9.469,1,0.0912,0.555,0,0.165,0.691,128.423,4,2,"indie_soul_rock",0.42
8513,"37dpyJsBy1bIGJNrztzr6S","Jesper Munk","Baby","Baby",38,271983,FALSE,0.45,-11.222,1,0.025,0.78,0.0205,0.134,0.574,86.898,4,2,"indie_soul_rock",0.43
8542,"2hhnxjKsonevteyEb4qJVc","Karen Wolfe","A Woman Needs A Strong Man","Man Enough",37,252466,FALSE,0.476,-10.11,1,0.0381,0.334,0,0.12,0.85,99.861,4,2,"indie_soul_rock",0.49
8546,"4whIJEagrbo2dGeMtVJCqJ","The Rides","Pierced Arrow","I've Got To Use My Imagination",37,375546,FALSE,0.709,-5.125,0,0.034,0.274,0.000189,0.17,0.469,98.819,4,2,"indie_soul_rock",0.63
8572,"5Ofrnv2h5jrKQuc0WDAY5H","Z.Z. Hill","Down Home","Cheating In The Next Room",35,216373,FALSE,0.347,-16.572,1,0.0628,0.145,5.26e-06,0.0686,0.694,82.115,4,2,"indie_soul_rock",0.59
8574,"2hitsKa8SthKhRJBXUHbIv","Crosby, Stills, Nash & Young","Deja Vu","Our House",68,179760,FALSE,0.205,-14.601,1,0.048,0.896,5.46e-05,0.119,0.378,140.282,4,2,"indie_soul_rock",0.48
8582,"6O0OCTxHffoXmJSnhrRSmD","Carl Marshall","Songs People Love the Most, Vol. 1: Deluxe Edition","Good Loving Will Make You Cry (Remastered)",36,352280,FALSE,0.71,-4.351,1,0.0394,0.304,0,0.105,0.452,80.515,4,2,"indie_soul_rock",0.62
8583,"19ckOjE6OI0WyzUAW4rlvI","Arno","Opex","I Can't Dance",37,235346,FALSE,0.692,-7.016,1,0.04,0.000614,0.0104,0.11,0.533,170.027,4,2,"indie_soul_rock",0.53
8593,"5aofZWOmeqAszZkhWXCO8M","Blind Faith","Dune 2 - The Complete Fantasy Playlist","Battle of Evermore",0,247866,FALSE,0.416,-13.251,0,0.0309,0.572,1.87e-05,0.376,0.374,145.092,4,2,"indie_soul_rock",0.31
8599,"3WdJ1JlLajVO1yxbgifoZl","Blind Faith","Moonscars The Ultimate Fantasy Playlist","Battle of Evermore",0,247866,FALSE,0.416,-13.251,0,0.0309,0.572,1.87e-05,0.376,0.374,145.092,4,2,"indie_soul_rock",0.36
8615,"5kYokSUSdmKq36x9RTvnbe","Richi Ray","ON T O P","ON T O P",35,113188,TRUE,0.34,-11.855,1,0.183,0.265,1.25e-05,0.0791,0.431,94.026,4,2,"indie_soul_rock",0.56
8616,"5XNpdKmlLJPUbwKQceX2tW","Stevie Ray Vaughan","Couldn't Stand The Weather (Legacy Edition)","Little Wing",61,408480,FALSE,0.383,-14.202,1,0.0375,0.362,0.749,0.0728,0.524,114.709,4,2,"indie_soul_rock",0.53
8636,"5mZ3SenUADr24QRqwA0Bt2","LJ Echols","Another level","From the Back",35,212546,FALSE,0.803,-4.514,0,0.0616,0.0745,3.51e-05,0.0621,0.962,111.008,4,2,"indie_soul_rock",0.48
8637,"3PKim0rQYRayZdZY0KQ9OV","Johnnie Taylor","Taylored In Silk","We're Getting Careless With Our Love",37,239066,FALSE,0.401,-11.648,1,0.0448,0.467,4.84e-06,0.178,0.75,96.975,3,2,"indie_soul_rock",0.57
8640,"63FXAyCx5IxHFzOuRFNcny","Slank","PISS","Kirim Aku Bunga",39,292937,FALSE,0.625,-8.313,1,0.0264,0.00968,1e-06,0.0811,0.269,82.935,4,2,"indie_soul_rock",0.43
8649,"4XosBCachdwCTHwHaw29aP","La Mississippi","Inoxidables","Pato Trabaja en una Carnicería",38,290053,FALSE,0.748,-5.788,1,0.0287,0.00776,0,0.455,0.414,94.008,4,2,"indie_soul_rock",0.5
8651,"4smkJW6uzoHxGReZqqwHS5","Billie Holiday","Billie Holiday","I'll Be Seeing You",65,211533,FALSE,0.0304,-20.479,1,0.0361,0.989,0.0555,0.116,0.188,90.495,3,2,"indie_soul_rock",0.57
8660,"1kmbMgdH81XirPnEuGQ2by","Blues Saraceno","Dark Country 4","The River",55,215699,FALSE,0.437,-8.187,0,0.0388,0.0526,0.00241,0.241,0.37,73.994,4,2,"indie_soul_rock",0.29
8688,"23isjR8d6wFGUE1FGoAgqu","Slank","Virus","Jakarta Pagi Ini",38,345443,FALSE,0.666,-7.537,1,0.0443,0.00506,0.00431,0.327,0.0769,91.036,4,2,"indie_soul_rock",0.68
8696,"4R5rg9XCEp7sX5jS6whkEa","La Mississippi","Lo Que Ves","Lo Que Ves",37,196374,FALSE,0.75,-6.583,1,0.0294,0.23,3.38e-06,0.0861,0.701,128.044,4,2,"indie_soul_rock",0.39
8700,"1VNfpCEQ0PfyfbuE5N8alF","Nina Simone","Cruella (Original Motion Picture Soundtrack)","Feeling Good",48,173786,FALSE,0.305,-10.094,0,0.0365,0.863,0,0.0993,0.537,82.059,4,2,"indie_soul_rock",0.56
8712,"4nXkbcTj3nyww1cHkw5RAP","The Doobie Brothers","The Captain and Me","Long Train Runnin'",72,207266,FALSE,0.912,-7.275,0,0.0393,0.0916,0.00211,0.0562,0.843,117.399,4,2,"indie_soul_rock",0.5
8714,"5r5Lj2MkgwQJz6TaBdL865","Cage The Elephant","Melophobia","Spiderhead",63,222813,FALSE,0.946,-0.734,1,0.0454,0.00614,1.49e-05,0.106,0.547,117.962,4,2,"indie_soul_rock",0.56
8728,"7bZDI11EKQC1tKIVkAujzi","Salif Keita","Africa Rising Vol.5","Kamoukié",0,303853,FALSE,0.933,-6.985,1,0.0654,0.156,0,0.0996,0.884,120.042,4,2,"indie_soul_rock",0.65
8730,"00K3yuFVb33hBNoEyWcdnj","Dzem","Złota Kolekcja","Złoty Paw - 2003 Remaster",34,361226,FALSE,0.816,-6.163,1,0.0544,0.0442,0.00142,0.0442,0.834,125.631,4,2,"indie_soul_rock",0.65
8738,"4aChMGqE8sfqt97CZAvXKa","Tinariwen","Africa Rising Vol.1","Cler Achel",0,267533,FALSE,0.797,-5.372,1,0.0558,0.506,0.00935,0.069,0.926,98.612,4,2,"indie_soul_rock",0.45
8746,"1yQi9XtWSbumHoRZ6S5xve","The Miracles","Christmas Faves 2022","I'll Be Home For Christmas",0,147506,FALSE,0.296,-13.569,1,0.0311,0.583,0,0.155,0.445,183.438,3,2,"indie_soul_rock",0.37
8749,"0YyXGtcGwPP6mMC9uOEUQe","Memphis La Blusera;Gustavo Borner","Angelitos Culones","Angelitos culones",36,264013,FALSE,0.808,-10.493,0,0.104,0.186,1.01e-06,0.114,0.436,118.325,4,2,"indie_soul_rock",0.43
8751,"0lejVIOQsLqb8DJcLLqKBf","Al Green","Gets Next To You","Tired of Being Alone",23,172320,FALSE,0.397,-8.585,1,0.0391,0.339,0.00541,0.0753,0.617,97.964,4,2,"indie_soul_rock",0.66
8799,"3c1U8uFL2yA1018jpjd0ML","La Mississippi","Inoxidables","Post Crucifixión",35,245586,FALSE,0.901,-5.521,1,0.0473,0.000307,0.304,0.0764,0.559,126.074,4,2,"indie_soul_rock",0.36
8801,"3MowdPlS0Vc83w0Mywdmjx","Bryce Fox","Heaven on Hold","Stomp Me Out",51,228386,FALSE,0.738,-5.384,1,0.12,0.0101,0.000142,0.063,0.301,75.003,4,2,"indie_soul_rock",0.58
8814,"3kwtAEYzWabYBdSIfjoNmL","Dan Auerbach","Keep It Hid","The Prowl",55,196386,FALSE,0.755,-5.812,1,0.0552,0.204,0.0266,0.663,0.595,85.377,4,2,"indie_soul_rock",0.6
8834,"7JE16VzmuDrVmRgQZTp9OG","Slank","Tujuh","Bimbim Jangan Menangis",34,381421,FALSE,0.37,-10.991,1,0.032,0.866,0.529,0.111,0.176,128.762,4,2,"indie_soul_rock",0.47
8840,"2adQxPZYRc8V004HgbE2p9","Andrzej Zaucha","Dookoła Wojtka II - Jeszcze w zielone gramy","Bądź moim natchnieniem",34,196360,FALSE,0.553,-6.685,1,0.0307,0.539,0,0.229,0.687,127.193,4,2,"indie_soul_rock",0.46
8843,"27KUSXaBq6gpAGq2edLemr","Tucka","Groove City","Touch Your Spot",33,293059,FALSE,0.67,-5.902,1,0.0306,0.0167,0.000826,0.0842,0.965,105.997,4,2,"indie_soul_rock",0.48
8862,"3tRFo1mXVNC5Wwrv7T8trF","The Pretty Things","Parachute","The Good Mr. Square",57,86693,FALSE,0.284,-12.714,1,0.0409,0.305,0.000903,0.162,0.386,139.087,4,2,"indie_soul_rock",0.54
8867,"3RdQfyk7BBxxIx0zSnCBIw","The White Stripes","Elephant","The Hardest Button to Button",63,212888,FALSE,0.515,-8.663,0,0.0736,0.00666,0.622,0.0884,0.566,128.246,4,2,"indie_soul_rock",0.7
8879,"0yBI6YvP9mynD3LDcOgkGC","O. B. Buchana","Mississippi Folks","Swing On",32,290213,FALSE,0.669,-6.856,1,0.0288,0.165,2.33e-06,0.572,0.759,107,4,2,"indie_soul_rock",0.51
8880,"7qocVsViKwYUfDrUxudetv","Slank","Virus","Lembah Baliem",35,207098,FALSE,0.561,-7.333,1,0.0273,0.00388,2.51e-05,0.225,0.387,139.947,4,2,"indie_soul_rock",0.67
8885,"0U8JTOgrivL4Sws3JHNTRN","The Changcuters","Binauralis","Hmmm.. Sudah Kuduga",33,233235,FALSE,0.732,-4.678,1,0.0306,0.0391,5.23e-06,0.156,0.741,120.041,4,2,"indie_soul_rock",0.57
8892,"0IVFvmvdHebQ4t8KMKIk48","Wishbone Ash","Best 70s Rock Tunes","Ships In The Sky",0,179666,FALSE,0.289,-12.532,0,0.0283,0.134,0.000757,0.174,0.236,143.901,3,2,"indie_soul_rock",0.56
8893,"1LyhgFAenhTUCe78XkpJZ9","Wishbone Ash","Best 70s Rock Tunes","Ships In The Sky",0,179666,FALSE,0.289,-12.532,0,0.0283,0.134,0.000757,0.174,0.236,143.901,3,2,"indie_soul_rock",0.44
8908,"6NyJTEbcYMoq00ANbH0bvC","Alabama Shakes","Sound & Color","This Feeling",48,268853,FALSE,0.334,-11.514,1,0.0361,0.844,0.00458,0.113,0.306,130.823,4,2,"indie_soul_rock",0.51
8911,"1o2QE6KUthclwKuEDweROU","Eric Clapton","Forever Man","Change the World - 2015 Remaster",58,234813,FALSE,0.556,-8.77,1,0.0248,0.477,0.00511,0.0935,0.511,96.9,4,2,"indie_soul_rock",0.48
8917,"2YJgM8lj4u5YEZRSHSfL60","Derek & The Dominos","Layla And Other Assorted Love Songs (Remastered 2010)","Bell Bottom Blues",59,301720,FALSE,0.695,-6.162,1,0.034,0.587,0.0383,0.159,0.646,133.136,4,2,"indie_soul_rock",0.77
8925,"373yGkNo74RZgmQgTiR8xK","Ella Fitzgerald;The Delta Rhythm Boys","The War Years (1941-1947)","It's Only A Paper Moon",59,160133,FALSE,0.103,-16.964,1,0.0416,0.944,0,0.127,0.53,114.044,4,2,"indie_soul_rock",0.43
8936,"2wnjZXcAT3rCjjqxLeHjv7","Freddie King","Getting Ready... (World)","Going Down",61,204333,FALSE,0.526,-11.352,1,0.0365,0.0339,0.000119,0.11,0.637,167.936,4,2,"indie_soul_rock",0.56
8938,"2fuNZrprXsWj8MxzAblDhO","La Mississippi","Galvanizado","Galvanizado",33,197760,FALSE,0.772,-8.438,1,0.0331,0.641,0,0.312,0.969,128.015,4,2,"indie_soul_rock",0.65
8941,"3M2yijPkv7eFEdOSNG3xTV","Slank","PISS","Percuma",35,215066,FALSE,0.632,-8.513,1,0.0454,0.138,0,0.0478,0.497,171.829,4,2,"indie_soul_rock",0.33
8948,"5omSKZvHQUH8WRUTOTC1cU","Sir Charles Jones","The Best of Sir Charles Jones - For Your Love","Is There Anybody Lonely",32,279506,FALSE,0.44,-8.443,1,0.0416,0.64,0,0.0926,0.553,110.105,4,2,"indie_soul_rock",0.5
8961,"3Ye5icBka8ODjcaEQakPvZ","Royal Blood","Typhoons","Oblivion",62,161253,FALSE,0.823,-3.68,0,0.0612,0.000281,0.00211,0.216,0.826,112.005,4,2,"indie_soul_rock",0.52
8974,"3TFakk2IpVVMgqc5uxZdSC","Atomirotta","II","Älä huoli tyttö",31,202813,FALSE,0.796,-5.35,0,0.0347,0.0629,3.65e-06,0.0779,0.601,119.03,4,2,"indie_soul_rock",0.7
8994,"7LFjR00hYqMp5TzC4Y8ghA","Eric Burdon","Heliborne The Ultimate Fantasy Playlist","Don't Let Me Be Misunderstood",0,157360,FALSE,0.712,-7.858,0,0.0273,0.159,0,0.183,0.912,113.061,4,2,"indie_soul_rock",0.57
8995,"2sl3IH88HXKZtimRoW4oVb","Eric Burdon","Treasures Of The Aegean The Ultimate Fantasy Playlist","Don't Let Me Be Misunderstood",0,157360,FALSE,0.712,-7.858,0,0.0273,0.159,0,0.183,0.912,113.061,4,2,"indie_soul_rock",0.49
9005,"0EvH4HVrhZnvAfyctBSGrk","3030","Expectativas","Expectativas",52,201459,FALSE,0.507,-9.219,0,0.058,0.798,0,0.31,0.897,136.937,4,13,"brazil_gospel_trad",0.61
9019,"6OSs0dmcVqVdeWOmsaA5g1","Jota Quest","Acústico Jota Quest","Fácil - Acústico",54,229540,FALSE,0.537,-10.761,1,0.0282,0.377,0,0.757,0.313,95.914,4,13,"brazil_gospel_trad",0.61
9033,"5cS3LwObFvrv6Vfwge0D6R","Delino Marçal;Midian Lima","Você Não Imagina","Você Não Imagina",54,318020,FALSE,0.526,-6.724,1,0.0317,0.273,0,0.15,0.342,116.349,4,13,"brazil_gospel_trad",0.52
9034,"5vOVMNYDam6F6jtemqnNX2","Antônio Carlos Jobim;Frank Sinatra","christmas but not christmas songs","The Girl From Ipanema",0,200360,FALSE,0.321,-14.418,1,0.0329,0.714,0.00345,0.101,0.549,133.537,4,13,"brazil_gospel_trad",0.57
9035,"0ZBYKXS2sFtFOiJNt97mPP","Padre Fábio De Melo;Celina Borges","Queremos Deus","Nas Asas do Senhor (feat. Celina Borges)",55,303973,FALSE,0.339,-8.739,1,0.0299,0.374,0,0.165,0.166,121.747,4,13,"brazil_gospel_trad",0.52
9036,"3GitsRPchZRDyXlE4Aiyml","Antônio Carlos Jobim;Herbie Mann;João Gilberto","Chill in Brazil","Bolinha de papel",0,79000,FALSE,0.415,-14.557,0,0.0514,0.881,0,0.0873,0.965,113.42,3,13,"brazil_gospel_trad",0.53
9048,"3z0EtPdwFYDN3uXYheXliS","Nando Reis","Só as Melhores do Pop Rock Brasileiro","Cegos do castelo",0,258265,FALSE,0.706,-5.879,1,0.0302,0.345,0.0021,0.307,0.389,154.651,4,13,"brazil_gospel_trad",0.66
9067,"010189igJXAPKuys4itwaE","Marcelo Falcão","Viver (Mais leve que o ar)","Senhor fazei de mim (Um instrumento de tua paz)",50,140466,FALSE,0.571,-6.198,0,0.027,0.241,1.08e-05,0.172,0.659,108.03,4,13,"brazil_gospel_trad",0.62
9069,"3UzG9lnmUswPscvRfVmHcv","Tim Maia","Chill in Brazil","Acenda o farol",0,192026,FALSE,0.883,-6.686,0,0.136,0.0606,0,0.0524,0.692,123.095,4,13,"brazil_gospel_trad",0.68
9075,"3Xomal5ygcaPbGUwVqVtEg","Frejat","Dose Dupla Frejat","Amor pra recomeçar",51,214626,FALSE,0.856,-4.994,1,0.0363,0.215,0,0.337,0.726,120.528,4,13,"brazil_gospel_trad",0.65
9103,"3G8gF1ClzlQBV66fz6S6JB","Trilha Sonora do Gueto","Us Fracu Num Tem Veiz","Favela Sinistra",51,215880,FALSE,0.576,-10.626,1,0.582,0.232,0,0.131,0.963,111.326,1,13,"brazil_gospel_trad",0.62
9112,"3BXYxSllo4ZsW2yeeSi8pQ","Bruna Karla","Deus Está Cuidando de Você","Deus Está Cuidando de Você",49,268887,FALSE,0.458,-8.379,1,0.0264,0.0577,0,0.127,0.252,105.003,4,13,"brazil_gospel_trad",0.61
9117,"4gh78osufvCssjiZveH41y","Davidson Silva","Tomé","Amar-Te Mais",49,259160,FALSE,0.541,-7.175,1,0.0256,0.638,1.21e-05,0.204,0.205,139.984,4,13,"brazil_gospel_trad",0.6
9133,"4o1mYiItCSE8Fqlx0rOVgs","Leandro Borges","Leandro Borges ao Vivo: Parte 2","Fica Tudo Bem - Ao Vivo",49,392801,FALSE,0.724,-6.487,1,0.0546,0.314,0,0.676,0.369,135.744,4,13,"brazil_gospel_trad",0.71
9141,"2hqkibBr8jnh0SJgBSb6rE","Jozyanne","Esperança (Ao Vivo)","Teus Olhos Revelam - Ao Vivo",50,298005,FALSE,0.566,-6.724,1,0.0266,0.798,0,0.985,0.212,93.932,4,13,"brazil_gospel_trad",0.47
9147,"4y52IOOi2eSnO7V98wFANC","Ministério Adoração e Vida","Hoje Livre Sou (Ao Vivo)","O Céu Se Abre - Ao Vivo",48,310253,FALSE,0.577,-5.02,1,0.0327,0.403,3.49e-06,0.54,0.356,143.653,3,13,"brazil_gospel_trad",0.59
9151,"5T4lERmPqhO2ukZoGJ5sSr","KVSH;Schillist","Sicko Drop","Sicko Drop",69,147976,FALSE,0.713,-5.487,1,0.0851,0.0276,0.76,0.0961,0.298,123.983,4,13,"brazil_gospel_trad",0.43
9157,"3QI2FbgxMG42vJjqNEHOP3","O Rappa","7 Vezes","Em busca do porrão - Versão 2",47,312280,TRUE,0.57,-9.013,0,0.0259,0.638,0.00815,0.154,0.78,92.978,4,13,"brazil_gospel_trad",0.57
9159,"32XOaqmQqFWggQzrwGSuRn","Froid;Alaska","Kyoto","Kyoto",49,186709,TRUE,0.514,-8.357,0,0.27,0.626,0,0.129,0.675,170.975,4,13,"brazil_gospel_trad",0.56
9160,"6kNZZrEuRbNevp9dW3RPDX","Jopin;Saulo","Amor Pra Recomeçar","Amor Pra Recomeçar",47,158095,FALSE,0.678,-10.141,1,0.0339,0.0857,0,0.414,0.582,125.985,4,13,"brazil_gospel_trad",0.35
9174,"3lMGhsGVaAO37AKy5CV8HB","Scracho","A Grande Bola Azul","Morena",47,247986,FALSE,0.617,-6.975,0,0.0428,0.0355,0.000102,0.147,0.417,139.983,4,13,"brazil_gospel_trad",0.57
9180,"575A4uzmh4OIHn34wRD6Gy","Sued Silva","Foi a Mão de Deus","Foi a Mão de Deus",48,408181,FALSE,0.53,-6.736,1,0.0402,0.0736,0,0.132,0.371,121.729,4,13,"brazil_gospel_trad",0.66
9189,"1gD4sDZi8BaHunIj4zNF8B","Racionais MC's;DJ Cia","Cores & Valores","Preto Zica",49,123370,FALSE,0.606,-7.277,0,0.222,0.0598,0.00028,0.14,0.582,85.005,4,13,"brazil_gospel_trad",0.56
9209,"0ZYuaNa0M0XVimhr8biOmX","BRAZA","Tijolo por Tijolo","Qual É o Rosto de Deus?",47,217746,FALSE,0.765,-9.795,0,0.0559,0.493,3.26e-06,0.0894,0.663,172,4,13,"brazil_gospel_trad",0.55
9212,"6XymeWgTguSv5cz9LuDclr","Nando Reis;Andrea Martins","Luau (Ao Vivo Em São Paulo / 2007)","Luz Dos Olhos - Ao Vivo Em São Paulo / 2007",49,306813,FALSE,0.694,-6.637,1,0.0304,0.46,0,0.747,0.336,91.008,4,13,"brazil_gospel_trad",0.67
9253,"4lFSe0VQ2tMDJhyvjD8jmU","3030;Lauana Prado","Refém","Refém",48,180000,FALSE,0.652,-6.413,0,0.0336,0.518,7.87e-05,0.0839,0.862,145.01,4,13,"brazil_gospel_trad",0.62
9266,"0NHg798nLYDeJ2SuMbhCCj","Leandro Borges;Vanilda Bordieri","Deus, Eu e Meu Violão","Cresça",47,323500,FALSE,0.843,-5.27,1,0.0977,0.41,0,0.104,0.503,148.084,4,13,"brazil_gospel_trad",0.46
9268,"6suU440DRXoxpLNKWf46XJ","Realidade Cruel","Dos Barracos de Maderite aos Palácios de Platina","O Resgate",48,415660,FALSE,0.732,-5.206,0,0.262,0.622,0,0.163,0.436,152.59,4,13,"brazil_gospel_trad",0.68
9271,"3iJ5YerM9w9nq8vU4gicL6","Astrud Gilberto","The Greatest Jazz Mix","Day By Day",0,129306,FALSE,0.24,-15.817,0,0.0354,0.343,0,0.0741,0.339,77.712,4,13,"brazil_gospel_trad",0.47
9275,"0G59rX2uOta2lX83SfB8Rk","Aline Barros","Reino","Autor da Vida",47,295360,FALSE,0.522,-7.366,1,0.0256,0.532,0,0.0963,0.389,139.992,4,13,"brazil_gospel_trad",0.66
9303,"6ZkeNE5zlcl13PbnzXdw38","Charlie Brown Jr.","Acústico (Ao Vivo)","Tudo Pro Alto - Ao Vivo",48,184093,FALSE,0.983,-5.498,0,0.0598,0.0182,0.000128,0.691,0.725,92.68,4,13,"brazil_gospel_trad",0.52
9307,"7dl6sU2RWIcTVOSa3E2VBW","Ponto De Equilíbrio;Tati Portella","Mais Amor","Mais Amor",45,165789,FALSE,0.701,-4.643,1,0.0494,0.503,8.68e-06,0.122,0.6,152.026,4,13,"brazil_gospel_trad",0.55
9312,"2m2QV4YsDoVNQ9Y6THdSg4","Charlie Brown Jr.","Imunidade Musical","Aquela Paz",49,176960,FALSE,0.487,-9.29,1,0.0341,0.769,1e-04,0.181,0.693,123.897,5,13,"brazil_gospel_trad",0.61
9321,"3vUTz0lUcDLNUODDL58EPv","Anderson Freire","Transformação","Transformação",47,312726,FALSE,0.565,-8.976,0,0.0368,0.244,2.79e-06,0.15,0.174,139.946,4,13,"brazil_gospel_trad",0.64
9325,"1QVnc9HLOMlAD4KDxNzzOH","Maneva","Mundo Novo","Cores Do Universo",47,131198,FALSE,0.719,-6.096,0,0.136,0.382,0,0.213,0.674,130,4,13,"brazil_gospel_trad",0.5
9328,"1RlwQdnnfFYIIPEnYj6yI8","Eyshila;Weslei Santos","Mais Que Uma Voz / A Ele a Glória","Mais Que Uma Voz",47,242005,FALSE,0.362,-5.63,1,0.0276,0.599,0,0.106,0.221,140.641,4,13,"brazil_gospel_trad",0.65
9361,"0DHpr7eLBrRZvlXa4sNwhd","Diante do Trono;Ana Paula Valadão","Aleluia - Diante do Trono 13 (Ao Vivo)","Canção do Apocalipse - Ao Vivo",46,437386,FALSE,0.478,-6.8,1,0.033,0.5,0,0.12,0.0761,123.219,4,13,"brazil_gospel_trad",0.45
9376,"3g4TegeapKCe6KnUC6XU0J","Ministério Vineyard","Vem Esta é a Hora","Me Derramar",46,350146,FALSE,0.532,-7.612,1,0.04,0.201,0,0.262,0.327,116.124,3,13,"brazil_gospel_trad",0.58
9386,"4Wls6Mo3QpCTnfa1kSEs6X","Armandinho","Acústico (Ao Vivo)","A Ilha - Ao Vivo",46,287159,FALSE,0.665,-7.912,0,0.0284,0.221,0,0.909,0.928,89.978,4,13,"brazil_gospel_trad",0.56
9413,"7sC2sL3Q5cZswDQJfnlfOt","Charlie Brown Jr.","100% Charlie Brown Jr - Abalando A Sua Fábrica","Tudo Pro Alto",48,203093,FALSE,0.945,-7.201,0,0.0798,0.000639,0.453,0.204,0.603,179.079,4,13,"brazil_gospel_trad",0.64
9414,"4ObGL3b6H7kbe3r7QgaIr9","Sabotage;Chorão","Rap É Compromisso (Edição Comemorativa)","Cantando pro Santo",47,366413,FALSE,0.474,-9.017,0,0.345,0.0304,7.44e-06,0.0887,0.745,79.976,4,13,"brazil_gospel_trad",0.48
9419,"7Iy6r0TWdhMUPfSspCGRKY","Damares","Apocalipse","A Batalha do Arcanjo",46,306173,FALSE,0.738,-3.26,1,0.0336,0.42,0,0.285,0.465,141.05,4,13,"brazil_gospel_trad",0.5
9426,"6O1zIickC0YQseSVMGlNq8","Nação Zumbi","Nação Zumbi","Novas Auroras",45,210880,FALSE,0.681,-8.512,0,0.0274,0.000779,0.00034,0.219,0.52,106.991,4,13,"brazil_gospel_trad",0.54
9429,"3eUOVnvVw9ntGUqJmHKF1J","Os Paralamas Do Sucesso","Nove Luas","Lourinha Bombril",47,158933,FALSE,0.907,-9.234,1,0.042,0.0194,5.59e-05,0.279,0.8,168.459,4,13,"brazil_gospel_trad",0.67
9436,"5diYEOacejP4yRkWlYU3Cu","Armandinho;Vitor Isensee","Acústico (Ao Vivo)","Eu Sou do Mar - Ao Vivo",45,275969,FALSE,0.762,-6.822,0,0.0731,0.185,0,0.673,0.954,146.056,4,13,"brazil_gospel_trad",0.49
9438,"50KzUnn80DNmBJJPx0Rynn","Sabotage;Sombra;Bastardo","Rap É Compromisso (Edição Comemorativa)","Cocaína",47,298653,TRUE,0.708,-7.171,0,0.27,0.133,0,0.171,0.805,90.978,4,13,"brazil_gospel_trad",0.64
9446,"5V7c3vhgVN0VXJrRfAAcp8","Ultraje a Rigor","18 Anos Sem Tirar","Nós Vamos Invadir Sua Praia",45,328200,FALSE,0.98,-5.588,0,0.225,0.000502,0.00126,0.988,0.517,167.889,4,13,"brazil_gospel_trad",0.71
9450,"5Nnc3TYjsEprIFHZ0fu0ck","Choice;Xamã","Ruby King 7102","Nicole",46,358953,TRUE,0.487,-12.065,0,0.495,0.344,0,0.105,0.243,89.343,4,13,"brazil_gospel_trad",0.88
9461,"1nq9YpDxX7nMYy9v4QBgg9","Don L;Mateus Fazeno Rock","Roteiro pra Aïnouz (Vol. 2)","vila rica",46,241243,FALSE,0.626,-5.953,0,0.0383,0.345,1.54e-05,0.292,0.407,145.002,4,13,"brazil_gospel_trad",0.67
9467,"1VGVVpAaeSVxcTNXBn5Okb","Comunidade Católica Shalom","Ressuscitou (Liturgia)","Belíssimo Esposo",45,426906,FALSE,0.229,-8.393,1,0.0284,0.821,0,0.119,0.293,84.025,4,13,"brazil_gospel_trad",0.54
9480,"4v5aGcoGfj22PEr53NJOHN","Gabriela Rocha","Juntos Em Adoração (Live 2020)","Oh, Quão Lindo esse nome é / Só Tu és Santo / Pra Te adorar - Live 2020",45,748206,FALSE,0.824,-4.244,1,0.0781,0.00712,0.000345,0.0855,0.165,138.044,4,13,"brazil_gospel_trad",0.53
9486,"3vGvMhuNgM3KVuwHEwZWwI","Los Hermanos","Los Hermanos Na Fundição Progresso - 09 De Junho De 2007","Anna Júlia - Ao Vivo",46,226546,FALSE,0.948,-4.464,1,0.209,0.12,0.00261,0.984,0.444,146.753,4,13,"brazil_gospel_trad",0.64
9495,"6teaCqn4Izl1Af1ErKcUjQ","Renascer Praise","Renascer Praise 13 - A Colheita","Eu me Rendo",45,373005,FALSE,0.568,-8.402,1,0.029,0.0719,0,0.746,0.23,150.013,4,13,"brazil_gospel_trad",0.48
9502,"1uxFhAQQOrF7nbL49DLcls","Knust;Luiz Lins;CMK","Perder o Interesse","Perder o Interesse",47,249597,FALSE,0.411,-11.908,0,0.162,0.219,0.000298,0.172,0.133,74.864,4,13,"brazil_gospel_trad",0.59
9506,"4sDtOypFLuQGujmcic6aUv","UCLÃ;Peunubeat;Sueth;Duzz;Sobs","Ouro Rosé II","Ouro Rosé II",46,283747,TRUE,0.525,-8.147,0,0.347,0.392,0,0.086,0.663,107.001,4,13,"brazil_gospel_trad",0.65
9507,"7BS9guU5q1fzQX1ZQUTYto","Fernanda Brum","Cura-me","Cura-me",45,310590,FALSE,0.604,-5.26,0,0.035,0.332,0,0.0743,0.136,145.963,4,13,"brazil_gospel_trad",0.62
9524,"1xwny28AvZuFEgQfUN5ldD","Klebson Kollins","Vem Neste Lugar (Ao Vivo)","Vem Neste Lugar - Ao Vivo",45,306250,FALSE,0.578,-7.623,1,0.0342,0.141,0.0039,0.13,0.0509,130.011,4,13,"brazil_gospel_trad",0.56
9528,"2y9ZH3fIZoiH01RlhlmmCA","Fabiana Sinfrônio","Deus Está Fazendo","Deus Está Fazendo",45,266294,FALSE,0.372,-10.517,1,0.0362,0.414,0,0.0829,0.109,114.976,4,13,"brazil_gospel_trad",0.52
9538,"0oAksCragvUN6QRcAIMic9","Damares","Diamante (2010)","Sacrifício e Adoração",45,345933,FALSE,0.631,-5.395,1,0.0318,0.284,0,0.0957,0.334,142.144,4,13,"brazil_gospel_trad",0.37
9541,"6NthJCbsfFFrTK2OYZTRCp","Ultraje a Rigor","O mundo encantado do Ultraje a Rigor","Ciúme",44,242453,FALSE,0.886,-6.938,1,0.0463,0.00588,0.000264,0.0834,0.656,169.132,4,13,"brazil_gospel_trad",0.52
9546,"06ZKQ9zWVEOR9C532mkj7K","Nívea Soares","Glória E Honra (Ao Vivo)","Filho Do Deus Vivo - Ao Vivo",46,334400,FALSE,0.873,-6.874,0,0.0349,0.00218,4.8e-05,0.95,0.246,133.982,4,13,"brazil_gospel_trad",0.47
9559,"2GI39Pk0Id5QjTZFTTq91q","Rael","Ao Vivo em SP","Aurora Boreal (Ao Vivo)",44,243293,FALSE,0.806,-7.58,1,0.123,0.348,0,0.967,0.475,91.081,4,13,"brazil_gospel_trad",0.71
9573,"6BO1F7s14ZehAecywx99G6","Jota Quest","Saideira Acústico Sessions","Todas as Janelas",47,267333,FALSE,0.561,-7.068,1,0.0293,0.0687,2.13e-05,0.0829,0.412,82.969,4,13,"brazil_gospel_trad",0.65
9576,"59klEKEftzx76xnc5Nq9cX","Nando Reis;Pitty","Um Tiro no Coração","Um Tiro no Coração",45,302052,FALSE,0.776,-5.381,1,0.0291,0.184,0,0.113,0.576,132.098,4,13,"brazil_gospel_trad",0.53
9592,"6b4KNIsMmd3J5pR9BG2pes","Rosa de Saron","Acústico","As Dores do Silêncio",44,264240,FALSE,0.47,-7.977,1,0.0301,0.0875,0,0.0936,0.334,123.793,4,13,"brazil_gospel_trad",0.5
9602,"268RaMjo1URmTXW46uTDol","Cartel Mcs;Sain","Sin City","Cinco Estrelas",44,297025,TRUE,0.694,-7.662,1,0.472,0.409,4.58e-05,0.123,0.649,177.162,4,13,"brazil_gospel_trad",0.47
9604,"2ln8TMs7T1zEctVoifIXjj","Clarice Falcão","Problema Meu","Vinheta",45,78184,FALSE,0.685,-7.171,1,0.0955,0.373,0,0.0629,0.745,115.929,4,13,"brazil_gospel_trad",0.51
9608,"78uqYSOfbHaPnWq7vYgouJ","Xamã;Bagua Records;Gustah;Irineu Barsé","Acústico Cancún","Quinta Cínica - Acústico",46,136421,FALSE,0.53,-9.372,0,0.145,0.806,0,0.112,0.774,95.01,4,13,"brazil_gospel_trad",0.28
9610,"5y6BXNz2jiBjZBvf8HCC05","Murica;BEATDOMK","Flores e Facas","Flores e Facas",45,168000,FALSE,0.489,-7.062,1,0.58,0.65,0,0.248,0.674,126.724,4,13,"brazil_gospel_trad",0.48
9612,"6nQRnJYQUowTFUxoCmV96c","LEALL;Nagalli","Esculpido a Machado","Lamentações 2:19",46,65217,FALSE,0.559,-15.272,0,0.124,0.578,0,0.118,0.367,74.419,3,13,"brazil_gospel_trad",0.57
9615,"5DG4dGVLEmul9xSv7mEun6","Trilha Sonora do Gueto","Purke Tudu Num Mundu É Vaidade","Face Oculta",46,309916,FALSE,0.582,-7.91,1,0.455,0.429,0,0.358,0.883,82.652,4,13,"brazil_gospel_trad",0.67
9617,"2u3IDp5f0iVe0tHoXMZQqJ","Edson Gomes","Campo De Batalha","Ovelha",44,209560,FALSE,0.445,-8.083,0,0.0419,0.19,0,0.059,0.813,148.3,4,13,"brazil_gospel_trad",0.55
9639,"0WrxJn5wWUgU9U2gY0khWf","Barão Vermelho","Balada MTV","Puro êxtase",45,248600,FALSE,0.874,-5.847,1,0.047,0.144,6.15e-05,0.834,0.682,114.445,4,13,"brazil_gospel_trad",0.41
9642,"4c2OHigULUHASnUdOEO7HQ","Valesca Mayssa;Bruna Karla","De Janeiro a Dezembro","Forma de Cuidado",44,244273,FALSE,0.589,-5.857,0,0.0377,0.327,0,0.076,0.322,126.246,4,13,"brazil_gospel_trad",0.64
9652,"1HQoGpPJ8ye2BEavUqdnF9","Cacife Clandestino;Medellin;Lolla Sales;Predella","Marginal","Aquário",45,277370,FALSE,0.574,-5.285,0,0.44,0.155,0,0.0881,0.611,89.898,4,13,"brazil_gospel_trad",0.67
9655,"2mAenBc4RyeokOVC19oqqa","Black Alien","No Princípio Era o Verbo - Babylon by Gus, Vol. II","Falando do Meu Bem",45,244239,FALSE,0.905,-4.719,1,0.0603,0.182,0.000887,0.407,0.713,112.024,4,13,"brazil_gospel_trad",0.33
9666,"7DCVTLzUHbfJ2gOUHOCyYu","Marcelo Falcão;Filipe Ret","Louco pra Voltar","Louco pra Voltar",44,234450,FALSE,0.83,-4.98,0,0.214,0.291,0,0.259,0.739,75.028,4,13,"brazil_gospel_trad",0.53
9676,"4qeKW6iHErETwNb4sgdYkZ","Ventania","Só para Loucos","Marasmo",44,160640,FALSE,0.511,-6.565,0,0.0567,0.773,4.52e-06,0.0708,0.65,114.982,4,13,"brazil_gospel_trad",0.32
9678,"5kNCog1amNsI8z2iD5634p","Raul Seixas","O Dia Em Que A Terra Parou","O dia em que a terra parou",46,265306,FALSE,0.729,-13.779,1,0.148,0.089,0,0.0462,0.344,113.295,4,13,"brazil_gospel_trad",0.72
9689,"4jLVOcizOi34FZryboYa9R","Biquini Cavadão","Ao Vivo","Timidez",44,267733,FALSE,0.885,-5.843,1,0.0816,0.081,0,0.774,0.268,129.421,4,13,"brazil_gospel_trad",0.63
9697,"1op8KW1iN0AY02YIxdYYVw","Zé Ramalho","Antologia Acústica","Garoto de Aluguel (Taxi Boy)",44,312360,FALSE,0.649,-10.186,0,0.0295,0.393,0.0295,0.137,0.513,89.866,4,13,"brazil_gospel_trad",0.6
9705,"6ueWea9Fl5OkarsQf4Fn14","Dalsin;Froid;KAKA","Hannah","Hannah",44,187758,TRUE,0.685,-4.673,0,0.353,0.499,0,0.106,0.565,89.662,5,13,"brazil_gospel_trad",0.55
9718,"03eJrJinZp8ofxM3nQQs9F","Zeca Baleiro","Top Hits","Lenha",44,249706,FALSE,0.673,-7.889,1,0.0358,0.33,2.66e-05,0.0937,0.333,81.063,4,13,"brazil_gospel_trad",0.31
9727,"3ulqNw1j3ylD2HBUJnK2C4","Diante do Trono;Ana Paula Valadão;MORADA","Cantem no Caminho (Ao Vivo)","Cantem no Caminho - Ao Vivo",44,447001,FALSE,0.605,-6.967,1,0.0331,0.0561,7.47e-05,0.521,0.229,141.779,4,13,"brazil_gospel_trad",0.58
9733,"3ShTQAZARvk8SwMJM27xV6","Dazaranha","Afinar as Rezas","Chega Mais Cedo",43,207270,FALSE,0.823,-6.666,0,0.1,0.0752,0,0.248,0.967,171.066,4,13,"brazil_gospel_trad",0.62
9734,"1vilS08qiLlRb8ndSYL4ux","Aline Barros","O Poder do Teu Amor","Recomeçar",43,255066,FALSE,0.6,-6.494,1,0.065,0.485,0,0.106,0.292,192.297,4,13,"brazil_gospel_trad",0.39
9735,"2rywMGsAUqyYC5mqCSG46N","Maneva","Tudo Vira Reggae (Ao Vivo)","Evidências - Ao Vivo",44,296474,FALSE,0.4,-9.685,1,0.169,0.26,0,0.138,0.572,100.032,4,13,"brazil_gospel_trad",0.69
9745,"5c0N2qsBgz8C9Kh3YDv2hy","Rosa de Saron;Pe. Fábio de Melo","Acústico e Ao Vivo 2/3","Casino Boulevard - Ao Vivo",43,242653,FALSE,0.625,-4.745,0,0.0283,0.497,0,0.38,0.215,136.017,4,13,"brazil_gospel_trad",0.28
9775,"24qot8Zn3CZ88z5ZS2EMds","Maneva","Acústico Na Casa Do Lago (Acústico / Ao Vivo)","Saudades Do Tempo - Acústico / Ao Vivo",44,188552,FALSE,0.366,-11.803,1,0.0514,0.788,0.0454,0.795,0.53,132.889,4,13,"brazil_gospel_trad",0.51
9782,"6y0DCmWrYuPEQrgseDFFje","Edson Gomes","O Melhor de Edson Gomes - Ao Vivo","Malandrinha - Ao Vivo",44,260760,FALSE,0.714,-10.699,1,0.0528,0.363,0,0.405,0.949,108.933,4,13,"brazil_gospel_trad",0.49
9784,"4jH3S2TzxyLhME0PYnNtX7","Jhonas Serra","Se Até os Anjos se Prostram","Se Até os Anjos se Prostram",44,456268,FALSE,0.637,-9.042,1,0.0336,0.282,0.57,0.0752,0.315,133.968,4,13,"brazil_gospel_trad",0.53
9794,"0AzFuoLpUvehCep7QZNLzj","Barão Vermelho","Balada MTV","Enquanto ela não chegar",44,253733,FALSE,0.786,-6.569,1,0.0447,0.0684,5.66e-06,0.636,0.251,184.786,4,13,"brazil_gospel_trad",0.36
9798,"4b3qU0YBXYwC3eVPX3mVJI","Frei Gilson","Eu Vou Crer em Ti","Eu Vou Crer em Ti",44,455294,FALSE,0.862,-7.242,1,0.0443,0.0768,1.92e-05,0.697,0.233,135.978,4,13,"brazil_gospel_trad",0.64
9803,"1wXSL0SAzd7mX0LM8dmM2r","Thegust Mc's","Expedição Cósmica","Guerreiros Cósmicos",44,161632,FALSE,0.655,-4.345,1,0.268,0.385,3.28e-06,0.109,0.522,97.942,4,13,"brazil_gospel_trad",0.62
9809,"6TwIcghxoVmFkfG6PFgCeF","Febem;Pizzol","RUNNING","R.U.A",44,172149,TRUE,0.646,-4.131,0,0.161,0.0179,0,0.125,0.515,92.041,4,13,"brazil_gospel_trad",0.59
9816,"6URLR9SwPALBhLIURttw7v","Kemuel","Filhos Acústico","Me Lembro - Acústico",44,298481,FALSE,0.299,-11.7,1,0.0407,0.794,0,0.046,0.233,78.769,4,13,"brazil_gospel_trad",0.49
9829,"0CuIW42AlBMNi7zprHcmIB","Eliana Ribeiro","Saudade de Ti","Saudade de Ti",43,301640,FALSE,0.449,-6.126,1,0.0273,0.2,2.5e-06,0.0787,0.179,129.764,4,13,"brazil_gospel_trad",0.43
9831,"4Pi0zgPzwi4MLjoLsPwfEm","Padre Fábio De Melo","Deus no Esconderijo do Verso","Paciência",43,219600,FALSE,0.318,-10.749,1,0.0277,0.641,0,0.0952,0.188,112.072,4,13,"brazil_gospel_trad",0.52
9833,"5cYeAqS2jRcWnhjzjb0I9w","Gabriel Elias","Todas As Praias (axé) [Acústico]","Tá Tudo Bem - Acústico",43,221106,FALSE,0.39,-11.013,0,0.0314,0.607,1.5e-05,0.144,0.275,119.981,4,13,"brazil_gospel_trad",0.61
9838,"0dQfSf8Fxh5npCsCv6R6iQ","Elis Regina","Elis (Remastered)","Casa No Campo - Remastered 2021",44,171530,FALSE,0.368,-9.611,1,0.0573,0.317,1.67e-06,0.281,0.16,119.552,4,13,"brazil_gospel_trad",0.51
9849,"1nq949J6RDPrlBkTXrhqnx","Frejat","Só as Melhores do Pop Rock Brasileiro","Segredos",0,233533,FALSE,0.731,-5.189,1,0.0289,0.192,0,0.405,0.579,127.58,4,13,"brazil_gospel_trad",0.51
9860,"23l6b9hLwkNJGTZJoJPRAY","Yung Buda","Zero","Skin do Kof",44,84961,TRUE,0.416,-7.583,1,0.0744,0.0117,0,0.341,0.459,130.105,4,13,"brazil_gospel_trad",0.45
9864,"5aZuGNyDGuHcPk28R94vwd","Murica;BEATDOMK","Cascavel","Cascavel",44,151509,TRUE,0.531,-8.253,0,0.419,0.618,0,0.288,0.682,84.777,4,13,"brazil_gospel_trad",0.35
9871,"7KR3rQJtJviqmloUwYK86T","Fernandinho","Uma Nova História (ao Vivo)","Fogo Consumidor - Ao Vivo",44,448466,FALSE,0.759,-5.179,1,0.0366,0.13,0,0.192,0.276,154.896,4,13,"brazil_gospel_trad",0.49
9874,"6fkjiRiUOO5UTUC5hPwqcB","Chimarruts","Só Pra Brilhar","Roots Dance",43,213653,FALSE,0.778,-4.905,1,0.0681,0.13,3.82e-05,0.0359,0.888,79.531,4,13,"brazil_gospel_trad",0.58
9876,"2xZ6CGfbCYtqd9wgLCrcpG","Suely Façanha","De Coração a Coração","És o Sentido",43,208600,FALSE,0.366,-13.323,0,0.0303,0.578,3.58e-06,0.27,0.289,125.962,4,13,"brazil_gospel_trad",0.53
9880,"2igDtZlgWm3ZxhV7CHv6pI","Colo de Deus","Casa de Maria (Ao Vivo)","Colo de Mãe - Ao Vivo",43,540000,FALSE,0.642,-6.07,1,0.0781,0.718,0,0.395,0.497,136.036,4,13,"brazil_gospel_trad",0.47
9882,"5oFLARfYC6YY4lXNRqssl7","Aline Barros","Amo Você Vol. 13","Soube que me Amava (Supe que me Amabas)",43,263174,FALSE,0.481,-4.407,1,0.0279,0.491,0,0.119,0.208,127.494,4,13,"brazil_gospel_trad",0.46
9883,"2a8V54o2V6QdgofUotLu9f","Fernandinho","Faz Chover (ao Vivo)","Faz Chover - Ao Vivo",44,758533,FALSE,0.73,-4.265,1,0.0379,0.72,0,0.26,0.324,143.209,4,13,"brazil_gospel_trad",0.1
9885,"67TQGw4cZzFD33j4KJcOdQ","Cassiane","Para Sempre","Vou Seguir",43,282633,FALSE,0.396,-11.166,1,0.0335,0.542,1.21e-06,0.127,0.436,140.071,4,13,"brazil_gospel_trad",0.5
9889,"20pxoRoue8oz2dbOzR5ydc","Gerson Rufino","10 Anos de Louvor","Com Ele",44,267120,FALSE,0.544,-5.879,1,0.0282,0.498,1.15e-06,0.114,0.345,140.005,4,13,"brazil_gospel_trad",0.55
9900,"3kutMmrDlIMHPzQdD41YI9","Sagaz","Hipogrifo - Single","Hipogrifo",43,186448,FALSE,0.45,-9.301,0,0.438,0.621,0,0.0951,0.564,84.312,4,13,"brazil_gospel_trad",0.46
9906,"34IR3mQhewelUrIzahBAsG","3030","Infinito Interno","Céu",43,228187,FALSE,0.554,-8.036,0,0.247,0.185,0,0.193,0.425,80.038,4,13,"brazil_gospel_trad",0.55
9910,"0UQor28BlM3xdKQGAwPPyP","Frejat","Cartas e Versos","Cartas e Versos",44,199814,FALSE,0.467,-10.498,0,0.0277,0.596,0,0.114,0.641,110.131,4,13,"brazil_gospel_trad",0.26
9928,"7LXJorEhjuKbh2xwMp5RaA","Bruna Karla;Anderson Freire","Identidade","Identidade",43,267168,FALSE,0.853,-6.529,0,0.0633,0.188,0,0.413,0.364,167.915,4,13,"brazil_gospel_trad",0.54
9936,"2kMvM1l45ZjpOv73qPefxA","Nando Reis","Para Quando o Arco Íris Encontrar o Pote de Ouro","Relicário",44,245960,FALSE,0.516,-9.473,1,0.0276,0.448,0,0.209,0.397,83.805,4,13,"brazil_gospel_trad",0.58
9938,"2NQ9c78cqdeKegSDRSttcj","Bidê ou Balde;Renato Borghetti","Eles São Assim. E Assim Por Diante.","Mesmo Que Mude",43,288613,FALSE,0.766,-4.466,1,0.0295,0.0112,0,0.109,0.709,142.012,4,13,"brazil_gospel_trad",0.58
9941,"4JC9oW25aChBHuzlillvkh","Gabriel Guedes de Almeida","My Sessions","Oceanos",43,283596,FALSE,0.204,-12.534,1,0.0338,0.967,0.00681,0.0748,0.188,120.05,4,13,"brazil_gospel_trad",0.73
9957,"7axMZ4cnO1l2nffXPBSxXo","3030","Arcano 19","Brilho Na Alma",43,206803,FALSE,0.661,-6.18,0,0.0556,0.279,1.59e-06,0.114,0.598,121.96,4,13,"brazil_gospel_trad",0.42
9966,"574pBc93Hwmzows86H5fSx","Heloisa Rosa","Liberta-Me","Jesus É o Caminho",43,268561,FALSE,0.409,-7.973,1,0.0278,0.0578,0.00238,0.233,0.294,136.008,4,13,"brazil_gospel_trad",0.56
9988,"1svDKiz3n0VluHe1kxD0ay","O Rappa;Marcos do Pifano e João do Pife","O Rappa - Acústico Oficina Francisco Brennand (Deluxe) [Ao Vivo]","Vida Rasteja / Vassourinha / Voltei Recife / Asa branca / Está bhegando a hora / Frevo no pé da serra (Participação especial João do Pife e Marcos do Pífano) - Ao vivo",42,303455,FALSE,0.77,-7.735,0,0.0878,0.165,0.0296,0.707,0.477,91.41,4,13,"brazil_gospel_trad",0.51
9992,"3R0tpQr5WF5leUXFkQoA0Z","Padre Fábio De Melo","Queremos Deus","Deus Está Aqui",43,313453,FALSE,0.335,-11.396,1,0.0299,0.596,0,0.735,0.196,125.95,4,13,"brazil_gospel_trad",0.55
9999,"3TAxLyCtWcLqPBVE1rtj6k","Legião Urbana","O Descobrimento Do Brasil","Vamos Fazer Um Filme",44,261866,FALSE,0.437,-14.639,1,0.0297,0.414,0.0996,0.0713,0.844,117.738,4,13,"brazil_gospel_trad",0.49
10004,"2yMKMPK4B51730EaBIO2KD","The Prodigy","Invaders Must Die","Omen",17,216026,FALSE,0.955,-5.174,1,0.0435,0.00097,0.154,0.309,0.586,140.013,4,11,"breakbeat_trance",0.69
10009,"0D5oADYCG5QbPKk3QEOP1F","The Prodigy;RZA;René LaVice","Breathe (feat. RZA) [Liam H and Rene LaVice Re-Amp]","Breathe (feat. RZA) [Liam H and Rene LaVice Re-Amp]",45,149233,FALSE,0.954,-1.866,0,0.128,0.0519,0.000667,0.22,0.332,141.911,4,11,"breakbeat_trance",0.5
10013,"2grynUHH0A3faPhGjdkjeJ","Freestylers;Belle Humble;Flux Pavilion","Cracks","Cracks - Flux Pavilion Remix",54,281083,FALSE,0.826,-7.082,0,0.0534,0.00095,0.029,0.122,0.427,140.007,4,11,"breakbeat_trance",0.7
10016,"7kXmJwrZGIhDaLT9sNo3ut","The Chemical Brothers","Surrender","Hey Boy Hey Girl",65,290493,FALSE,0.92,-4.976,1,0.0531,0.119,0.508,0.114,0.363,127.001,4,11,"breakbeat_trance",0.74
10017,"03cAFCWyzUOFus6Os8EoQG","Orbital;Yotto","Belfast (Yotto Remix)","Belfast - Yotto Remix",51,395449,FALSE,0.895,-9.447,1,0.042,0.000204,0.753,0.11,0.0699,123.007,4,11,"breakbeat_trance",0.75
10019,"0nOSl3LNa48hT8VT2R1Fh8","Far Too Loud","Firestorm EP","Lightbringer",33,248581,FALSE,0.941,-4.254,1,0.131,1.46e-05,0.442,0.268,0.342,175.001,4,11,"breakbeat_trance",0.73
10028,"3vc1sGOGAVxhx8S1kERqyn","The Prodigy","Always Outnumbered, Never Outgunned","You'll Be UNDER MY WHEELS",52,236973,FALSE,0.944,-5.214,0,0.0761,0.0102,0.9,0.321,0.382,114.015,4,11,"breakbeat_trance",0.75
10048,"4XcXVlQJzFSMBCdM1l0xRY","Dub Pistols;Blade","Speakers and Tweeters","Speed of Light",25,246213,FALSE,0.631,-9.008,1,0.074,0.509,0.000361,0.11,0.57,94,4,11,"breakbeat_trance",0.8
10051,"7isVtUtibpSO2eVSkSJcc6","Fluke","The Matrix Reloaded: The Album","Zion",46,273733,FALSE,0.9,-6.781,0,0.0578,0.0125,0.936,0.0847,0.0394,127.014,4,11,"breakbeat_trance",0.68
10058,"5ktiAN5ZmNa3yO5ZuXnFJ2","The Prodigy","The Day Is My Enemy","The Day Is My Enemy",40,264947,FALSE,0.959,-4.912,0,0.0538,0.0017,0.00645,0.565,0.519,105.99,4,11,"breakbeat_trance",0.72
10059,"2iuZMtHDgYrOifXrmzdJKL","The Crystal Method;Dia Frampton","The Crystal Method","Over It",29,194035,TRUE,0.906,-3.489,1,0.0517,0.00159,1.41e-05,0.658,0.45,139.961,4,11,"breakbeat_trance",0.63
10077,"3m1JFLpKLYgMi1jf6Bu16P","The Chemical Brothers","Surrender","Let Forever Be",56,236360,FALSE,0.872,-3.752,1,0.0777,0.00912,8.79e-06,0.109,0.399,126.938,4,11,"breakbeat_trance",0.67
10084,"6obbgdhRl5PoxiwSXsblYJ","Deekline;Ed Solo;General Levy","Have Some Fun","Have Some Fun - Radio Mix",23,178291,FALSE,0.963,-3.009,1,0.0567,0.00982,8.43e-05,0.322,0.435,174.958,4,11,"breakbeat_trance",0.62
10085,"4vh6Rn6FVG4w79JmlZ5p7d","The Chemical Brothers","No Geography","Got To Keep On",53,316680,FALSE,0.867,-6.209,0,0.0528,0.048,0.125,0.0828,0.917,125.005,4,11,"breakbeat_trance",0.69
10093,"5GD4MhhuqzRCTU7EZp3qLG","Freestylers","Pressure Point","Weekend Song",21,262773,FALSE,0.9,-5.665,0,0.104,0.0045,5.96e-06,0.314,0.606,109.916,4,11,"breakbeat_trance",0.69
10095,"7pYbw9aMiIIcl54vlUl17L","Bassnectar;Jantsen","Timestretch","Blast Off",22,370764,FALSE,0.981,-4.291,1,0.147,8.44e-05,0.372,0.885,0.605,140,4,11,"breakbeat_trance",0.78
10096,"55RxHrVRr5rd9zMQ0RrzId","Amb;ABK","The Garcia Brothers","Bleed (feat. Abk)",21,287560,FALSE,0.87,-5.021,0,0.0617,0.00904,0,0.0418,0.573,121.012,4,11,"breakbeat_trance",0.61
10116,"7susTbuAy63MdzO4vY3Emm","The Chemical Brothers","No Geography","We've Got To Try",40,215906,FALSE,0.969,-4.426,1,0.106,0.00177,0.294,0.0385,0.286,91.992,4,11,"breakbeat_trance",0.48
10128,"1uG8J7iExnIQyv7ajHRCjX","Dub Pistols;Horseman","Addict","Go Tell Your Friends",18,251582,FALSE,0.749,-4.9,1,0.194,0.0303,0.0907,0.399,0.544,174.961,4,11,"breakbeat_trance",0.69
10131,"0SgdbUAW4IqioM8mAo8aDh","DJ Icey","Trackotron 2","The Wrangler",18,185625,FALSE,0.924,-4.675,1,0.0573,0.000108,0.751,0.0704,0.57,127.962,4,11,"breakbeat_trance",0.53
10132,"05cqJk4Lz6G9jN2hRNgdE7","The Prodigy;South Central","Invaders Must Die","Warrior's Dance - South Central Remix",19,342373,FALSE,0.979,-3.187,0,0.321,0.000624,0.892,0.0461,0.137,128.003,4,11,"breakbeat_trance",0.63
10133,"0nfQH9hmgwtQ4EK0945Zdy","Dub Pistols;Red Star Lion;Rodney P","Rum & Coke","Peace of Mind",19,295205,FALSE,0.726,-6.349,0,0.225,0.396,6.94e-06,0.0812,0.883,176.023,4,11,"breakbeat_trance",0.72
10180,"6qiMP3Tp76AWK6l6DQO7zf","Stanton Warriors;Rodney P","Dip and Get Low","Dip and Get Low",18,342200,FALSE,0.86,-9.231,1,0.0469,0.000622,0.79,0.11,0.75,131.983,4,11,"breakbeat_trance",0.67
10186,"0mjcoTt1PfckDZB2gPREXf","Dub Pistols;Kitten & The Hip;Barry Ashworth;Bill Borez","Worshipping the Dollar","Bang Bang",17,213200,TRUE,0.626,-11.613,0,0.0341,0.00511,0.000111,0.174,0.841,150.006,4,11,"breakbeat_trance",0.67
10197,"1F89UGrxzrgFeoCJmQO5rA","Krafty Kuts;Dynamite MC","Bass Funk, Vol. 3 (Mixed by Dubra)","We Do This (feat. Dynamite MC)",17,228040,FALSE,0.749,-4.748,0,0.143,0.0839,2.2e-05,0.149,0.625,99.957,4,11,"breakbeat_trance",0.8
10203,"3lmJq0owtVfHZug93YLil8","Datsik;Ganja White Night;T.Rabb","Master of Shadows","Bad Behavior (feat. T.Rabb)",41,238400,FALSE,0.765,-3.157,1,0.195,0.0111,0.000586,0.586,0.326,74.973,4,11,"breakbeat_trance",0.62
10209,"62qtT3BXMlN1PvhI7rHzhS","Plump DJs","Dr Dub","Black Jack",17,497840,FALSE,0.95,-5.974,1,0.0522,0.000123,0.852,0.139,0.537,134.055,4,11,"breakbeat_trance",0.77
10213,"32kHDuaoARRkNsQCWN5HuL","Ctrl-Z;Freestylers;Navigator","Ruffneck 09","Ruffneck 09",17,430222,FALSE,0.915,-5.601,1,0.0503,0.000331,0.000551,0.149,0.368,134.978,4,11,"breakbeat_trance",0.64
10220,"3jlE9uLs8cGPyBizII7iDf","Deekline & Wizard","Back to Back","Bushpig",17,224106,FALSE,0.863,-6.368,0,0.051,0.000633,0.398,0.32,0.926,137.086,4,11,"breakbeat_trance",0.69
10221,"6wBWfu8C7tRSQSPk2FSG75","Dub Pistols;Lindy Layton;Seanie T","Addict","Cool Out Son",16,200578,FALSE,0.618,-9.661,1,0.029,0.0388,0.0682,0.152,0.55,84.998,4,11,"breakbeat_trance",0.85
10222,"0lOzGDHcPlUB1ZvXMWQ0Oh","The Chemical Brothers","Exit Planet Dust","One Too Many Mornings",47,253160,FALSE,0.558,-11.422,1,0.0407,0.171,0.916,0.157,0.539,171.827,4,11,"breakbeat_trance",0.71
10238,"7EMBskFFwFn9tJbX7Cfxfd","Beat Assassins;Phibes","Aries & Kelvin 373 present Born On Road x Jungle Cakes - Welcome To The Jungle (DJ Mix)","Home Grown - Phibes Remix - Mixed",17,80898,FALSE,0.767,-5.437,1,0.0509,0.00261,0.763,0.411,0.103,177.98,4,11,"breakbeat_trance",0.66
10239,"1giEkAjAq5YxaA37WFlctN","Freestylers","Adventures In Freestyle","Fast Life",16,275053,FALSE,0.946,-5.568,1,0.0318,0.000261,0.000217,0.0569,0.751,137.973,4,11,"breakbeat_trance",0.4
10241,"0pajd8NaHR5KObOsk2CqmZ","Roni Size","New Forms","Let's Get It On",18,416800,FALSE,0.865,-7.336,1,0.28,0.00186,0.86,0.161,0.113,169.787,4,11,"breakbeat_trance",0.55
10254,"1IDMCZwbtVWd6BA1GvWSPA","Adam Freeland","Mind Killer","Mind Killer",39,208213,FALSE,0.856,-6.647,0,0.105,0.00123,0.000384,0.124,0.166,180.116,4,11,"breakbeat_trance",0.7
10258,"3DXJt8i08W5iaiMhfHoyTt","Apollo 440","Electro Glide In Blue","Electro Glide In Blue",39,516426,FALSE,0.899,-4.408,0,0.069,0.0569,0.112,0.119,0.653,155.784,4,11,"breakbeat_trance",0.69
10265,"6TrsUeqTOaRsKh3fIlpE1t","The Crystal Method","Legion of Boom","Born Too Slow",41,179800,FALSE,0.962,-3.449,0,0.0329,0.00204,0.149,0.235,0.875,130.007,4,11,"breakbeat_trance",0.51
10267,"7rmwtEyVrmLOT0ibOGTB7Y","Ed Solo;Stickybuds","Welcome To The Jungle: Drum & Bass X Jungle: Mixed By Deekline, Ed Solo & Serial Killaz","Take My Love For Granted",16,289772,FALSE,0.91,-6.504,0,0.0547,0.00706,0.0124,0.535,0.918,176.011,4,11,"breakbeat_trance",0.79
10275,"5V10gvlN2IJ6O5BLtLwPiB","Stanton Warriors;Tony Quattro","Rebel Bass","Get Low (feat. Eva Lazarus)",16,211821,FALSE,0.882,-3.706,0,0.0346,0.00863,0.43,0.452,0.386,129.981,4,11,"breakbeat_trance",0.75
10289,"2DY0vcRSjtV1kWu0dppUQy","Baymont Bross;Sporty-O","Positiva Thangs","Let It Go (feat. Sporty-O) - Original Mix",16,299125,FALSE,0.657,-5.204,1,0.047,0.00538,0.000375,0.0433,0.564,130.008,4,11,"breakbeat_trance",0.89
10305,"53XfDpv76U3BlDXe4JlJ4h","Hybrid;deadmau5","Hybrid Re_mixed","Finished Symphony - Deadmau5 Remix",38,391200,FALSE,0.535,-6.735,1,0.0561,0.00282,0.861,0.101,0.421,127.998,4,11,"breakbeat_trance",0.67
10308,"1OedOJOLyJ26GbGmzuU01z","Overseer","Blade:Trinity","Skylight",32,299946,FALSE,0.752,-9.565,1,0.0467,0.00179,0.783,0.119,0.169,110.007,4,11,"breakbeat_trance",0.76
10334,"1a6mFGM4w3dTdKzCp6yiru","Hybrid","Morning Sci - Fi","I'm Still Awake - Original",15,384053,FALSE,0.523,-10.024,1,0.0392,0.0773,0.499,0.609,0.3,94.998,4,11,"breakbeat_trance",0.73
10335,"23a9IjICN9k9osJxC1NXzt","DJ Icey","Catalysts of the Catalog","I Need You (The Edit)",15,167485,FALSE,0.652,-6.887,0,0.075,0.00241,0.000281,0.118,0.279,128.015,4,11,"breakbeat_trance",0.65
10345,"5aSvXgdjblHbjLnBsQWXJC","The Chemical Brothers","Brotherhood","Chemical Beats - 2003 Digital Remaster",16,244666,FALSE,0.988,-3.474,0,0.0744,0.0202,0.805,0.362,0.829,120.864,4,11,"breakbeat_trance",0.6
10355,"552FeCejfR5CwjYVFnnGq6","Fluke","Absurd","Absurd - Whitewash Edit",41,220626,FALSE,0.952,-6.425,0,0.0441,5.55e-05,0.206,0.264,0.324,124.756,4,11,"breakbeat_trance",0.65
10356,"5rDFRvwao7MFzuhrBTkWMQ","Audio Bullys","Ego War","We Don't Care",48,210800,TRUE,0.848,-6.489,0,0.0597,0.00112,0.00142,0.0882,0.658,124.066,4,11,"breakbeat_trance",0.75
10363,"30TWIcOjIUc47COcnAIzMe","Orbital","The Middle of Nowhere","Style",15,384466,FALSE,0.511,-11.08,1,0.0354,0.0103,0.838,0.111,0.0506,121.996,4,11,"breakbeat_trance",0.5
10374,"5xDQOEHXtk014zxxXtdHfM","Ed Solo;Skool Of Thought;Bukue One;Pimpernal Jones","Random Acts of Kindness","Sometimes",15,267352,FALSE,0.63,-5.213,1,0.0685,0.0409,0.0193,0.455,0.888,95.51,4,11,"breakbeat_trance",0.68
10386,"6vKNmeqan3wq1iBHfRCaPH","Orbital","Diversions","Impact USA (The Earth Is Burning: Diversion)",15,681040,FALSE,0.821,-11.978,1,0.0531,8.77e-05,0.743,0.0781,0.342,129.984,4,11,"breakbeat_trance",0.71
10391,"4C1WU0y9i3BfzlgpeoxwpM","Dub Pistols;Seanie Tee","Return of the Pistoleros","Pistoleros",14,305159,TRUE,0.842,-5.948,1,0.164,0.121,0,0.289,0.689,176.083,4,11,"breakbeat_trance",0.71
10392,"5HY4Gv6Ipqh24VHZOE8mTP","DJ Baby Anne","Bass Switch","Abercrombie",15,237547,FALSE,0.814,-7.823,1,0.038,0.00393,0.858,0.114,0.0422,129.942,4,11,"breakbeat_trance",0.74
10396,"1WkQIOjA2acGyhPy0mIymR","A.Skillz;Krafty Kuts;Beadyman;Beardyman","Happiness (feat. Krafty Kuts & Beadyman)","Got The Rhythm (feat. Beardyman)",13,311386,FALSE,0.944,-5.534,0,0.0994,0.0133,0.00102,0.0482,0.708,110.083,4,11,"breakbeat_trance",0.74
10417,"6gjKCRIhOog8CAAVbkQgPp","Orbital","Satan (30 Something Years Later Mix)","Satan - 30 Something Years Later Mix / Edit",15,229672,FALSE,0.907,-5.678,1,0.0489,7.73e-05,0.0392,0.258,0.114,119.989,4,11,"breakbeat_trance",0.61
10421,"097d4LOjaFAkKdWEbLWLy1","Aphrodite","Aphro Classics 2","Bomber",14,404285,FALSE,0.988,-2.767,0,0.216,0.111,0.798,0.212,0.383,168.005,4,11,"breakbeat_trance",0.61
10433,"4bvoh5rKs3UFZdtUo7AZ5Y","DJ Fixx;Keith Mackenzie","Got That Booty","Got That Booty - Original Mix",14,198746,FALSE,0.92,-6.656,0,0.0442,0.00611,0.592,0.0498,0.834,127.97,4,11,"breakbeat_trance",0.68
10447,"36SZIrsJNxfQBKcTXf4cp9","Lionrock","Packet Of Peace","Packet Of Peace - Chemical Brothers Remix",14,446586,FALSE,0.951,-4.574,1,0.0526,0.000561,0.762,0.56,0.123,118.891,4,11,"breakbeat_trance",0.52
10452,"7Cc6AryZQcJRVX2ZKYNp5g","Noisia;IMANU","The Resonance I","Incessant - IMANU Remix",42,217710,FALSE,0.954,-0.933,1,0.0654,0.0147,0.834,0.15,0.474,172.029,4,11,"breakbeat_trance",0.7
10476,"2gRSdWB9valGthX00IwQCv","Aphrodite","Aphro Classics 2","Lava Flow",13,386206,FALSE,0.984,-1.497,1,0.0708,0.000586,0.878,0.143,0.49,173.998,4,11,"breakbeat_trance",0.52
10486,"1TQUhK0A8cMicGMTCAfjli","Aphrodite;Gail Mclean","Aphro Classics 2","I Wanted It More and More",14,349642,FALSE,0.79,-3.367,0,0.046,0.00156,0.0602,0.17,0.321,168,4,11,"breakbeat_trance",0.76
10502,"6IfFKsVDgkHOhjLzSGFu1W","Datsik","Master of Shadows","You've Changed",33,201600,FALSE,0.902,-2.625,1,0.382,0.00991,3.88e-06,0.109,0.3,112.534,3,11,"breakbeat_trance",0.64
10507,"6PGKojwiEEt0KWEedNao1Z","CIRRUS","Back on a Mission","Back On A Mission",35,217760,FALSE,0.998,-3.746,1,0.116,0.0987,0.00851,0.828,0.254,105.044,4,11,"breakbeat_trance",0.63
10519,"2JpP6bBwQGtwAf3CkE46NY","The Chemical Brothers","Born In The Echoes","Sometimes I Feel So Deserted",36,311976,FALSE,0.823,-6.204,1,0.0571,0.00781,0.0535,0.147,0.45,119.984,4,11,"breakbeat_trance",0.55
10521,"1Lu4MHevzkeT1KeNUyU3Wo","Hybrid","Symphony","Symphony - Original Mix",14,740600,FALSE,0.91,-12.534,0,0.0429,0.0268,0.652,0.122,0.486,131.884,4,11,"breakbeat_trance",0.43
10545,"2MvL8T3pPsXB6Cg5dyNZTJ","Freestylers;Tenor Fly","Weekend Song (feat. Tenor Fly)","Weekend Song (7"" Version)",13,242389,FALSE,0.594,-12.034,1,0.135,0.109,4.35e-06,0.156,0.717,109.911,4,11,"breakbeat_trance",0.84
10548,"7p2bX5VCmu945fb3NGdgud","Dub Pistols;Rodney P","Speakers and Tweeters","Something to Trust",13,211146,FALSE,0.657,-7.779,1,0.157,0.356,0,0.107,0.595,95.995,4,11,"breakbeat_trance",0.79
10555,"28ytplOlfUwDbOJHiCVD5h","Shade k","B SIDE","B SIDE",11,225590,FALSE,0.97,-4.261,0,0.039,0.000483,0.767,0.294,0.209,128.01,4,11,"breakbeat_trance",0.74
10556,"7gJ8X7H3mlQXZjhwwXD2YJ","Yo Speed","Fx","Fx",12,301850,FALSE,0.952,-4.973,1,0.051,0.00018,0.49,0.155,0.448,130.004,4,11,"breakbeat_trance",0.58
10565,"0MF391cptMRWJwkIynqf5V","Bassnectar;Jantsen;Fashawn;Zion I","Noise vs Beauty","Lost in the Crowd (feat. Fashawn, Zion I)",38,212571,FALSE,0.941,-2.388,0,0.0434,0.000387,0,0.415,0.861,140.018,4,11,"breakbeat_trance",0.52
10568,"6m7rgW9CmT4oJWLQSZnesA","Deekline","Welcome To The Jungle: Drum & Bass X Jungle: Mixed By Deekline, Ed Solo & Serial Killaz","Brick City",13,230400,FALSE,0.91,-3.427,1,0.208,0.0294,0.00979,0.448,0.582,174.883,4,11,"breakbeat_trance",0.72
10582,"4paK7VQa8HRYPSF2hvC4LQ","DJ Icey","Take a Little Take a Lot","Tag Ur It",12,170168,FALSE,0.881,-2.92,1,0.0625,0.00394,0.0492,0.0825,0.9,128.005,4,11,"breakbeat_trance",0.62
10595,"5zUSSrLL4DXztTcokuGpVq","A.Skillz;Krafty Kuts;Obi;Real Elements","Tricka Technology","Give You That (feat. Obi & Real Elements)",12,247640,FALSE,0.678,-7.359,0,0.194,0.0226,0,0.0544,0.908,94.004,4,11,"breakbeat_trance",0.62
10599,"3klP0PwUz08y6CB8NIUM0A","Ed Solo;Deekline","Welcome To The Jungle: The Ultimate Jungle Cakes Drum & Bass Compilation","Sensi - Original Mix",13,345600,FALSE,0.936,-3.695,0,0.0561,0.000554,0.000171,0.103,0.585,175.025,4,11,"breakbeat_trance",0.62
10607,"3ZKL0gz5kBQdHMCNimiNFd","Hybrid","I Choose Noise","Choke - Original",37,380026,FALSE,0.65,-11.239,1,0.036,0.00223,0.294,0.0974,0.234,178.389,4,11,"breakbeat_trance",0.83
10613,"5JBGbFdBtLcCCygw8rtjli","The Chemical Brothers","Dig Your Own Hole","Setting Sun",45,328733,FALSE,0.995,-1.169,1,0.223,0.000738,0.13,0.354,0.248,135.041,4,11,"breakbeat_trance",0.52
10626,"2lsnaNYNdxcFttAfS8eIzY","The Chemical Brothers","Surrender (20th Anniversary Edition)","The Diamond Sky",12,218640,FALSE,0.974,-4.237,1,0.0501,0.0242,0.757,0.0586,0.534,190.342,3,11,"breakbeat_trance",0.56
10627,"0NJRfzA1C4lY12TF8g9pGa","Stanton Warriors;Danny Byrd","The One (Remixes) (feat. Laura Steel)","The One (feat. Laura Steel) [Danny Byrd Remix]",13,272000,FALSE,0.938,-4.611,0,0.08,0.00517,0.716,0.0871,0.53,173.995,4,11,"breakbeat_trance",0.52
10630,"14PS1WSKEDcU0CeioZpGvy","Hybrid","Wide Angle","Snyper - Original",12,380040,FALSE,0.897,-8.263,1,0.0539,0.00238,0.873,0.671,0.133,125.009,4,11,"breakbeat_trance",0.52
10633,"44WyzAqGfYz8XklxeBN8kU","The Chemical Brothers","Surrender (20th Anniversary Edition)","Electronic Battle Weapon 4",13,366586,FALSE,0.979,-4.818,1,0.038,0.00432,0.856,0.0984,0.489,140.985,4,11,"breakbeat_trance",0.52
10642,"6Ka4rF8ojCv0Mgn4vpkCD2","Layo & Bushwacka!","Night Works","We Meet At Last",13,342706,FALSE,0.672,-7.936,1,0.0488,0.00389,0.778,0.137,0.182,140.011,4,11,"breakbeat_trance",0.64
10653,"1hnU9BHEiBqGGKkw7pBZd6","Noisia;The Upbeats","Critical Music Presents: Underground Sonics","Little Fling - Original Mix",13,291657,FALSE,0.65,-7.037,1,0.196,0.000742,0.891,0.102,0.594,172.043,4,11,"breakbeat_trance",0.69
10661,"7CDwazPin9cOWJTgvoQpCq","Bassnectar;Seasunz","Underground Communication","Stomp",13,270133,FALSE,0.795,-6.957,0,0.0578,0.00046,0.183,0.0649,0.79,99.989,4,11,"breakbeat_trance",0.76
10668,"7lXchNPE1fUOsDvz33NA5N","Hardknox","Hardknox","Resistance is Futile",12,331360,FALSE,0.949,-6.656,1,0.146,0.0017,9e-04,0.892,0.285,122.484,4,11,"breakbeat_trance",0.62
10686,"69Uu1m95IP4LJCIupsyoy0","Dub Pistols;Darrison","Return of the Pistoleros","Ride with It",12,310776,FALSE,0.939,-4.336,1,0.148,0.000318,0.418,0.621,0.539,173.036,4,11,"breakbeat_trance",0.63
10696,"5f7Rqj2U2OUhzLuRgQUcNz","Roni Size;Reprazent","New Forms","Mad Cat",13,295906,FALSE,0.989,-7.275,1,0.0898,0.018,0.319,0.188,0.605,169.674,4,11,"breakbeat_trance",0.63
10702,"5xq4PTDdJynObrsq0HDyMJ","The Crystal Method","Fast & Furious 6","Roll It Up",28,361266,FALSE,0.991,-3.26,0,0.13,0.0157,0.856,0.597,0.289,117.006,4,11,"breakbeat_trance",0.64
10704,"2Atzk0W2RHeZw2oIiaBubK","Noisia","Split the Atom (Special Edition)","Tommy's Theme - Original",40,280308,FALSE,0.727,-3.796,0,0.0412,0.00217,0.0428,0.124,0.191,73.978,4,11,"breakbeat_trance",0.64
10716,"4ZDN2zdhlCYuc9FkxzrnYj","Aphrodite","Aphro Classics 4","London Massive",12,248749,FALSE,0.832,-5.348,1,0.0584,1.04e-05,0.899,0.0551,0.533,174.035,4,11,"breakbeat_trance",0.62
10717,"1b72o2nV82LSCJxOZNeH7q","Curtis B;Agent K;Keith Mackenzie;DJ Fixx","Hit You Wit It","Hit You Wit It - KMFX Remix",11,217846,FALSE,0.955,-3.944,1,0.0517,0.00172,0.3,0.122,0.663,129.979,4,11,"breakbeat_trance",0.65
10718,"6GNA9EJt5dhLToc8lM4KFO","Bentley Rhythm Ace","For Your Ears Only","T Spot",11,195266,FALSE,0.893,-5.176,0,0.0417,0.00266,0.174,0.653,0.853,119.948,4,11,"breakbeat_trance",0.72
10734,"2My8HJMPq6KVqX7lQvWD7Q","Deekline;Wizard;Stanton Warriors","Back up, Coming Through Remixed","Handz Up - Stanton Warriors Remix",12,339000,FALSE,0.836,-7.417,1,0.0497,7.5e-05,0.216,0.0831,0.188,131.891,4,11,"breakbeat_trance",0.71
10738,"47faBK5vAgnCJC6ZAYJ5pJ","The Crystal Method","Legion of Boom","Broken Glass",14,235533,FALSE,0.869,-5.585,0,0.0475,0.000845,0.663,0.453,0.539,103.01,4,11,"breakbeat_trance",0.71
10740,"6PbhI4RX7jsbe8a8tHOwgi","Deekline;Ed Solo;General Levy;Benny Page","General Levy presents Welcome To The Jungle + Mix by Deekline & Ed Solo","VIP Sound - Benny Page Remix",11,250971,FALSE,0.854,-4.58,1,0.0716,0.000943,0.000756,0.21,0.387,174.979,4,11,"breakbeat_trance",0.71
10743,"42h5WALTH1nM7XDKWQIH4D","Deekline;Specimen A;Navigator","Get Lucky","Bangarang - Edit",12,191034,FALSE,0.97,-2.62,1,0.0673,0.00162,0.00305,0.0526,0.599,174.058,4,11,"breakbeat_trance",0.63
10747,"3tRspS14Dj7SsLILdObrsE","The Breakfastaz","The March / Mass Distraction","Mass Distraction",12,454000,FALSE,0.831,-7.59,0,0.0461,0.000413,0.817,0.0619,0.271,137.007,4,11,"breakbeat_trance",0.77
10750,"2nwXqCCnaRWAdEeZt19RSh","Apollo 440","Charlie's Angels - Music From the Motion Picture","Charlie's Angels 2000 - Apollo 440 w/o Dialog",30,237133,FALSE,0.977,-5.778,0,0.235,0.000447,0.437,0.112,0.177,139.981,4,11,"breakbeat_trance",0.69
10751,"5seYL9BJHTiJFn2DGme0hN","Guau;MKII","Coffee","Coffee",12,273230,FALSE,0.821,-8.416,0,0.0594,0.0501,0.8,0.0666,0.743,130.005,4,11,"breakbeat_trance",0.74
10769,"2470dtedNuj7qAsGlFc5Xi","Ed Solo;Deekline;Gala Orsborn","General Levy presents Welcome To The Jungle + Mix by Deekline & Ed Solo","Champion Lover - Ed Solo 2020 Remix",12,250057,FALSE,0.937,-3.71,0,0.138,0.000921,0.0238,0.2,0.839,174.172,4,11,"breakbeat_trance",0.81
10786,"02vMcFvJzeFj2s1d4F14rS","Apollo 440","Electro Glide In Blue","Krupa",12,375600,FALSE,0.89,-6.543,0,0.0321,0.00193,0.847,0.384,0.145,124.798,4,11,"breakbeat_trance",0.59
10803,"2b1M37qePYmgXTN10ODR1w","The Prodigy","The Day Is My Enemy","Invisible Sun",26,256040,FALSE,0.711,-9.465,0,0.0331,0.000256,0.721,0.589,0.442,139.983,4,11,"breakbeat_trance",0.63
10807,"7Fj4nnn3EjdKJH2YE1jnxF","Hybrid","Dogstar 2022 (Main Mixes)","Dogstar 2022 - Main Mix",32,369290,FALSE,0.667,-13.993,1,0.0423,0.00334,0.142,0.103,0.155,130.004,4,11,"breakbeat_trance",0.85
10811,"3dh3AymGwdwrbE9AGGkSed","The Chemical Brothers","Surrender","The Sunshine Underground",39,518906,FALSE,0.924,-5.589,1,0.0419,0.00228,0.69,0.309,0.201,140.019,4,11,"breakbeat_trance",0.6
10816,"4u0fYkrfpqcFjsGVEk4ewM","The Chemical Brothers","No Geography","The Universe Sent Me",37,363333,FALSE,0.603,-8.186,0,0.0433,0.0298,0.373,0.703,0.335,124.987,4,11,"breakbeat_trance",0.64
10831,"5u9Ity5XCM6RqoDkOtWGal","Audio Bullys","Higher Than the Eiffel","Daisy Chains",12,254186,FALSE,0.618,-6.1,1,0.0541,0.374,0.00499,0.0941,0.0412,142.093,4,11,"breakbeat_trance",0.63
10848,"2rbTlfHdzrxhWAKzj86m1Y","The Chemical Brothers","Brotherhood","Electronic Battle Weapon 4",12,365759,FALSE,0.982,-4.799,1,0.0386,0.00375,0.875,0.099,0.495,140.993,4,11,"breakbeat_trance",0.7
10849,"3i6AkELMjh7GSnYzM0VV5Z","The Chemical Brothers","Brotherhood","Electronic Battle Weapon 5",12,519506,FALSE,0.944,-5.8,1,0.0715,0.00322,0.00859,0.159,0.188,133.984,3,11,"breakbeat_trance",0.58
10850,"5K09dIo3e7CUFsiHTM4tUp","OnDaMiKe","Holla","Holla - VIP Mix",27,213070,FALSE,0.974,-2.002,1,0.0491,0.0191,0.82,0.104,0.537,127.009,4,11,"breakbeat_trance",0.46
10852,"3lvyFNbNIYhCePUQ8BYnE0","Orbital;Jon Hopkins","Halcyon (30 Something) [Remixes]","Halcyon & On - Jon Hopkins Remix",34,431280,FALSE,0.626,-12.808,1,0.0383,0.0377,0.865,0.0824,0.133,126.987,3,11,"breakbeat_trance",0.87
10875,"1ZiR1Rc3zpxsflT2tBskfp","Orbital","P.H.U.K.","P.H.U.K.",11,445186,FALSE,0.859,-4.306,1,0.0475,0.0162,0.816,0.0667,0.377,127.993,4,11,"breakbeat_trance",0.52
10877,"01G9YLJyrzCVn1mp60mWuM","A.Skillz","We Got Fun","We Got Fun",11,252187,FALSE,0.756,-5.03,1,0.538,0.0193,5.33e-06,0.0769,0.48,128.048,4,11,"breakbeat_trance",0.76
10879,"5T8KmqcNeoDiGBqXFnkSb5","Krafty Kuts","4Gee$","4Gee$",9,266181,TRUE,0.973,-2.965,0,0.326,0.0794,0.043,0.383,0.68,110.097,4,11,"breakbeat_trance",0.52
10889,"71Ck0mpON43qDOolWeBbiK","Ed Solo;Skool Of Thought","When I Was a Yout","Life Gets Better",10,260693,FALSE,0.882,-3.911,0,0.0428,0.0105,0.58,0.0542,0.969,127.004,4,11,"breakbeat_trance",0.65
10894,"2gDX4tXEvYbgc16f1WT5g8","Roni Size;Reprazent","New Forms (20th Anniversary Edition)","Hi-Potent",11,413000,FALSE,0.967,-1.939,0,0.105,0.0273,0.827,0.371,0.364,164.843,4,11,"breakbeat_trance",0.61
10895,"7GnJpnKRFgcozG4pLS1Y3N","Roni Size;Reprazent","In The Mode","System Check",12,241680,FALSE,0.888,-5.266,1,0.239,0.0503,0.000401,0.0983,0.614,170.1,4,11,"breakbeat_trance",0.4
10899,"3PjTT6rmn1maH7QiuXwtc1","Roni Size;Reprazent","New Forms (20th Anniversary Edition)","Mad Cat",11,295893,FALSE,0.996,-4.33,1,0.176,0.0418,0.305,0.224,0.489,169.769,4,11,"breakbeat_trance",0.66
10913,"3O3HHDnbE2Zow2oScWPheD","CIRRUS","Counterfeit","Half a Cell",9,276243,FALSE,0.854,-4.862,0,0.0537,0.0177,0.00523,0.352,0.541,179.976,4,11,"breakbeat_trance",0.59
10918,"7GiQQLwauh1e6vXgJQ1eLs","Deekline;Project 5","Without You","Without You",10,203520,FALSE,0.849,-5.627,0,0.0776,0.0159,0.00293,0.351,0.922,125.024,4,11,"breakbeat_trance",0.63
10932,"7iOsoCj70ZNctGaXNpXFbq","Rennie Pilgrem;Uberzone","Selected Werks","Black Widow (feat. Uberzone) - Original",10,395173,FALSE,0.979,-7.115,1,0.0674,0.00077,0.826,0.113,0.363,131.977,4,11,"breakbeat_trance",0.59
10946,"04xBqEwwtgKFmjbGoZkr8d","Bentley Rhythm Ace","90s Dance Anthems","Bentley's Gonna Sort You Out",10,307400,FALSE,0.935,-8.774,0,0.0408,0.0453,0.831,0.347,0.811,103.991,4,11,"breakbeat_trance",0.69
10964,"1D4VJQwZDN385ejjDK3ufc","Ed Solo;Darrison","Don't Stop","Break You Down",10,303272,TRUE,0.84,-4.86,0,0.0367,0.211,7.88e-05,0.0517,0.967,110.005,4,11,"breakbeat_trance",0.86
10971,"6iCsWX6pKlyzpTf8QrCdfx","Colombo","Antiques of The Future","Nugatory - Original Mix",10,327202,FALSE,0.944,-4.923,1,0.0555,0.000647,0.831,0.045,0.889,130.005,4,11,"breakbeat_trance",0.67
10976,"2kkCWMNTFGQJLZGhcJbDrj","The Crystal Method;Le Castle Vania","The Crystal Method","Storm The Castle",12,262519,FALSE,0.945,-2.573,0,0.0576,0.000242,0.424,0.392,0.152,128.01,4,11,"breakbeat_trance",0.8
10981,"5IowhXnpsOYkWUvyrjKThb","Apollo 440","Gettin' High On Your Own Supply","The Machine In The Ghost - Instrumental Version",10,402733,FALSE,0.785,-7.035,0,0.0502,0.22,0.368,0.101,0.152,144.868,4,11,"breakbeat_trance",0.7
10983,"0SLA4aAvnwVO8TNAfcVv4P","Timo Maas;Eric Volta;Basti Grub","We Were Riding High","We Were Riding High - Alternative Version",11,414193,FALSE,0.786,-10.179,1,0.0486,0.0056,0.787,0.0994,0.522,124.033,4,11,"breakbeat_trance",0.55
10985,"7GnJ6f7d87kMIHBt2753YS","Deekline;Rell Rock","Bass Shakers 2015","My DJ Bass - Original Mix",9,281250,FALSE,0.835,-5.293,0,0.179,0.00318,7.29e-06,0.0255,0.721,128.019,4,11,"breakbeat_trance",0.69
10986,"2wrz9b1tHvBTedD8tx5kZG","The Future Sound Of London","We Have Explosive","We Have Explosive - 7'' Edit",12,207296,FALSE,0.992,-7.754,1,0.0468,9.96e-06,0.559,0.16,0.48,125.001,4,11,"breakbeat_trance",0.69
10988,"3RCx7kqO8pM7Xs68IRjYgT","ED209","The Autobots Present: Broke'N'english","Infectious - Distortionz Vip Mix",10,224120,FALSE,0.944,-8.333,1,0.0398,0.00111,0.15,0.416,0.666,136.025,4,11,"breakbeat_trance",0.75
10998,"2ZChiwyj61cwCneXoLBCjK","Ed Solo;Deekline","Welcome To The Jungle, Vol. 2: The Ultimate Jungle Cakes Drum & Bass Compilation","Welcome To The Jungle Vol. 2 - Continuous DJ Mix, Pt. 1",10,2287542,FALSE,0.94,-2.479,0,0.0562,0.0011,0.000707,0.342,0.473,175.013,4,11,"breakbeat_trance",0.9
12000,"6i8z0tElGO6Ye3Bk7nW496","my little airport","SABINA之淚","每次你走的時分",47,183968,FALSE,0.505,-13.07,0,0.0392,0.753,0.199,0.151,0.57,127.025,4,5,"singer_early_pop",0.82
12035,"3PrIhODothki0YvYW3qCOT","Leo Ku","遊戲 基","必殺技",55,232012,FALSE,0.507,-8.294,1,0.0296,0.574,1.63e-06,0.0892,0.373,136.933,4,5,"singer_early_pop",0.52
12041,"0tssNyArMwsSummweNlqLn","Kelly Chen","秋日思念絮語","體會",0,265240,FALSE,0.362,-9.809,1,0.0322,0.703,1.36e-05,0.0962,0.233,128.439,4,5,"singer_early_pop",0.59
12066,"33jIOBC0DaJNGzyLQxD41f","my little airport","SABINA之淚","散步之年",40,198048,FALSE,0.305,-15.369,1,0.0392,0.658,0.204,0.0967,0.41,114.967,4,5,"singer_early_pop",0.48
12069,"3aawXLnJpcDVXCl1UUksAW","Eason Chan","認了吧","淘汰",56,285000,FALSE,0.551,-5.483,1,0.0295,0.192,0,0.302,0.206,117.978,4,5,"singer_early_pop",0.79
12093,"2cZ78DPU09gFPZZdAjykGP","HANA","但願人長久 (劇集 ""跳躍生命線"" 插曲)","但願人長久 - 劇集 ""跳躍生命線"" 插曲",30,240547,FALSE,0.136,-12.295,0,0.0413,0.854,0,0.107,0.232,183.357,4,5,"singer_early_pop",0.46
12106,"1BFpJoAPByexBgJ5z7CDHZ","Kary Ng","我本人","吳哥窟",49,223013,FALSE,0.439,-6.862,1,0.0267,0.821,2.65e-06,0.118,0.388,147.92,4,5,"singer_early_pop",0.72
12115,"42suymP38HAIBl0wiDfpst","Priscilla Chan","永遠是你的朋友","千千闋歌",52,301000,FALSE,0.556,-8.768,1,0.0386,0.295,2.1e-06,0.218,0.359,135.104,4,5,"singer_early_pop",0.27
12122,"20Dkazjtm6YIzQ0n3Dkfhh","my little airport","只因當時太緊張","只因當時太緊張",36,155834,FALSE,0.738,-6.569,1,0.032,0.00407,0,0.214,0.583,140.053,4,5,"singer_early_pop",0.61
12125,"7jbEmYSciVOLX605a2P14Q","Beyond","華納廿三週年紀念精選系列 - Beyond","情人",52,317000,FALSE,0.445,-8.137,1,0.0277,0.375,1.3e-05,0.0586,0.152,143.998,4,5,"singer_early_pop",0.63
12130,"7LBn6G0jZ2VEcMGGXif9uf","Beyond","正東 10 X 10 我至愛唱片 - BEYOND『秘密警察』","喜歡妳",52,273786,FALSE,0.757,-6.573,1,0.0299,0.713,0.156,0.278,0.33,153.066,4,5,"singer_early_pop",0.52
12133,"7rVaxX8zgeCRA9lhdaNgda","Miriam Yeung","千嬅盛放","勇",48,218213,FALSE,0.544,-6.717,1,0.0304,0.39,0,0.0894,0.555,104.921,4,5,"singer_early_pop",0.36
12151,"7h6tPEEC34Fqqxq3t2xSLS","my little airport","火炭麗琪","火炭麗琪",36,129476,FALSE,0.548,-7.208,1,0.0308,0.51,0.136,0.102,0.415,145.109,3,5,"singer_early_pop",0.73
12153,"4Vv47ROLfMk3sJD8JK0iw8","新青年理髮廳","晚安晚安","一個人回家",39,283972,FALSE,0.227,-10.294,1,0.0333,0.694,0,0.106,0.308,73.172,4,5,"singer_early_pop",0.59
12154,"7zph1Irpw39AuLNCPe5JIc","Dear Jane","銀河修理員","銀河修理員",46,232224,FALSE,0.792,-5.252,1,0.0505,0.319,0,0.128,0.367,140.007,4,5,"singer_early_pop",0.71
12157,"6wvknxG5TtTi2n9ESlJE1l","Cass Phang","要多美麗有多美麗","漩渦",41,245906,FALSE,0.519,-11.936,1,0.181,0.47,9.75e-05,0.385,0.419,122.926,4,5,"singer_early_pop",0.48
12158,"1iIFrkPdNSvYz8XIXmSJoY","my little airport","火炭麗琪","下亞厘畢道",33,166884,FALSE,0.318,-9.819,1,0.0768,0.575,0.000861,0.116,0.652,137.183,3,5,"singer_early_pop",0.47
12160,"4knMu3Cbg277Di6oEkpeRA","Kaho Hung","還原淚","還原淚",56,213969,FALSE,0.444,-7.045,1,0.0287,0.685,0,0.112,0.595,150.256,4,5,"singer_early_pop",0.53
12172,"0pupuSkMBGpzsqG3fWcyPe","Dear Jane","Limerence","銀河修理員",49,232224,FALSE,0.792,-5.252,1,0.0505,0.319,0,0.128,0.367,140.007,4,5,"singer_early_pop",0.56
12177,"7FCcXT2jtQ7ELAjXxo0sLP","Andy Lau","如果你是我的傳說","難免有錯",26,334853,FALSE,0.409,-10.092,1,0.0296,0.696,1.73e-06,0.163,0.102,126.672,4,5,"singer_early_pop",0.55
12192,"18zIfBQi4akd3aiTMlvYEY","C AllStar","我們的胡士托","天梯",52,271787,FALSE,0.444,-6.88,1,0.0376,0.679,0,0.0774,0.413,121.834,4,5,"singer_early_pop",0.52
12197,"5st8nBxaC9GX6Dl3VMXTbM","Terence Lam","SEVEN","在空中的這一秒",56,226646,FALSE,0.491,-8.256,1,0.0332,0.589,0,0.108,0.331,91.071,4,5,"singer_early_pop",0.69
12210,"5cN75zXR3M4si2toC2eF5C","Jacky Cheung","學友.熱","我真的受傷了",56,208893,FALSE,0.0762,-21.221,1,0.0325,0.906,5.08e-05,0.218,0.371,72.917,4,5,"singer_early_pop",0.54
12214,"51qJSDTQiyP2BNsAKRcRo2","Anthony Wong","廿一世紀精選","暗湧 - 電影""愈快樂愈墮落""歌曲",31,229053,FALSE,0.626,-6.651,0,0.0341,0.0917,0.00424,0.315,0.442,80.889,4,5,"singer_early_pop",0.64
12215,"0oE2ojWoZcNmGABQi8l1xk","Miriam Yeung","電光幻影","處處吻",42,199041,FALSE,0.794,-4.734,0,0.0405,0.364,0,0.099,0.77,119.021,4,5,"singer_early_pop",0.53
12217,"5u6hY0h8gUWfPQSdNuKgQb","Karen Mok","如果沒有你","如果沒有你",52,287013,FALSE,0.281,-11.657,1,0.0307,0.758,0,0.211,0.264,125.893,4,5,"singer_early_pop",0.55
12228,"0ZfyRCziS0cctpaQYTwCFi","my little airport","I ALSO DON'T KNOW (Live)","詩歌舞街 - Live",32,195291,FALSE,0.301,-12.831,1,0.0472,0.693,5.16e-06,0.703,0.28,125.605,4,5,"singer_early_pop",0.62
12230,"0a5bri0S23Mx2e62v2HsYU","Aaron Kwok;Frankie","郭富城精選2006","鐵幕誘惑",24,246960,FALSE,0.869,-6.239,1,0.0689,0.0617,5.41e-05,0.102,0.426,110.23,4,5,"singer_early_pop",0.51
12232,"25FuqC87FsbRm4jx4X3ASE","Beyond","Deliberate 猶豫 (Remastered 2020)","不再猶豫",48,254720,FALSE,0.742,-8.51,0,0.0451,0.284,0,0.132,0.864,133.763,4,5,"singer_early_pop",0.65
12234,"7f2cMfMFxi4uaboTcwrXNq","my little airport","I ALSO DON'T KNOW (Live)","美麗新香港 - Live",34,144618,FALSE,0.745,-8.811,0,0.0584,0.00358,2.29e-05,0.228,0.296,156.43,4,5,"singer_early_pop",0.62
12253,"22jikE8F9Ijg5B7dtLHjU0","陳健安","在錯誤的宇宙尋找愛","在錯誤的宇宙尋找愛",49,277766,FALSE,0.501,-8.547,1,0.0382,0.615,5.92e-06,0.0991,0.248,139.825,4,5,"singer_early_pop",0.65
12255,"3pcVsf6ibPqtCuHyJHfJpg","Eason Chan","認了吧","紅玫瑰(國)",46,239973,FALSE,0.583,-6.971,0,0.04,0.744,0.000689,0.116,0.345,128.05,4,5,"singer_early_pop",0.63
12258,"36zXp2vEis00HRdX3pYEMr","Eason Chan;eason and the duo band","L.O.V.E.","我們萬歲",44,236640,FALSE,0.494,-7.29,0,0.0289,0.318,0,0.0961,0.556,76.058,4,5,"singer_early_pop",0.62
12284,"4PhChVDR9RxlUgeobhNsko","my little airport","I ALSO DON'T KNOW (Live)","麥記最後一夜 - Live",32,220733,FALSE,0.314,-14.744,1,0.045,0.766,0.000177,0.704,0.278,136.118,3,5,"singer_early_pop",0.49
12303,"1Sh8k4m5whTF7mIFdRNRAa","Beyond","超越Beyond精選","灰色軌跡",46,327200,FALSE,0.553,-8.857,0,0.0284,0.0704,1.41e-05,0.0587,0.303,143.898,4,5,"singer_early_pop",0.54
12304,"06sDxr7MbbwFyTP1f6rvvl","Edan 呂爵安","E先生 連環不幸事件","E先生 連環不幸事件",55,268536,FALSE,0.454,-9.386,1,0.0303,0.543,0,0.0966,0.323,164.012,4,5,"singer_early_pop",0.63
12325,"2PMcqt0axYgoSu6xXWzHza","my little airport","I ALSO DON'T KNOW (Live)","只收一半 - Live",31,171225,FALSE,0.493,-12.512,0,0.0468,0.684,0.089,0.395,0.346,84.016,4,5,"singer_early_pop",0.51
12330,"2ro0jUJL82LbpGW6r9iWSQ","Alan Tam","愛到你發狂","相識非偶然",23,213973,FALSE,0.221,-14.231,1,0.0342,0.801,3.27e-06,0.168,0.307,113.827,4,5,"singer_early_pop",0.72
12342,"5ndFMze2kygtMsAdUNmO4s","Ekin Cheng","Got to Be Real","我是你未來",23,255826,FALSE,0.35,-13.191,1,0.0326,0.743,1.06e-06,0.124,0.52,162.62,4,5,"singer_early_pop",0.54
12345,"3Pj9gTUfcQEBe1glNWNwF9","Stephanie Cheng","Live Like 18 (新曲+精選)","紅綠燈",48,237053,FALSE,0.423,-9.248,1,0.0348,0.752,0,0.275,0.45,113.944,4,5,"singer_early_pop",0.54
12348,"0gGxAg6gHz9bnWeDLWV2Wm","Grasshopper","草蜢音樂大全101","半點心",23,234613,FALSE,0.689,-7.507,0,0.0295,0.459,6.76e-06,0.239,0.814,122.226,4,5,"singer_early_pop",0.63
12351,"5DUDVKTyMbm6c0XsJistVc","Juno Mak","Nothing Lasts Forever","借火",44,225840,FALSE,0.393,-7.211,1,0.0381,0.802,0,0.102,0.553,121.774,4,5,"singer_early_pop",0.79
12379,"7Fr7Ag2bQyJl86BtsFmdOW","Jace Chan;Terence Lam","Processing","隔離 - Studio Live Duet",52,250000,FALSE,0.355,-10.658,1,0.0584,0.846,0,0.135,0.467,123.007,4,5,"singer_early_pop",0.64
12388,"6eOdNdXpj6ISsac4KyumsQ","Vincent Wong","似真如假 (劇集 ""反黑路人甲"" 主題曲)","似真如假 - 劇集 ""反黑路人甲"" 主題曲",23,161294,FALSE,0.912,-5.209,0,0.0371,0.229,0,0.173,0.815,169.932,4,5,"singer_early_pop",0.6
12393,"5lz95PLZn2Bizj5EYEaSXH","Hacken Lee","紅日","紅日 - 電視劇「他來自天堂」主題曲",49,287173,FALSE,0.77,-8.169,1,0.0291,0.25,0,0.105,0.727,120.099,4,5,"singer_early_pop",0.3
12396,"6RVBDN9xXQ6rl4S0woH33O","Joey Yung","Hopelessly Romantic Collection","連續劇",49,231893,FALSE,0.515,-7.191,0,0.0317,0.752,0,0.084,0.386,147.866,4,5,"singer_early_pop",0.55
12401,"2W6SMk3QfcG4ZkwgOFdRuu","Eason Chan","H3M","於心有愧",45,238080,FALSE,0.534,-6.339,1,0.0485,0.731,0,0.12,0.405,135.937,3,5,"singer_early_pop",0.52
12402,"46v9FzDCZyGELTEsAnnXFf","Dear Jane","聖馬力諾之心","聖馬力諾之心",49,266000,FALSE,0.917,-4.363,1,0.0388,0.00423,0,0.136,0.555,98.037,4,5,"singer_early_pop",0.65
12403,"0sOUpxvaE3iX1pzCFYMRKC","Kay Tse","山林道","山林道",41,243684,FALSE,0.464,-8.725,1,0.0355,0.596,0,0.123,0.576,114.076,4,5,"singer_early_pop",0.51
12412,"1Cn2n7LpjpiElg6IyKB9id","Stephanie Cheng","13樓的大笨象","13樓的大笨象",45,293008,FALSE,0.721,-5.838,1,0.0425,0.344,0,0.0799,0.482,168.046,4,5,"singer_early_pop",0.41
12419,"2Zchohvstn3bcCbadISHq3","my little airport","TASTE OF TEARS (Live)","我們一起離開吧 - Live",28,130738,FALSE,0.396,-13.856,0,0.0292,0.175,0.00105,0.249,0.631,117.145,3,5,"singer_early_pop",0.57
12431,"3ctJQ3riTHFk5A5SMDr1F7","Sammi Cheng","螢光粉紅 (2nd Version)","終身美麗 (電影“瘦身男女”主題曲)",50,206093,FALSE,0.372,-10.18,1,0.0308,0.366,3.35e-05,0.114,0.394,72.881,4,5,"singer_early_pop",0.63
12437,"4O7VryBk7sDllbk5EeWT1w","my little airport","I ALSO DON'T KNOW (Live)","彌敦道的一晚 goodtrip - Live",30,184937,FALSE,0.603,-10.673,0,0.0474,0.0093,0.0865,0.694,0.347,139.861,4,5,"singer_early_pop",0.78
12442,"1Bn8ZUBmtkUSdgh1YWFtjG","Dear Jane","最後一次","最後一次",22,219759,FALSE,0.826,-4.546,1,0.0332,0.0279,0,0.0696,0.531,129.939,4,5,"singer_early_pop",0.45
12471,"3aWFHcoMyl0zyhCI0DJvFA","my little airport","I ALSO DON'T KNOW (Live)","以為和你熟 - Live",30,129132,FALSE,0.238,-15.815,1,0.0489,0.823,0.000131,0.708,0.153,67.274,4,5,"singer_early_pop",0.66
12472,"2Ir7xL2AKtvIdUArhOW6sY","my little airport","I ALSO DON'T KNOW (Live)","時代的孩子 節錄 - Live",28,95304,FALSE,0.14,-19.181,1,0.091,0.926,1.17e-05,0.346,0.146,101.809,4,5,"singer_early_pop",0.59
12493,"3RTS1hKENunFEY2S94qqkq","Ekin Cheng","Discover","爸爸的汽水",21,246746,FALSE,0.631,-6.549,0,0.0252,0.311,0.00487,0.12,0.311,98.028,4,5,"singer_early_pop",0.46
12496,"1Kj1hypEGXNSel5wxPgGzp","George Lam","最愛 40 - Beloved 40","莫再悲",22,212000,FALSE,0.504,-7.436,0,0.0602,0.436,0,0.0677,0.296,175.911,4,5,"singer_early_pop",0.45
12512,"1tFF8EMjMwQ6FoXmFMIj2W","Eason Chan","我的快樂時代 (華星40系列)","我的快樂時代",43,216760,FALSE,0.442,-7.318,1,0.0266,0.625,1.27e-06,0.205,0.23,90.025,4,5,"singer_early_pop",0.61
12530,"05N5PhoJCpHIxzyGYiqthJ","Endy Chow;Fiona Sit","周國賢同名EP","目黑 - 合唱版",49,196933,FALSE,0.393,-8.451,1,0.0357,0.675,2.89e-05,0.203,0.37,160.236,5,5,"singer_early_pop",0.65
12533,"6wvR1IabBRZHsA8QxhbhfA","ToNick","不停站","回憶備份",21,283561,FALSE,0.394,-15.251,1,0.0369,0.216,0,0.123,0.238,145.954,4,5,"singer_early_pop",0.54
12543,"3Lgn78EgTDPXc2YsK562eq","Vivian Koo","該如何放棄愛","該如何放棄愛",22,235509,FALSE,0.621,-6.579,1,0.0307,0.0735,0,0.209,0.461,144.031,4,5,"singer_early_pop",0.61
12549,"1DOhVriCUWPW7F5etUz1Ti","倫永亮;Anita Mui","情歌1","心仍是冷",21,244146,FALSE,0.5,-8.527,1,0.0335,0.408,0,0.121,0.294,172.085,4,5,"singer_early_pop",0.52
12581,"18IvL0D54ZZDgu6cSWkcLU","Fiona Sit","給十年後的我","Better Me",44,234461,FALSE,0.384,-10.133,1,0.0318,0.535,0,0.155,0.34,129.995,4,5,"singer_early_pop",0.65
12589,"2ALmpObuJJS2MFmjCsuE6b","Leon Lai","Love & Promises (特別版)","為了對你更想念",20,179906,FALSE,0.4,-8.871,1,0.0345,0.818,0,0.112,0.7,143.965,4,5,"singer_early_pop",0.43
12591,"1ECdh9zJb9zUqZjHSnnXWa","Vivian Koo","倔強","倔強",21,223521,FALSE,0.756,-6.376,0,0.046,0.188,0,0.116,0.266,142.002,4,5,"singer_early_pop",0.55
12601,"2aEkwMP0T1qaAo1qLoI9gl","Juno Mak","念念不忘","念念不忘",43,271353,FALSE,0.687,-6.252,1,0.0493,0.586,0,0.3,0.351,141.811,4,5,"singer_early_pop",0.87
12613,"1lM4cYuhJHSsDRfD0ZCRN7","Eason Chan","陳奕迅 國語精選 (HQCDII)","你的背包",45,238693,FALSE,0.554,-7.539,1,0.0297,0.337,0.000118,0.0878,0.334,125.989,4,5,"singer_early_pop",0.62
12615,"3pciLZ7pj3WiwP8AmKdze8","Dear Jane","Limerence","未開始已經結束",48,307422,FALSE,0.648,-5.542,1,0.0323,0.0617,0,0.0867,0.435,137.987,4,5,"singer_early_pop",0.45
12625,"2c9WHRcTXI4CKJ88QiJcbI","my little airport","TASTE OF TEARS (Live)","今天沒大麻在身 - Live",27,130207,FALSE,0.606,-9.692,1,0.028,0.0123,0.0321,0.337,0.691,101.796,4,5,"singer_early_pop",0.67
12632,"4mM7gB6GUqYmnECWhYPEfc","Alan Tam","暴風女神LORELEI","朋友 - 電影「龍兄虎弟」歌曲",47,285173,FALSE,0.322,-12.736,1,0.0266,0.704,0,0.174,0.303,109.456,4,5,"singer_early_pop",0.54
12633,"3MmsHzXxADOWJvowwDwUwG","Karen Mok","[i]","愛",48,198333,FALSE,0.433,-9.034,1,0.0359,0.69,0,0.11,0.101,110.218,4,5,"singer_early_pop",0.67
12639,"4MoQw86IQwIifpS2SdM894","Alan Tam","愛情陷阱","幸運星",20,235200,FALSE,0.253,-14.869,1,0.0275,0.52,0.00373,0.286,0.263,95.033,4,5,"singer_early_pop",0.73
12643,"2cMwVNzyx7hihJfwF91Rv7","Chilam","De Ja Vu","永遠愛著你",20,477280,FALSE,0.432,-8.09,1,0.044,0.188,0,0.102,0.277,129.653,4,5,"singer_early_pop",0.53
12645,"6jLc6r3WEjJP7bV7v0HWbv","Sam Hui","20週年-許冠傑 90'電影金曲精選","話知你'97 - 電影""新半斤八兩""歌曲",20,178906,FALSE,0.667,-10.57,0,0.0692,0.279,0,0.229,0.88,126.732,4,5,"singer_early_pop",0.48
12649,"58AfuE1QTEt30NWq2N1XJh","Joey Yung","Hopelessly Romantic Collection","怯",38,202093,FALSE,0.36,-8.519,1,0.0319,0.85,0,0.179,0.395,76.001,4,5,"singer_early_pop",0.48
12651,"13DHxUexRnJERO5zXSVaSI","Denise Ho","我總是想像你離開後的日子","我總是想像你離開後的日子",29,264977,FALSE,0.322,-9.629,1,0.0368,0.948,6.17e-06,0.0943,0.317,118.459,4,5,"singer_early_pop",0.52
12658,"5yOcQkHj2jYZtpGM4oxMDr","my little airport","寂寞的星期五","去信和賣碟",27,129600,FALSE,0.212,-14.46,1,0.0452,0.919,0.00111,0.106,0.561,131.453,4,5,"singer_early_pop",0.57
12683,"3uvx5MZn1YP2KUOjDeHuWP","Aaron Kwok","對你愛不完","是雨還是眼淚",20,231800,FALSE,0.393,-12.63,0,0.0362,0.799,0,0.33,0.173,120.508,4,5,"singer_early_pop",0.57
12688,"1L4ntmBIXfdF6mZSbWhT5D","Fred Cheng","逆著風 (劇集 ""失憶24小時"" 主題曲)","逆著風 - 劇集 ""大步走"" 主題曲",20,198304,FALSE,0.511,-6.714,0,0.0275,0.26,0,0.0862,0.45,118.12,4,5,"singer_early_pop",0.53
12692,"7JD6TMd4RsdOLq68gwqz2N","Jacky Cheung","愛你多一些精選-張學友","Linda",20,263200,FALSE,0.505,-9.034,1,0.0241,0.423,0,0.287,0.633,100.979,4,5,"singer_early_pop",0.65
12698,"1YHZDfqcj4o0scuWw39ehw","Grasshopper","Back To Black Series - YOU ARE EVERYTHING","夜了",20,313200,FALSE,0.515,-7.712,0,0.0236,0.257,0,0.229,0.664,98.171,4,5,"singer_early_pop",0.6
12718,"7jwDqFZI7o7hdRBR9R7tz5","文章","被遺忘的時光","Flying Flower",22,246373,FALSE,0.118,-20.243,0,0.0331,0.783,7.57e-05,0.145,0.137,82.409,4,5,"singer_early_pop",0.45
12727,"0GHIGWEYqQ6WacoOSSkWoz","Aaron Kwok","郭富城愛。情大舞台","因愛之名",20,250506,FALSE,0.367,-9.215,1,0.029,0.478,0.000123,0.188,0.28,137.016,4,5,"singer_early_pop",0.43
12730,"4dDdpKo3fYxDyjtxfZVFxu","陳秀雯","穆桂英 (電視劇主題曲+插曲+配樂精選)","馬上英姿",20,164533,FALSE,0.595,-12.304,0,0.0361,0.0703,0,0.0718,0.571,147.092,4,5,"singer_early_pop",0.52
12737,"4VhlHWOhdRmERGmhqPE0tb","Jay Fung","值得愛","世界劇團",20,222440,FALSE,0.634,-8.288,1,0.0297,0.53,0,0.0964,0.693,109.02,4,5,"singer_early_pop",0.48
12740,"3oGUAoSggTuEAl4cHloh47","曲奇","All The Best (新曲+精選)","Forever Friends",20,240226,FALSE,0.294,-8.516,1,0.0267,0.814,0,0.2,0.394,79.944,4,5,"singer_early_pop",0.65
12748,"0EvupY3GBuOrt4krsJHBhW","Grasshopper","永遠愛著您","又愛又恨",19,264333,FALSE,0.931,-7.574,1,0.0368,0.00131,0.0312,0.356,0.555,120.069,4,5,"singer_early_pop",0.55
12753,"2NGGtgT8EzAMbS4zXgLnYJ","Pakho Chau","8","我的宣言",48,277507,FALSE,0.433,-8.039,1,0.0245,0.639,0,0.131,0.416,84.034,4,5,"singer_early_pop",0.65
12755,"1U9LItWodvinz5iNRpOQdL","my little airport","散步之年","散步之年",29,195523,FALSE,0.383,-12.421,1,0.0327,0.388,0.334,0.091,0.459,115.012,4,5,"singer_early_pop",0.52
12774,"41rLNM8aKivB8PfuJqz66X","Jenny Tseng","射鵰英雄傳","肯去承擔愛 (無線電視劇[射鵰英雄傳之東邪西毒]插曲)",21,207600,FALSE,0.247,-13.866,0,0.0355,0.814,2.13e-05,0.259,0.231,151.666,4,5,"singer_early_pop",0.5
12780,"4eMD6wB5MZPf7KuHvYxorz","Danny Chan","陳百強突破精選","失業生",19,181893,FALSE,0.173,-14.5,1,0.038,0.887,0.0719,0.212,0.471,122.12,3,5,"singer_early_pop",0.61
12805,"4FLp1z9nnRHteKrqjON6lB","my little airport","介乎法國與旺角的詩意","瓜分林瑞麟三十萬薪金",27,133734,FALSE,0.469,-7.964,1,0.0302,0.58,0,0.0757,0.719,142.958,4,5,"singer_early_pop",0.52
12820,"3o8A06lAih04QMr1PrBVnw","William So","擁抱","有人為妳偷偷在哭",20,257741,FALSE,0.493,-7.34,1,0.0291,0.317,0,0.118,0.474,115.997,4,5,"singer_early_pop",0.5
12847,"0sY09XYUgItQQbHAb6hLKV","Kayee Tam","Lonely (劇集 ""特技人"" 插曲)","Lonely - 劇集 ""特技人"" 插曲",19,192678,FALSE,0.363,-6.655,1,0.032,0.26,0,0.132,0.172,132.214,4,5,"singer_early_pop",0.52
12855,"72iWI2iHgKIQ8UqQm38g74","Denise Ho","Ten Days in the Madhouse","青山黛瑪",28,235116,FALSE,0.367,-10.53,1,0.056,0.507,0,0.372,0.437,129.795,4,5,"singer_early_pop",0.58
12859,"5MH9JHCKH1Hm3ih9m9ljy8","Hins Cheung","笑忘書","騷靈情歌",45,249293,FALSE,0.337,-12.972,1,0.112,0.301,0,0.13,0.276,179.599,4,5,"singer_early_pop",0.4
12863,"0YNBZKmzePAF350mY8QQ8M","Faye Wong","將愛","旋木",42,253120,FALSE,0.179,-18.415,1,0.0416,0.91,0,0.379,0.566,121.874,4,5,"singer_early_pop",0.62
12869,"7ovnHrRosHkf4eKyVulwLC","Tracy Huang","天使之戀","時空寄情",21,247066,FALSE,0.54,-11.48,0,0.0381,0.233,0.00197,0.159,0.576,178.051,4,5,"singer_early_pop",0.64
12873,"2dyFuiklAzsV8Jh1ANLKrU","Sandy Lam;Wong Kei Wah","依然...林憶蓮 (30周年精選)","前塵",20,303000,FALSE,0.549,-7.99,1,0.0255,0.657,0,0.146,0.504,95.832,4,5,"singer_early_pop",0.79
12879,"075fAR05v7vFC7B3MzJsth","Ekin Cheng","Friends For Life","一對對",18,152226,FALSE,0.44,-8.514,1,0.0271,0.806,0.000142,0.103,0.121,102.95,4,5,"singer_early_pop",0.58
12893,"3IOtQrQ3gHudTrLpKLPuvN","Andy Hui","愛音樂三人行 - 許志安","為什麼你背著我愛別人",19,297920,FALSE,0.563,-6.814,1,0.0249,0.23,0,0.216,0.398,78.039,4,5,"singer_early_pop",0.61
12915,"5k6GO6sQFmBPz0huGhsv82","Dear Jane","Infinity & Eternity","到此為止",46,256153,FALSE,0.827,-3.356,1,0.0363,0.00736,0,0.226,0.295,130.256,4,5,"singer_early_pop",0.49
12930,"3kvoXqnXbteiOEHZRBXYs5","Jay Fung","Take A Breath","Take A Breath",44,220712,FALSE,0.504,-7.149,1,0.0355,0.405,0,0.0897,0.147,148.075,3,5,"singer_early_pop",0.4
12933,"0ZgMBZeFQC8Jja48NuDaSC","Charmaine Fong","404 Not Found","無人像你",42,234023,FALSE,0.359,-8.916,1,0.0325,0.863,0,0.115,0.381,136.037,4,5,"singer_early_pop",0.6
12951,"7qYmYGsbl6GSwtvtCESGRe","Hacken Lee","李克勤精選到無朋友","月半小夜曲",42,291600,FALSE,0.427,-9.732,0,0.0277,0.777,6.09e-05,0.185,0.25,80.205,4,5,"singer_early_pop",0.77
12965,"0b4sTnmz7wzodbY8fMkTry","my little airport","在動物園散步才是正經事","Coka, I'm Fine",29,110329,FALSE,0.388,-12.162,1,0.0306,0.0544,0.000283,0.101,0.178,110.499,4,5,"singer_early_pop",0.56
12975,"69F22c6LisD034xJrPn8Kb","沈雁","沈雁之歌","蓮花好",19,189866,FALSE,0.371,-12.176,1,0.0438,0.265,0,0.421,0.589,119.85,4,5,"singer_early_pop",0.72
12976,"3jwx9ayJw2lHEKRGCBbQwR","Hacken Lee;Shirley Kwan","只想您會意","依然相愛",18,233333,FALSE,0.375,-13.111,0,0.0272,0.717,0.00461,0.102,0.229,180.151,3,5,"singer_early_pop",0.63
12977,"5VIxFiO4uCfA6BZFObyz7W","Faye Wong","Eyes On Me","Eyes On Me",46,344026,FALSE,0.517,-6.474,1,0.0354,0.106,0,0.0614,0.201,179.638,4,5,"singer_early_pop",0.67
12992,"4XbYl59Lvx2Ce9pipGYbN7","陳美玲","All For Love","Can You Read My Mind (Love Theme From ""Superman"")",19,234226,FALSE,0.277,-12.782,1,0.0282,0.655,8.29e-06,0.0599,0.228,75.738,4,5,"singer_early_pop",0.54
13001,"6WkJ2OK163XXS2oARUC9JM","Aaron Smith;Krono;Luvli","Dancin (feat. Luvli) [Krono Remix]","Dancin (feat. Luvli) - Krono Remix",78,198053,FALSE,0.741,-6.529,0,0.0287,0.101,1.41e-05,0.289,0.357,119.896,4,6,"techno_experimental",0.73
13017,"4cO3Woi163T6kfaUEjsSFU","Larry Heard","What About This Love?","What About This Love? - Extended Version",22,398349,FALSE,0.628,-11.246,0,0.0325,0.0314,1.37e-06,0.0672,0.788,113.036,4,6,"techno_experimental",0.7
13023,"7AfjcBpxZKN1NRJdtDGCYx","Mike Dunn","Classic Music Company Radio Episode 001 (hosted by Luke Solomon)","If I Can't Get Down - Mixed",19,272827,FALSE,0.593,-6.907,0,0.218,0.00336,0.0339,0.0658,0.591,124.076,4,6,"techno_experimental",0.82
13057,"26FqQCMSHnB53d37xolXBd","Roy Davis Jr.","Michael","Michael",16,245626,FALSE,0.763,-7.448,1,0.0355,0.0124,0.00516,0.0729,0.972,125.007,4,6,"techno_experimental",0.71
13063,"4dK5efkyoLRuhROrfLkNbX","Bad Boy Bill;Gettoblaster;ZXX;SKYLR","Fine Day","Fine Day",17,389032,FALSE,0.675,-4.073,1,0.0613,0.00155,0.655,0.0948,0.244,124.007,4,6,"techno_experimental",0.75
13064,"3KAn1EEsOVjep0Y15UNtTr","Frankie Knuckles;Adeva","Welcome To The Real World","Whadda U Want (From Me)",16,304640,FALSE,0.861,-10.187,0,0.0329,0.00371,2.66e-05,0.0272,0.956,119.992,4,6,"techno_experimental",0.65
13075,"6u9DQw3scxWEc07A7Si117","Barbara Tucker;Floorplan","Beautiful People (Floorplan Remixes)","Beautiful People - Floorplan Remix",17,267312,FALSE,0.488,-9.349,0,0.0256,0.0473,0.0376,0.139,0.248,123.98,4,6,"techno_experimental",0.61
13079,"6ta9jWQupvd9FDjKx4kcKM","Mr. Lee","Pump up Chicago","Pump up London",16,430946,FALSE,0.807,-8.786,0,0.0496,0.00128,0.393,0.0889,0.444,125.915,4,6,"techno_experimental",0.63
13083,"0FHzhbSbS5SzpMvsYlmRSV","Marshall Jefferson;Curtis McClain;Maurice Joshua","The House Music Anthem (Move Your Body) [feat. Curtis McClain] [Remix Project]","Move Your Body - Maurice Joshua Vocal Mix",17,512640,FALSE,0.391,-12.229,1,0.079,0.00926,0.351,0.0685,0.591,125.996,4,6,"techno_experimental",0.63
13090,"01IUihf6kY4DKi9cJHhfpk","Mr. Fingers","Amnesia","Let's Dance All Night",17,348794,FALSE,0.777,-10.16,0,0.0425,0.0174,0.914,0.185,0.869,117.525,4,6,"techno_experimental",0.83
13098,"2IopbjqW6liPd4yV9AkiDP","Ralphi Rosario","The Godfathers of House #1","Instrumental Need",17,399266,FALSE,0.802,-9.526,1,0.0599,0.000591,0.868,0.0288,0.665,123.619,4,6,"techno_experimental",0.75
13105,"1C70Fui3camrXxBoMp2KW9","Frankie Knuckles;Adeva","Welcome To The Real World","Walkin'",15,310893,FALSE,0.742,-9.627,1,0.0665,0.0753,0,0.0965,0.587,120.594,4,6,"techno_experimental",0.65
13137,"29FpwCOlrpatt54rUDPFok","Joe Smooth","Promised Land","Can't Fake The Feeling",15,305119,FALSE,0.915,-3.639,1,0.0465,0.048,4.31e-05,0.128,0.365,116.928,4,6,"techno_experimental",0.42
13145,"2jJaGAIYHRqtESCMgTOlD5","Felix Da Housecat","He Was King","Plastik Fantastik",13,208626,FALSE,0.454,-7.141,1,0.0637,0.0312,0.00174,0.0835,0.285,130.027,4,6,"techno_experimental",0.65
13150,"55AKHdSvni1iAATZEQlRK0","Robert Owens;Pepper Gomez","Be Ready","Be Ready",23,250594,FALSE,0.898,-5.85,1,0.0392,0.000745,0.224,0.118,0.812,123.014,4,6,"techno_experimental",0.73
13180,"3j7gSFwuruPFhbnyCXZV6S","Mr. Fingers","Cerebral Hemispheres","Crying Over You",13,340613,FALSE,0.559,-12.426,0,0.0349,0.0462,0.000466,0.102,0.512,109.99,4,6,"techno_experimental",0.68
13184,"1nRCRdnAnKqeTq09jEECIA","Mr. Fingers","Amnesia","Bye Bye",14,315935,FALSE,0.337,-13.557,0,0.0431,0.154,0.397,0.0991,0.677,117.897,4,6,"techno_experimental",0.75
13195,"3se0UYprtkHthJEBuk1A5K","Mark Farina","Greenhouse Construction","Greenhouse Construction",12,4334721,FALSE,0.744,-9.26,0,0.0611,0.00371,0.335,0.313,0.532,125.434,4,6,"techno_experimental",0.62
13211,"5ccdv0Kh1S9TslMwSdiWAJ","Chip E.","Time To Jack","Jack For Daze - Dub",12,508400,FALSE,0.598,-12.206,1,0.0952,0.00458,0.905,0.311,0.401,124.899,4,6,"techno_experimental",0.6
13224,"4D5fACpFqILP8V1487zz5N","Glenn Underground","Forgotten Art","Forgotten Art (Music)",12,461560,FALSE,0.821,-14.908,0,0.0464,0.054,0.918,0.0947,0.912,124.985,4,6,"techno_experimental",0.68
13233,"5LHcJiaIcFk47rjzK2lXsp","DJ Sneak;Demuir","Untouchable Funk EP","Music's Underground",13,419762,FALSE,0.896,-8.976,0,0.038,9.16e-05,0.54,0.583,0.672,127.991,4,6,"techno_experimental",0.59
13238,"2QQ1VqwOviE1kuQj2enp1w","Kenny Larkin","We Shall Overcome","Rubbernotes - 5th Gear Edit",14,221074,FALSE,0.803,-10.758,1,0.0461,0.000119,0.528,0.205,0.888,132.081,4,6,"techno_experimental",0.67
13253,"5nNJEUFkgZB0olDGybR59S","Robert Hood","Mirror Man","Nothing Stops Detroit",35,393438,FALSE,0.867,-8.143,0,0.0568,4.7e-05,0.925,0.179,0.262,129.94,4,6,"techno_experimental",0.79
13254,"1VSk0MLfhOpObx9qkEXpOi","Paul Johnson","The Music In Me","The Music In Me - Original Mix",11,352874,FALSE,0.952,-5.723,1,0.272,0.0323,0.926,0.0881,0.251,133.004,4,6,"techno_experimental",0.74
13258,"5eAymAmVU6CyejjFJxvcMI","Marshall Jefferson","Frankie Knuckles Presents: His Greatest Hits from Trax Records","Move Your Body",44,405760,FALSE,0.907,-4.15,0,0.118,0.0156,1.14e-06,0.513,0.565,122.311,4,6,"techno_experimental",0.74
13267,"7GXDI1iptOjBHjx4uqArNF","Ralphi Rosario;Donna Blakely","Cold (Remixes)","Cold - Radio Edit",12,235772,FALSE,0.588,-8.214,0,0.036,0.0104,0.477,0.123,0.522,109.999,4,6,"techno_experimental",0.63
13269,"3nE5EkbZxtx1C7mxG1e737","Ron Trent","Primitive Arts","Family",11,427200,FALSE,0.59,-12.259,0,0.048,0.302,0.879,0.0419,0.872,99.975,4,6,"techno_experimental",0.64
13280,"7xAiAqrAdE6wyfUvwgMF1n","Mr. Fingers","Cerebral Hemispheres","Tiger Lounge",11,262337,FALSE,0.467,-9.319,0,0.0442,0.0217,0.931,0.134,0.559,107.031,4,6,"techno_experimental",0.68
13287,"1wUy37Imd8D9udmBdQNeXj","J.M. Silk;Steve ""Silk"" Hurley;Keith Nunnally","Peace, Love, Unity, Respect (P.L.U.R.) vol.1","Music Is The Key - Steve Silk Hurley House Key",12,531293,FALSE,0.904,-4.893,1,0.0452,0.0567,0.0343,0.0509,0.914,122.001,4,6,"techno_experimental",0.75
13290,"5K0I8AC2uKKGFqv1NLVa5j","Glenn Underground","Atmosfear","Entercourse Of The New Age",12,379733,FALSE,0.605,-9.876,1,0.0869,0.000211,0.739,0.108,0.313,127.68,4,6,"techno_experimental",0.71
13306,"6htrL1rtrtk5KLKodG4bP1","Frankie Knuckles;Director's Cut;Eric Kupper;Jamie Principle;Alan Dixon","Your Love (Alan Dixon 'Love Attack' Remix)","Your Love - Alan Dixon 'Love Attack' Remix",12,240000,FALSE,0.857,-6.635,0,0.036,0.013,0.624,0.088,0.385,126.019,4,6,"techno_experimental",0.7
13327,"5P8iZDHgfhaJCEQ9Xw5mzC","Fast Eddie","Jack to the Sound","Jack 2 the Sound",10,302903,FALSE,0.911,-9.267,1,0.0821,9.67e-05,0.819,0.0679,0.823,124.206,4,6,"techno_experimental",0.57
13331,"1J8rzn9xFOeW1tbZkj2i5U","Felix Da Housecat","Devin Dazzle & The Neon Fever","She's So D*mn Cool",11,171600,FALSE,0.566,-9.81,0,0.0348,0.271,0.849,0.235,0.921,120.009,4,6,"techno_experimental",0.65
13333,"35LGm4DN9k2R96cQMsndyr","Roy Davis Jr.","About Love (Remixes Part Two)","About Love - Pezzner Remix",10,408659,FALSE,0.485,-8.893,0,0.0622,8.02e-05,0.471,0.0737,0.814,124.994,4,6,"techno_experimental",0.56
13334,"0eEetrf262BbkHOw2LBEuV","Mike Dunn","My House From All Angles","If I Can't Get Down",44,310581,FALSE,0.669,-6.133,0,0.17,0.00184,0.273,0.0461,0.606,125.131,4,6,"techno_experimental",0.74
13342,"6KgMYcNXeSrPL70Nb9hQV0","Thompson & Lenoir","Can't Stop The House","Can't Stop The House - Basement Mix",11,385785,FALSE,0.68,-13.032,1,0.114,0.000329,0.898,0.128,0.697,122.638,4,6,"techno_experimental",0.81
13343,"4WTfVbqTAGNMVxNj7fAu8C","Frankie Knuckles;Director's Cut;B.Slade;Sami Dee","The Director's Cut Collection","Get over U - Director's Cut Mix - Sami Dee Edit",12,379097,FALSE,0.82,-7.014,1,0.05,8.95e-05,0.34,0.0468,0.552,126.025,4,6,"techno_experimental",0.8
13351,"63eiF9VouGtmhiBKjm1LHU","Phuture","Acid Tracks","Acid Tracks",32,739626,FALSE,0.861,-16.921,1,0.0744,0.0308,0.914,0.113,0.537,120.44,4,6,"techno_experimental",0.79
13362,"1aoNgyDHnqN1O7KNIapQSe","Glenn Underground","Man on Fire","Man on Fire",9,438024,FALSE,0.86,-8.273,1,0.0488,0.0352,0.93,0.247,0.605,123.024,4,6,"techno_experimental",0.75
13370,"22f03jCe16N1rYJzO9RqWl","Ron Trent","Artifacts From the Future EP","City Beat",9,682666,FALSE,0.947,-8.071,1,0.0488,0.00984,0.889,0.0647,0.666,122.018,4,6,"techno_experimental",0.75
13371,"0ssZjs8zw60U2p1TR1M9Sc","Ten City","State of Mind","Superficial People",10,274626,FALSE,0.481,-15.525,0,0.0594,0.0153,1.13e-06,0.166,0.731,104.996,4,6,"techno_experimental",0.74
13378,"0nuqdgFRK6d42Zsv6jg4YV","Cajmere;Sonny Fodera","Too Underground For The Main Stage","CO2 Vapor Remix - Original Mix",10,387898,FALSE,0.705,-8.783,1,0.0847,0.0768,0.833,0.104,0.654,118.997,4,6,"techno_experimental",0.64
13384,"5eFCFpmDbqGqpdOVE9CXCh","Ten City","Foundation","That's the Way Love Is - Underground Mix; Edit",49,255200,FALSE,0.742,-11.421,1,0.0485,0.0111,9.45e-05,0.0762,0.698,120.772,4,6,"techno_experimental",0.75
13385,"6ifaq90O9DeVpiuNEwDLx1","Armando","Armando Presents the New World Order","Morse Code",10,273600,TRUE,0.708,-13.358,0,0.0829,0.0309,0.924,0.106,0.473,130.188,4,6,"techno_experimental",0.41
13387,"3z4dQsH8T0iGXLn8Epv8Fi","Glenn Underground","Atmosfear","Midnight Groove",11,323133,FALSE,0.83,-8.872,0,0.0414,0.000642,0.903,0.0573,0.385,126.562,3,6,"techno_experimental",0.32
13391,"028odW9VHEdtpcVVMxMs75","Steve ""Silk"" Hurley;Risse","House Train (S&S Remixes)","House Train - Steve Silk Hurley's Original House Mix",11,429471,FALSE,0.875,-5.985,1,0.0604,0.00248,0.623,0.127,0.597,119.04,4,6,"techno_experimental",0.61
13392,"3SlTrAJgDhEm73ybn8562E","Chez Damier;Carl Craig","I Never Knew Love","Help Myself - Reconstructed by Carl Craig",10,465889,FALSE,0.856,-11.262,0,0.0378,0.00298,0.113,0.0813,0.515,126.465,4,6,"techno_experimental",0.6
13393,"6QR7B1nwOwvjKY9LotTHLs","Robert Owens;Josh Butler","Heroes Of House, Vol. 3","I'll Be Your Friend - Josh Butler Origins Remix",10,433801,FALSE,0.643,-8.503,0,0.0502,0.00266,0.25,0.0943,0.196,124.854,4,6,"techno_experimental",0.69
13395,"76DbxdOB7b4EGm9x2yaT7I","Farley ""Jackmaster"" Funk","Farley ""Jackmaster"" Funk","The Acid Life - Extended Version",10,413640,TRUE,0.983,-7.41,0,0.0704,0.000196,0.859,0.0659,0.433,123.248,4,6,"techno_experimental",0.74
13405,"4mNwbj8hTUjbyZSHdQVIuL","Mr. Fingers","Amnesia","Can You Feel It",38,353801,FALSE,0.605,-10.795,1,0.0494,0.212,0.925,0.0931,0.708,112.177,4,6,"techno_experimental",0.61
13433,"5HWnw2FeKQKJTc3rMuY6M3","Mike Dunn","Defected Ibiza 2019 (DJ Mix)","If I Can't Get Down - Mixed",10,265333,FALSE,0.619,-8.411,0,0.15,0.00253,0.104,0.0449,0.59,123.069,4,6,"techno_experimental",0.68
13439,"66lagzIwOJOquL8ap9NrDo","Felix Da Housecat","Devin Dazzle & The Neon Fever","Romantique",11,125826,FALSE,0.381,-8.91,1,0.124,0.0799,0.00279,0.62,0.658,115.017,4,6,"techno_experimental",0.67
13459,"31srFysD4RsK9Br1ZenkZE","Robert Hood","Technatural EP","Fiber",10,255422,FALSE,0.884,-10.392,0,0.0536,0.00144,0.772,0.13,0.441,135.375,4,6,"techno_experimental",0.73
13464,"3p2qNsBNwYt60BT5nqlkCv","Chip E.","Time To Jack","Time To Jack - Vocal Mix",9,320400,FALSE,0.674,-10.832,1,0.0512,0.0201,0.51,0.107,0.743,124.653,4,6,"techno_experimental",0.65
13466,"0rAkoZQWinRO4jgX3DUXZh","Robert Hood;Claude Young","FJAAK 002","Onslaught - 2018 Remaster",10,330060,FALSE,0.979,-7.821,1,0.105,0.000106,0.907,0.332,0.574,137.383,4,6,"techno_experimental",0.67
13468,"3fyxtOFcdmYyvBYOWi6mPF","J.M. Silk","Hold on to Your Dream (Bonus Track Version)","I Can't Turn Around",8,230586,FALSE,0.708,-9.338,1,0.0382,0.0216,0.00418,0.0666,0.822,125.916,4,6,"techno_experimental",0.58
13480,"4hCi3tgwPbQvhOxx5cMjDA","Romanthony;PBR Streetgang","Bring U Up (2012 Remixes)","Bring U Up - PBR Streetgang Remix",8,491900,FALSE,0.708,-9.762,1,0.0648,0.00294,0.732,0.127,0.593,120.998,4,6,"techno_experimental",0.75
13485,"7jHzpUfCD9N92ao3z8UFap","Mark Farina","Isolated Samples","Got My Snacks",7,392829,FALSE,0.548,-9.992,0,0.0639,0.00583,0.793,0.0699,0.32,127.7,4,6,"techno_experimental",0.79
13497,"55wThEelHjDRIgjspcochp","Fast Eddie","Make Some Noise","Make Some Noise - Original",7,303902,FALSE,0.942,-5.131,1,0.0697,0.000299,0.0387,0.672,0.627,123.367,4,6,"techno_experimental",0.66
13520,"2EjRrpgygUpCApiByE42xU","DJ Pierre;Marshall Jefferson;Janine Cross","Everybody Dance (Clap Your Hands)","Everybody Dance (Clap Your Hands) - Anthem Mix",9,605993,FALSE,0.684,-12.108,1,0.047,0.0163,0.0109,0.0659,0.562,129.483,4,6,"techno_experimental",0.74
13523,"6xZMdgMwGxBAJ3O9LfWunY","Cajmere;Dajae","Only 4 U: The Sound Of Cajmere & Cajual Records 1992-2012","Say U Will feat. Dajae - Original Mix",8,329093,FALSE,0.471,-9.568,1,0.112,0.000432,0.00847,0.104,0.476,123.979,4,6,"techno_experimental",0.79
13526,"1BBLD1ud5QeAlugtiHUPUn","Jungle Wonz","Deliverance","The Jungle - Original Mix",8,310000,FALSE,0.587,-12.05,0,0.0904,0.182,0.495,0.0345,0.799,125.004,4,6,"techno_experimental",0.6
13538,"1II4t8msgvwW6YyW0gaSnm","DJ Pierre;Chic Loren;Monkey Safari","Body Language, Vol. 24","I Feel Love - Monkey Safari Remix - Mixed",9,324845,FALSE,0.823,-7.823,1,0.0375,0.00955,0.902,0.119,0.111,124.124,4,6,"techno_experimental",0.75
13543,"3TsleG9HYzdr17dJmSONdA","Joe Smooth;Groove Armada","Promised Land (Groove Armada Remix)","Promised Land - Groove Armada Extended Remix",7,430755,FALSE,0.694,-6.098,1,0.049,0.000167,0.135,0.0675,0.24,125.996,4,6,"techno_experimental",0.74
13559,"6o9AJEcjsj3NpGhZLmzf7a","Ron Trent","Dance Floor Boogie Delites","DFBD Theme",8,289466,FALSE,0.673,-9.64,0,0.0596,0.0837,0.747,0.0765,0.841,118.028,4,6,"techno_experimental",0.55
13564,"4TWXRxJ03boCLPqecHxNYX","Paul Johnson;Billy Lo","Get Get Down","Get Get Down - Billy Lo Friday Night Ruffneck Vision Remix",7,346079,FALSE,0.914,-6.265,1,0.053,0.0264,0.296,0.0895,0.698,134.019,4,6,"techno_experimental",0.88
13575,"2Qb4xe8JqDHevZELIjRd4u","Ralphi Rosario","45 Miles of Nerves","Take Me Up",9,588400,FALSE,0.702,-10.195,1,0.0495,0.00222,0.0724,0.258,0.525,126.024,4,6,"techno_experimental",0.8
13593,"6SZJsBJD9m5rCtpM1C1oSE","Glenn Underground","Black Resurrection","Mental Black Resurrection - Piano Dub",7,614051,FALSE,0.729,-11.666,1,0.0452,0.0619,0.859,0.0545,0.496,125.551,4,6,"techno_experimental",0.58
13610,"63srbS231H7POG0P719yRi","Barbara Tucker;Phonatics","Party EP","Party - Radio Mix",8,230655,FALSE,0.84,-5.64,0,0.0777,0.0789,0.0137,0.0928,0.533,124.012,4,6,"techno_experimental",0.83
13623,"5yc6urWlvgTjdrDy46rXH2","Larry Heard","Love's Arrival","Dew Drops",9,384965,FALSE,0.39,-14.037,0,0.0611,0.00143,0.861,0.0833,0.24,110.994,4,6,"techno_experimental",0.74
13624,"1g2g0quy0wKp75EvApjS5l","Larry Heard","Alien","Micro-Gravity",9,617800,FALSE,0.726,-10.332,1,0.0464,0.00575,0.877,0.138,0.0751,106.008,4,6,"techno_experimental",0.79
13634,"49kzqgBFwtTpcH63KIMgXR","Larry Heard","Love's Arrival","Direct Drive",9,431590,FALSE,0.753,-9.914,0,0.0526,0.000229,0.873,0.0899,0.504,119.997,4,6,"techno_experimental",0.53
13650,"4vTqh7IR9tVuoQh7jBH1Dj","Pal Joey","Loop-D-Loop #3","Spend the Night",32,326946,FALSE,0.59,-15.796,1,0.0418,0.0169,0.941,0.13,0.15,121.785,4,6,"techno_experimental",0.53
13656,"2cZEhA7l7ADukVZUkiNSmC","Pal Joey","Loop-D-Loop #14","Come On",6,273906,FALSE,0.396,-16.377,1,0.0929,0.000102,0.875,0.0483,0.438,189.895,4,6,"techno_experimental",0.73
13658,"0fC03FdOBaQRcE5gqo3Cwu","Kenny Larkin","Azimuth","ESP",8,421706,FALSE,0.838,-14.78,0,0.0616,0.00676,0.9,0.0835,0.671,139.981,4,6,"techno_experimental",0.59
13713,"56S3qcZO67Rx4JU9dpg7Qj","Mark Farina;Sean Hayes","Om Records - 25 Years","Dream Machine",31,371008,FALSE,0.465,-8.222,1,0.0439,0.121,0.0331,0.117,0.688,110.007,4,6,"techno_experimental",0.6
13725,"3Mhkr408AHdnuQKw1sIZLQ","Pal Joey","Pal Joey Presents Hot Music","Tomorrow",5,357637,FALSE,0.954,-6.321,0,0.0553,0.0585,0.348,0.111,0.385,119.989,4,6,"techno_experimental",0.77
13744,"5sgt6b688juFAnSPEVsyMg","Roy Davis Jr.","Water for Thirsty Children","Dance Shake",5,387933,FALSE,0.712,-8.835,0,0.0992,0.118,0.000105,0.0715,0.849,125.003,4,6,"techno_experimental",0.63
13758,"4A40YntAdkXYp9cQWyPdBi","Mark Farina","Mushroom Jazz 6","Life",22,181453,FALSE,0.387,-11.181,1,0.137,0.121,0.0409,0.164,0.712,99.805,4,6,"techno_experimental",0.76
13762,"3bljQeNsdnkmQb5O29YiwP","Bad Boy Bill","The Massive","The Massive",6,166384,FALSE,0.882,-3.087,1,0.0298,3.88e-05,0.834,0.1,0.289,129.995,4,6,"techno_experimental",0.65
13766,"0pYmuht36fZzdpHMhEB2Al","Romanthony;Roman","What $ Love (2014 Remixes)","What $ Love - Roman's Remix",5,334617,FALSE,0.708,-7.411,1,0.273,0.0371,5.16e-06,0.0638,0.478,120.538,4,6,"techno_experimental",0.68
13778,"3KvmRWZpoxCu1j9zkMgo5U","Romanthony;Nadia","Do You Think You Can Love Me","Do You Think You Can Love Me - Lookin' Glasgow Remix Vox #40",7,480000,FALSE,0.733,-7.609,0,0.0724,0.00634,0.497,0.093,0.936,110.787,4,6,"techno_experimental",0.68
13790,"4KKZdG0BLpPS37Mzk6ebFr","Bad Boy Bill;Kevin Irving","The Chicago LP, Volume 1 of 4","All Night With You - Extended Club Edit",4,242694,FALSE,0.895,-3.814,0,0.106,0.0084,0,0.232,0.549,130.027,4,6,"techno_experimental",0.73
13796,"1uNNClZWKH0Ss0cv5pVM1e","J.M. Silk","Hold on to Your Dream (Bonus Track Version)","Let the Music Take Control - House Mix",7,370040,FALSE,0.875,-6.996,1,0.0513,0.0674,0.00267,0.37,0.899,119.634,4,6,"techno_experimental",0.79
13822,"3xLtrBuptxKDFww9lND5Dc","Marshall Jefferson;Full Intention;Sleezy D","Do You Believe","Do You Believe - Original Mix",6,368852,FALSE,0.939,-6.807,0,0.0485,0.00059,0.751,0.0762,0.517,122.003,4,6,"techno_experimental",0.69
13826,"2hUAXhRj4rKOYVy9RvYXxJ","Fast Eddie","Most Wanted","Get U Some More",5,297401,FALSE,0.981,-4.713,0,0.0554,0.000283,0.855,0.0669,0.499,124.137,4,6,"techno_experimental",0.71
13829,"04fUXoqmcVh6pEdamqQ5gV","Steve ""Silk"" Hurley;Vernessa Mitchell;Ricky Dillard;New G.","Higher (Steve Silk Hurley Classic Remixes)","Higher - Steve Silk Hurley Journey To Heaven",7,828693,FALSE,0.816,-4.276,0,0.0415,0.00286,0.216,0.0739,0.699,123.999,4,6,"techno_experimental",0.71
13845,"7wbsUkLn9G7XCNacIffldW","Jomanda","Top 100 90s (The Best 90s Pop Classics)","Got a Love for You - Hurley's House Mix",5,454960,FALSE,0.603,-13.591,0,0.0436,4.2e-05,0.642,0.0489,0.632,119.9,4,6,"techno_experimental",0.83
13855,"3Dyo5qECWiiglZNBVHnh8K","DJ Sneak","Phil Weeks Presents Underground Chronicles, Vol.3","Funky Rhythm",5,462239,FALSE,0.799,-10.603,1,0.061,0.00734,0.577,0.542,0.322,124.941,4,6,"techno_experimental",0.72
13862,"62kr89V9IHyFFaAbPlnGDK","Phuture","Acid Tracks","Phuture Jacks",5,300746,FALSE,0.377,-20.66,1,0.0966,0.00164,0.934,0.111,0.367,120.8,4,6,"techno_experimental",0.77
13876,"0OJxJuHwMdHhnMcaSnzohM","Fast Eddie;Big Saldo","FYE Remixes","Let's Do This - Big Saldo Remix",7,334080,FALSE,0.961,-5.966,0,0.0592,0.0051,0.415,0.0251,0.379,125.004,4,6,"techno_experimental",0.73
13882,"4FsJDw1r2Hv7kWjsaeyYQf","Armando","Trax Classix","100% Of Disin' U",6,240933,FALSE,0.946,-3.568,0,0.0796,0.000327,0.584,0.144,0.799,129.095,4,6,"techno_experimental",0.62
13884,"3mfOAsuVGAIrZLVjuSpyX4","Cajmere;Russoul","Too Underground For The Main Stage","Lover Never Fails - Original Mix",5,496930,FALSE,0.412,-8.561,1,0.105,0.000437,0.272,0.106,0.572,124.02,4,6,"techno_experimental",0.65
13885,"70Kv475tBNiUG3byPzej0t","Phuture","We Are Phuture","We Are Phuture",7,514773,FALSE,0.863,-10.917,0,0.0717,0.0663,0.389,0.142,0.18,126.731,4,6,"techno_experimental",0.64
13897,"3uRPZy0nl1REaAtXUvtYQg","Joe Smooth","Promised Land","He's All I Need",6,241812,FALSE,0.739,-3.698,1,0.0261,0.0116,7.53e-05,0.0826,0.419,127.98,4,6,"techno_experimental",0.56
13907,"7q7jB2AIEGwFhoin6sWHwr","Chez Damier;Kevin Saunderson","Can You Feel It (Kevin Saunderson Remix)","Can You Feel It - Kevin Saunderson Remix",25,208210,FALSE,0.99,-6.595,0,0.0429,0.000157,0.877,0.124,0.669,125.983,4,6,"techno_experimental",0.77
13917,"3LivKSxLtBUhJZK8w9VXnQ","Glenn Underground","Silent","Abstracts",6,550826,FALSE,0.384,-14.335,0,0.134,0.345,0.722,0.0381,0.923,120.006,4,6,"techno_experimental",0.48
13921,"29Ywycrjcnza9aOgIxOyGg","Glenn Underground","Forgotten Art","Gospel 1",5,267480,FALSE,0.867,-11.136,0,0.0391,0.0174,0.87,0.0391,0.951,111.009,4,6,"techno_experimental",0.66
13924,"4TSySVbAV6QcKk82emXkyg","Ten City;Marshall Jefferson","Devotion (Marshall Jefferson Remix)","Devotion - Marshall Jefferson Remix",5,215898,FALSE,0.825,-5.879,0,0.0533,0.0679,0.615,0.164,0.723,123.98,4,6,"techno_experimental",0.56
13926,"7F448EohjR3P9Etvs8BDlg","Ten City","THAT WAS THEN, THIS IS NOW","Goin' Up In Smoke",6,397200,FALSE,0.675,-7.785,1,0.0406,0.00761,2.12e-05,0.253,0.594,122.958,4,6,"techno_experimental",0.72
13932,"2JFeAyJLMPPsBkklQEet6t","Glenn Underground","The Jerusalem EP's","H-Dance",7,397133,FALSE,0.524,-16.11,1,0.0489,0.000879,0.252,0.104,0.672,122.015,4,6,"techno_experimental",0.76
13941,"38dnalzngd2W9Yuy3xxNZI","Ten City;DJ Spen;Thommy Davis","Judgement","Devotion - DJ Spen & Thommy Davis Remix",5,220644,FALSE,0.832,-5.651,0,0.0363,0.0297,0,0.232,0.798,123.995,4,6,"techno_experimental",0.71
13950,"3DqZ0iI2dxy112aXUGj3rn","Paul Johnson","Classics & Remixes","Music's In Me - Original Mix",36,525535,FALSE,0.842,-7.68,1,0.0411,0.137,0.768,0.145,0.593,129.825,4,6,"techno_experimental",0.68
13952,"2RHJvRwlDize7tOEiHqKpH","Mr. Fingers","Cerebral Hemispheres","Full Moon",30,403365,FALSE,0.55,-13.184,0,0.0684,0.372,0.759,0.0885,0.643,109.985,4,6,"techno_experimental",0.76
13964,"6SKDN79Mz4igbl4lSb8XZ5","Paul Johnson","Nasty","Nasty - Club Edit",6,344420,FALSE,0.535,-10.127,1,0.0571,0.00015,0.71,0.0941,0.566,123.01,4,6,"techno_experimental",0.79
13966,"0RsHQ2k32On4baIytN7vjl","Paul Johnson","The Scene","I Get Lifted 2",6,285160,FALSE,0.86,-10.591,0,0.191,0.000236,0.876,0.126,0.443,127.445,4,6,"techno_experimental",0.61
13967,"13G54SVXwgjKQuDQrSIWYw","Paul Johnson;Joeski","Get Get Down","Get Get Down - Joeski Remix",5,460000,FALSE,0.805,-6.894,1,0.0821,0.00078,0.0403,0.0981,0.36,125.004,4,6,"techno_experimental",0.77
13992,"5Na9065LqL8u2HsUNqw0RR","Ralphi Rosario;Xaviera Gold;Razor-N-Guido","UC Fresh Cuts, Vol. 1","You Used to Hold Me - Razor n' Guido Vocal Mix",7,432133,FALSE,0.637,-11.104,1,0.0503,8.39e-05,0.701,0.114,0.323,129.109,4,6,"techno_experimental",0.75
13993,"0XwzfqXX4IvDVaWBzQ4tbq","Chez Damier;Kevin Saunderson","Can You Feel It (Kevin Saunderson Remix)","Can You Feel It - Kevin Saunderson Dub Mix",6,243981,FALSE,0.975,-6.992,0,0.0411,0.00068,0.395,0.101,0.435,125.938,4,6,"techno_experimental",0.85
17010,"3RxNoBUmsatoQ86dAhV92v","Le Castle Vania","""LED Spirals"" (Extended Version) [From ""John Wick""]","LED Spirals - Extended Version",52,195950,FALSE,0.584,-6.013,1,0.0777,0.0116,0.43,0.0899,0.307,119.992,4,15,"underground_heavy_hybrid",0.71
17019,"1M3Rc9seRrTowsyXhGWf1Z","dj Shawny","Get Get Down","Get Get Down",57,108448,FALSE,0.889,-3.681,1,0.0872,0.0778,0.0702,0.147,0.4,150.029,4,15,"underground_heavy_hybrid",0.34
17032,"2Igc5kWSzeztCCZInea9Mf","Glee Cast","Glee: The Music, The Complete Season Four","Teenage Dream - Acoustic",54,225346,FALSE,0.362,-9.56,1,0.0385,0.738,0,0.0966,0.65,129.657,4,15,"underground_heavy_hybrid",0.54
17044,"2M4gBVSuTLI1GIcM9vL6DH","One True God","Move Slow","Move Slow",52,141600,FALSE,0.794,-4.902,0,0.112,0.142,0.862,0.0993,0.295,99.979,4,15,"underground_heavy_hybrid",0.5
17050,"5H0kIgpWNZm9HF6VkU4dow","Gesaffelstein;Pharrell Williams","Hyperion","Blast Off (feat. Pharrell Williams)",43,235200,FALSE,0.498,-12.803,1,0.0522,0.241,0.027,0.0579,0.138,99.978,4,15,"underground_heavy_hybrid",0.58
17060,"5iFaTYNw5IN3Ri2KBsH2LV","dj Shawny","Bombs Away (Throwback Cypher)","Bombs Away (Throwback Cypher)",58,77583,FALSE,0.389,-6.689,1,0.0385,0.00179,0.56,0.178,0.702,92.526,4,15,"underground_heavy_hybrid",0.53
17064,"6fWFFBD6VM5xEHpQUFhLe1","F.O.O.L","MENTAL STATE","MENTAL STATE",49,249454,FALSE,0.903,-3.894,0,0.0433,0.000363,0.692,0.106,0.0662,165.082,4,15,"underground_heavy_hybrid",0.43
17076,"5uffB0o1ruF4O5o3KOelvu","Glee Cast","Glee: The Music presents Glease","Hopelessly Devoted To You (Glee Cast Version)",55,181906,FALSE,0.53,-7.132,0,0.0253,0.247,0,0.35,0.305,110.778,3,15,"underground_heavy_hybrid",0.43
17079,"6lYZ5UWuPbXLX357pPONa7","Infraction","Control","Control",41,258678,FALSE,0.869,-4.266,0,0.031,0.000132,0.715,0.226,0.0512,106.03,4,15,"underground_heavy_hybrid",0.61
17082,"7FEKwb52OpeVSZxaqUspP1","KLOUD;Far Out","HUMANS (Far Out Remix)","HUMANS - Far Out Remix",44,285271,FALSE,0.741,-6.807,0,0.0481,0.0823,0.00146,0.338,0.299,91.954,4,15,"underground_heavy_hybrid",0.47
17088,"6GoLARmR2OZl2EldehFrsA","SOPHIE","OIL OF EVERY PEARL'S UN-INSIDES","Immaterial",53,232806,FALSE,0.717,-4.897,1,0.0836,0.115,0.00755,0.327,0.828,139.995,4,15,"underground_heavy_hybrid",0.46
17096,"2qzAQ81W0CvZqmhK8BYGLe","Glee Cast","Glee: The Music, The Complete Season Four","Footloose (Glee Cast Version)",57,227400,FALSE,0.96,-3.811,1,0.0636,0.0193,9.56e-06,0.0498,0.701,173.988,4,15,"underground_heavy_hybrid",0.5
17106,"5Ub5SzOZ2kGwoazjnQSfdS","Gesaffelstein","Aleph","Destinations",46,216720,FALSE,0.551,-11.19,0,0.208,0.189,0.67,0.315,0.19,102.014,4,15,"underground_heavy_hybrid",0.48
17108,"5BwZzYVMsf8EEbQcD1CQp2","F.O.O.L","Highway","Highway",47,290979,FALSE,0.717,-6.482,0,0.0446,0.00201,0.689,0.146,0.0726,112.991,4,15,"underground_heavy_hybrid",0.75
17111,"535sg5Q0QFrgXvMkdznzeR","Toutant","Rebirth","Rebirth",43,199578,FALSE,0.92,-4.659,1,0.0729,0.00331,0.865,0.12,0.15,94.991,4,15,"underground_heavy_hybrid",0.28
17121,"3xhVKCpKzdyKiH0gnugfj6","HORSKH","Wire","Trying More",52,117200,FALSE,0.983,-4.776,1,0.186,1.1e-05,0.75,0.122,0.182,170.054,4,15,"underground_heavy_hybrid",0.67
17126,"27ytWN3ttrpFvp84COmofs","One True God;Le Castle Vania","Bad Company","Bad Company",43,167368,FALSE,0.895,-3.293,1,0.0374,0.00079,0.186,0.0773,0.0373,114.016,4,15,"underground_heavy_hybrid",0.53
17127,"1d6BkMki9M6K0yp9OLBzOM","Actress","Karma & Desire","Fire and Light",57,75969,FALSE,0.28,-18.646,0,0.0384,0.987,0.882,0.0851,0.0824,140.004,4,15,"underground_heavy_hybrid",0.36
17140,"4hBW3h6FnQNh7NRmyxLLG7","Glee Cast","Glee: The Music, Volume 4","Valerie - Glee Cast Version",59,213413,FALSE,0.889,-5.236,1,0.0694,0.00308,0,0.417,0.813,107.009,4,15,"underground_heavy_hybrid",0.72
17144,"4Rfdm6jtBeEcXAI1dSZKL6","Linn da Quebrada;Ventura Profana","Trava Línguas","eu matei o Júnior",28,217257,FALSE,0.787,-5.46,0,0.0611,0.279,0,0.0971,0.542,140.007,4,15,"underground_heavy_hybrid",0.74
17149,"0SSSffzPG01HyGPjFMgQMg","Glee Cast","Glee: The Music, The Complete Season Two","As Long As You're There",27,256079,FALSE,0.601,-5.525,1,0.0335,0.233,0,0.127,0.263,161.618,3,15,"underground_heavy_hybrid",0.51
17153,"0jqlnmgSkAR3ZPPhsmlQAQ","DJ Envy;Fetty Wap;DJ Sliink","Text Ur Number (feat. DJ Sliink & Fetty Wap)","Text Ur Number (feat. DJ Sliink & Fetty Wap)",13,242134,TRUE,0.782,-5.365,1,0.0561,0.0211,1.88e-05,0.406,0.741,139.946,4,15,"underground_heavy_hybrid",0.5
17156,"374Fkh72U4Q2uQ20yiRhGv","Infraction","Just Evil","Just Evil",30,224400,FALSE,0.974,-2.588,1,0.0669,0.00304,0.638,0.351,0.0393,100.014,4,15,"underground_heavy_hybrid",0.66
17162,"6vuF3LYipww2DRhRJ9s7CH","F.O.O.L;Extra Terra","AGONIZE","AGONIZE",45,223163,FALSE,0.898,-4.402,0,0.0358,0.00122,0.595,0.113,0.0736,114.025,4,15,"underground_heavy_hybrid",0.75
17174,"6H8ceuSNpEiLToX9pZpKuZ","DEADLIFE;Scandroid","God in the Machine (Deluxe Edition)","Obsolete",49,345000,FALSE,0.895,-4.471,1,0.0793,0.00103,0,0.0905,0.348,92.038,4,15,"underground_heavy_hybrid",0.55
17186,"5EQoIi5yW1h3IBT3bJSN8b","Glee Cast","Britney 2.0","Womanizer (Glee Cast Version)",48,212653,FALSE,0.84,-5.167,1,0.0382,0.0334,0,0.183,0.44,139.043,4,15,"underground_heavy_hybrid",0.57
17189,"1zugfOhn6BebboqGcpUlba","Glee Cast","Glee: The Music, The Graduation Album","We Are Young",50,249773,FALSE,0.554,-6.086,1,0.0497,0.0504,0,0.199,0.523,91.977,4,15,"underground_heavy_hybrid",0.45
17218,"0XGoZeBkI6n9TKnp7pjMMu","FOVOS","Breathe","Breathe",43,186666,FALSE,0.927,-6.919,1,0.0464,0.039,0.901,0.331,0.547,126.012,4,15,"underground_heavy_hybrid",0.37
17219,"6Y0U7xFEKsWpgdjogqF6gI","Kingdom;Tiara Thomas","Neurofire","High Enough",22,258698,FALSE,0.584,-6.238,0,0.0431,0.11,0.00043,0.353,0.255,119.94,4,15,"underground_heavy_hybrid",0.49
17220,"1m2Rimh8YEA6mirZDErK6g","SWARM","Alpha & Omega","Alpha & Omega",47,275044,FALSE,0.969,-5.209,1,0.177,4.39e-05,0.000761,0.135,0.127,144.494,4,15,"underground_heavy_hybrid",0.54
17226,"2kJqKOf3MKOVHKDoDD9nKg","MAGNAVOLT","Prime Complex","Prime Complex",48,210461,FALSE,0.934,-9.577,0,0.0504,9.31e-05,0.959,0.124,0.698,130.012,4,15,"underground_heavy_hybrid",0.62
17233,"7oBKHPJYECedAEiKzvI7Oh","Kyle Edwards;DJ Bake","Turn Around (Jersey Club)","Dance for You (Jersey Club)",23,113920,FALSE,0.778,-5.772,1,0.115,0.00649,0.0101,0.0432,0.562,144.999,4,15,"underground_heavy_hybrid",0.49
17234,"3KvTZQPpzPw9UKxaGlJkBs","The Magnetic Fields","69 Love Songs","All My Little Words",51,166133,FALSE,0.532,-7.744,1,0.0274,0.731,0.0114,0.0973,0.403,105.239,4,15,"underground_heavy_hybrid",0.66
17236,"1OsOKKocRWMSWzC6fgdQFT","The 6ths","Wasps' Nests","Movies In My Head",23,258466,FALSE,0.67,-10.742,1,0.0327,0.258,0.659,0.0744,0.872,148.417,4,15,"underground_heavy_hybrid",0.79
17238,"0XL6MrReH2SJwPdlISewPc","Linn da Quebrada","Pajubá","Bixa Travesty",24,158000,FALSE,0.905,-5.288,1,0.149,0.0344,6.57e-05,0.108,0.513,134.725,4,15,"underground_heavy_hybrid",0.53
17240,"478LSBFNhkCaSix30hr3OH","DJ Tray","Stop Playing","Stop Playing - Jersey Club",22,140800,FALSE,0.651,-5.344,0,0.375,0.177,0.00076,0.137,0.545,150.002,4,15,"underground_heavy_hybrid",0.53
17244,"5jxiPjBHVjP22HVgMAuBtC","Teki Latex;Lio","Party De Plaisir","Les matins de Paris (feat. Lio)",22,232880,FALSE,0.709,-11.241,1,0.0363,0.141,1.66e-05,0.324,0.837,116.978,4,15,"underground_heavy_hybrid",0.53
17254,"5caIlq2BbPS6aTEVsobSZA","Daniel Deluxe","Purification","Purification",42,190876,FALSE,0.683,-8.392,1,0.0419,0.657,0.669,0.0827,0.326,179.722,4,15,"underground_heavy_hybrid",0.62
17256,"292h0AOEEmddv9wIWnrDl4","SOPHIE","OIL OF EVERY PEARL'S UN-INSIDES","Is It Cold In The Water?",43,212213,FALSE,0.39,-6.943,0,0.0336,0.000781,0.000228,0.141,0.0565,159.667,4,15,"underground_heavy_hybrid",0.67
17259,"0D7obTbuXuZS8Y4tA7BYFL","Mvntana","I Got Hoes (Mo Bamba)","I Got Hoes (Mo Bamba)",33,108000,FALSE,0.7,-9.486,0,0.189,0.0158,7.55e-05,0.339,0.622,159.963,4,15,"underground_heavy_hybrid",0.4
17270,"0mjDJiWmZ548y9EUnogCP1","Arca","KicK iii","Señorita",45,141364,TRUE,0.778,-6.828,0,0.115,0.00309,0.00156,0.133,0.231,176.028,4,15,"underground_heavy_hybrid",0.59
17273,"63CIZNPyppJJSlMcK3aHVg","KLOUD","AUTONOMY","DISCONNECT",43,193513,FALSE,0.874,-2.813,1,0.0373,0.0277,2.84e-06,0.238,0.0955,110.964,4,15,"underground_heavy_hybrid",0.63
17277,"3Qnz0h9QoUcqr1webXWbYM","Lazerpunk","Death & Glory","Power",36,252014,FALSE,0.87,-6.138,1,0.0482,0.00125,0.811,0.632,0.208,95.027,4,15,"underground_heavy_hybrid",0.65
17316,"5AMV02ipEOnPNyfEuIlpjX","Catnapp;Modeselektor","Break","The Mover",38,177208,FALSE,0.551,-8.006,0,0.0602,0.0201,0.126,0.0879,0.268,100.701,3,15,"underground_heavy_hybrid",0.37
17321,"1D86iI0GlMq1VnWAsze1Ek","DJ Flex","Bum Tum (Jersey Club)","Bum Tum (Jersey Club)",39,128855,FALSE,0.863,-4.064,1,0.243,0.256,0.407,0.0652,0.877,146.01,4,15,"underground_heavy_hybrid",0.49
17322,"1LOmRBg3chULvqcTYGsdpu","SWARM","The End of All Things","The End of All Things",40,319789,TRUE,0.968,-3.985,1,0.383,0.000412,0.00392,0.108,0.297,149.512,4,15,"underground_heavy_hybrid",0.53
17333,"03X1SHRxnIb2jtjcQx54Et","Gost","Skull","Cursed",50,213159,FALSE,0.929,-5.106,1,0.198,0.00115,0.873,0.164,0.285,118,4,15,"underground_heavy_hybrid",0.48
17337,"0dgAEW5nCROeM4vr5dtq3Z","DJ Taj;Jdub","New Freezer (Jersey Club)","New Freezer (Jersey Club)",20,128104,TRUE,0.584,-11.021,0,0.369,0.00809,4.33e-05,0.135,0.392,150.039,4,15,"underground_heavy_hybrid",0.64
17344,"7IcPhG3UyCmFDHmdwB79CF","Linn da Quebrada","Pajubá","Tomara",22,187562,FALSE,0.796,-5.258,0,0.246,0.0964,2.42e-06,0.05,0.801,110.075,4,15,"underground_heavy_hybrid",0.73
17361,"2xWJ7nu0KXxcozsByEWE7O","Woesum;Thaiboy Digital","Blue Summer","Yin & Yang Remix - Remix",40,144115,TRUE,0.761,-6.322,0,0.049,0.371,0.792,0.108,0.209,133.951,4,15,"underground_heavy_hybrid",0.72
17376,"67QoEc0mR2OpqNKXgHGHDq","Glee Cast;Darren Criss","Glee: The Music presents The Warblers","Bills, Bills, Bills (feat. Darren Criss)",46,180280,FALSE,0.441,-6.172,0,0.152,0.392,0,0.149,0.762,127.658,4,15,"underground_heavy_hybrid",0.61
17393,"6cJYecL5EcPoRROOHBxtX5","Glee Cast","Glee The 3D Concert Movie (Motion Picture Soundtrack)","I'm A Slave 4 U",20,203586,FALSE,0.839,-7.795,1,0.0944,0.0852,0.000133,0.396,0.535,110.005,4,15,"underground_heavy_hybrid",0.64
17405,"7gbn8fYb4VHd1ZHdqfOylI","Ase Manual;SBF;Lvcky Fem","Shake That Thing","Shake That Thing",49,221142,FALSE,0.782,-10.335,0,0.0627,0.0018,0.86,0.115,0.769,140.003,4,15,"underground_heavy_hybrid",0.61
17406,"4PACAdF8q4Xx1pzQ5shHCz","Kelman Duran","TOMA","TOMA",19,132000,FALSE,0.312,-7.764,0,0.0649,0.102,0.552,0.082,0.147,100.001,4,15,"underground_heavy_hybrid",0.71
17409,"6mo88PgAWke0VsVbFmABoT","F.O.O.L","TROUBLEMAKER","TROUBLEMAKER",37,222724,FALSE,0.935,-4.239,0,0.0845,0.00219,0.759,0.153,0.666,124.983,4,15,"underground_heavy_hybrid",0.74
17410,"6pmWZjdqBpBWJvRe3vBTrA","Le Castle Vania;Hyper","Pray For My Enemies","Pray For My Enemies",37,249600,FALSE,0.828,-4.147,0,0.0387,0.00012,0.875,0.275,0.0787,100.002,4,15,"underground_heavy_hybrid",0.69
17417,"1PRpJKvfeaOPhJW39ecgw2","One True God;ARIUS","Misbehave","Misbehave",38,163298,FALSE,0.697,-4.2,0,0.0346,0.0428,0.024,0.167,0.213,96.987,4,15,"underground_heavy_hybrid",0.53
17431,"0VSbESTIeUvBjF9GbzF201","The Hit Parade","With Love From...","Forever",19,178000,FALSE,0.698,-11.867,0,0.0316,0.457,0.639,0.076,0.478,141.441,4,15,"underground_heavy_hybrid",0.54
17444,"7lUA5kETZGrFSRUzXHAQtZ","Glee Cast","Glee: The Music, The Complete Season Four","Chasing Pavements (Glee Cast Version)",46,210813,FALSE,0.499,-6.363,1,0.0275,0.578,0,0.118,0.288,80.059,4,15,"underground_heavy_hybrid",0.53
17454,"3BfwSBhhhYi3KEonAOZkKQ","DJ Flex;A-Star;Edouble","Eggplant Afrobeat","Eggplant Afrobeat",43,119184,FALSE,0.728,-5.906,1,0.0567,0.00536,0.421,0.0454,0.685,138.012,4,15,"underground_heavy_hybrid",0.71
17467,"5ruAfadigoJgCI5DnnMshZ","FOVOS","Feel The Rhythm EP","Feel The Rhythm",37,200889,FALSE,0.755,-6.448,1,0.0552,0.0011,0.391,0.483,0.0537,135.001,4,15,"underground_heavy_hybrid",0.67
17480,"0QgctkORUASJBsgivxAZt3","ALEX;Megan McDuffee","VILLAIN (Instrumental)","VILLAIN - Instrumental",41,282413,FALSE,0.819,-8.22,1,0.063,8.2e-05,0.85,0.121,0.266,174.002,4,15,"underground_heavy_hybrid",0.45
17496,"1dbssL6Ur80M3xFJS7Tzcu","Television Personalities","And Don't The Kids Just Love It","World Of Pauline Lewis",20,158399,FALSE,0.787,-8.819,1,0.0384,0.175,0.186,0.179,0.73,142.325,4,15,"underground_heavy_hybrid",0.61
17501,"04LKnpDHdgal3q5xihAQ3N","DreamReaper","ERROR303","ERROR303",19,183215,FALSE,0.977,-3.18,0,0.053,5.45e-05,0.935,0.318,0.772,119.985,4,15,"underground_heavy_hybrid",0.6
17513,"0HfALo3mOpwNyQoGfO4pbF","Arca","KicK iii","Incendio",45,164388,TRUE,0.778,-7.529,1,0.248,0.0116,7.63e-05,0.255,0.512,129.688,4,15,"underground_heavy_hybrid",0.71
17517,"7irY7Ldcf6BFpycGl62vum","Glee Cast;Darren Criss","Glee: The Music, The Christmas Album","Baby, It's Cold Outside (feat. Darren Criss)",49,166546,FALSE,0.27,-9.806,1,0.0299,0.616,0,0.109,0.509,110.789,4,15,"underground_heavy_hybrid",0.7
17520,"3xtySJF8p0GiNhSJE5TZTY","Daniel Deluxe","Ghostrunner (Original Soundtrack)","Blood and Steel",36,163647,FALSE,0.326,-8.469,1,0.0513,0.00617,0.821,0.118,0.0376,110.004,4,15,"underground_heavy_hybrid",0.64
17529,"0vr8nLEp5H0ksJMCSAb42s","Glee Cast","Glee: The Music, The Complete Season One","I Say A Little Prayer (Glee Cast Version)",50,100813,FALSE,0.773,-7.188,0,0.0947,0.773,1.17e-05,0.111,0.544,72.471,4,15,"underground_heavy_hybrid",0.33
17531,"0cpuoPpooX5pZZqzAFEEE9","Misanthropix","Solve Everything with Violence","Solve Everything with Violence",18,224435,FALSE,0.889,-5.562,0,0.115,2.79e-05,0.865,0.147,0.509,170.995,4,15,"underground_heavy_hybrid",0.65
17532,"0fkgNje097R3eszeV59iTI","Power Glove","Far Cry 3: Blood Dragon (Original Game Soundtrack)","Blood Dragon Theme",43,184000,FALSE,0.92,-6.39,0,0.0331,0.000472,0.687,0.0907,0.804,144.009,4,15,"underground_heavy_hybrid",0.56
17540,"5wXyMkBT8qNpAwAsYC2nLW","The Magnetic Fields","50 Song Memoir","'74: No",21,176426,FALSE,0.439,-8.169,1,0.0281,0.895,0.0824,0.166,0.406,150.66,4,15,"underground_heavy_hybrid",0.61
17543,"17vvsRxWjU6iK2KFPANn6h","Glee Cast","Glee: The Music, The Complete Season Four","Wake Me Up Before You Go-Go (Glee Cast Version)",45,228973,FALSE,0.867,-4.67,0,0.0763,0.0415,0,0.084,0.862,81.322,4,15,"underground_heavy_hybrid",0.59
17550,"2rItExC2Ht8PcgMV0lqbf8","SOPHIE","OIL OF EVERY PEARL'S UN-INSIDES NON-STOP REMIX ALBUM","Not Okay - Alone Mix",41,84921,FALSE,0.55,-5.776,0,0.255,0.00329,0.451,0.328,0.322,130.064,4,15,"underground_heavy_hybrid",0.46
17568,"0B2rWVZN25CDSc59hA6R9X","Jasmine Infiniti;Sir JoQ","Stunna","Stunna",17,329539,TRUE,0.941,-5.572,0,0.0645,0.00165,0.722,0.103,0.485,139.998,4,15,"underground_heavy_hybrid",0.56
17572,"5qBhUQLFCdIut4QZrIh7XI","DJ Taj;Jdub;Mvntana","Hit It From The Back","Hit It From The Back",17,135053,FALSE,0.861,-7.666,0,0.287,0.00113,0.0379,0.0536,0.609,160.038,4,15,"underground_heavy_hybrid",0.6
17574,"0HfHtjS9S9q4DGVC3uIIRB","Five Star Hotel","Gray Data","Fate Dance",16,237000,FALSE,0.999,4.532,0,0.343,0.000102,0.945,0.148,0.0333,160.04,4,15,"underground_heavy_hybrid",0.65
17587,"3idwcdfG4zo2snHt24OJ0Y","Meth Math","Pompi","Piel De Bebe",20,102645,FALSE,0.464,-10.581,0,0.0307,0.00996,0.17,0.0894,0.263,127.995,4,15,"underground_heavy_hybrid",0.54
17589,"3ZAyhJqf0ACUFsmPwE7F6P","MORIS BLAK;Pete Crane","The Irregularity Of Being","Erase Displace (feat. Pete Crane)",17,250909,TRUE,0.681,-5.817,1,0.0379,0.00957,0.222,0.0528,0.111,110.005,4,15,"underground_heavy_hybrid",0.52
17596,"2RF6eSUY1uOWaQjIC4rAFb","Glee Cast","Glee: The Music, The Complete Season One","Halo / Walking On Sunshine",49,125013,FALSE,0.91,-5.193,1,0.111,0.066,3.37e-06,0.137,0.252,193.95,4,15,"underground_heavy_hybrid",0.62
17602,"6Xggu3df2iPtollOOT5efM","Jam City","Dream A Garden","Proud",17,300675,FALSE,0.253,-12.159,0,0.0306,0.644,0.845,0.108,0.145,79.998,4,15,"underground_heavy_hybrid",0.57
17608,"5ZI6koxwSOERRPLrEebqZj","Ohota","Everything Is as It Should Be","Everything Is as It Should Be",35,453120,FALSE,0.551,-14.777,1,0.0772,0.135,0.869,0.109,0.1,125.006,4,15,"underground_heavy_hybrid",0.36
17616,"096mBvW2OMGWRdF6VCo4GA","DJ Sliink;TWRK;Green Lantern","Trifecta (We Came To Party)","Trifecta (We Came To Party)",37,318020,FALSE,0.662,-6.694,1,0.321,0.00185,0.58,0.0598,0.326,140.046,4,15,"underground_heavy_hybrid",0.63
17621,"6IIhORHe099lyJlQEc30hM","Irving Force","Corporate Killer","Corporate Killer",44,284454,FALSE,0.719,-8.746,0,0.0549,0.000578,0.115,0.104,0.327,110.002,4,15,"underground_heavy_hybrid",0.57
17625,"2lwxEnxej7akHwygpQnsmQ","Conan Osíris","ADORO BOLOS","100 PACIENCIA",17,257459,FALSE,0.612,-7.704,1,0.047,0.387,0.000894,0.0841,0.292,110.015,4,15,"underground_heavy_hybrid",0.68
17628,"1kLuGwD2qUanffeftdCP6l","MAGNAVOLT;Sleen Mp","Hard Instincts (Sleen Mp Remix)","Hard Instincts - Sleen Mp Remix",16,207618,FALSE,0.679,-9.041,1,0.0305,0.0202,0.808,0.127,0.303,99.999,4,15,"underground_heavy_hybrid",0.66
17630,"65tuNzTvQRvOpN7hxLpwgi","Absolute Valentine","Police Heartbreaker","Extreme Drift",43,208695,FALSE,0.884,-6.52,1,0.0437,0.332,0.261,0.0845,0.597,114.982,4,15,"underground_heavy_hybrid",0.46
17635,"5Vgka1mo8i7kjlwKXCDlcE","Lyde","Augmentation","Peacebreaker",17,236312,FALSE,0.812,-6.048,1,0.0364,0.0481,0.3,0.248,0.423,116.02,4,15,"underground_heavy_hybrid",0.63
17644,"1GzE0fPtJ4kWRz5vqJ2Pwb","Tiger Trap","Tiger Trap","Tore A Hole",18,118173,FALSE,0.71,-8.662,0,0.0326,0.00896,0.832,0.0856,0.897,167.973,4,15,"underground_heavy_hybrid",0.43
17658,"62Yl7gGDPF7Wf6bXG1OTuf","Anz","All Hours","Decisions (AM Intro)",44,100881,FALSE,0.871,-7.446,1,0.0399,0.0957,0.942,0.112,0.0542,108.327,1,15,"underground_heavy_hybrid",0.65
17663,"7jckam3u2rKAPqwscTcBY1","A. G. Cook","7G","Silver",40,122526,FALSE,0.69,-7.192,1,0.0331,0.348,0.143,0.106,0.709,94.961,4,15,"underground_heavy_hybrid",0.33
17665,"6TrZhcE5oa8S04BDBkv9cr","One True God","Cult 45","Move Slow",27,141600,FALSE,0.792,-4.902,1,0.111,0.145,0.86,0.0993,0.299,99.976,4,15,"underground_heavy_hybrid",0.74
17667,"5gKfjl3XR7Oqf07gkjwLQk","Glee Cast","The Quarterback","Seasons Of Love (Glee Cast Version)",48,184480,FALSE,0.507,-6.354,1,0.0259,0.618,1.92e-06,0.122,0.253,89.033,4,15,"underground_heavy_hybrid",0.7
17672,"3hmvOKuezxt23DpfqalTb0","One True God","Love Me Tomorrow","Love Me Tomorrow",35,253333,FALSE,0.755,-5.427,0,0.0352,0.282,0.544,0.0733,0.282,126.017,4,15,"underground_heavy_hybrid",0.54
17677,"3VBNALX54Gryj4yCtmyrZq","KilSoSouth","Noodles","ALONE",17,111383,FALSE,0.471,-9.411,1,0.409,0.0125,0.656,0.13,0.268,175.002,4,15,"underground_heavy_hybrid",0.67
17682,"5zhq01rIbCE2Uh21oUDTF3","The Softies","Holiday In Rhode Island","Just A Day",18,103973,FALSE,0.374,-10.787,1,0.0327,0.672,0.00385,0.261,0.71,106.689,5,15,"underground_heavy_hybrid",0.53
17683,"6Ln9akCDdRGYtdSiBfdDwr","The Softies","Holiday In Rhode Island","Sturdies Bay",18,106066,FALSE,0.372,-7.678,1,0.031,0.74,0.000105,0.322,0.616,117.107,4,15,"underground_heavy_hybrid",0.48
17706,"5SfNRmPGCTyhfTOmIPgt49","Hotcaller;Nexy","Damn","Damn",37,177000,TRUE,0.948,-2.962,1,0.145,0.000163,0.515,0.549,0.204,99.977,4,15,"underground_heavy_hybrid",0.71
17718,"27S361Y1Yrp8pnSJTFNoOM","DJ LILMAN;Dj Flawless","End Of Time","End Of Time",16,204852,FALSE,0.475,-13.06,1,0.0586,0.285,0.889,0.0862,0.0946,149.85,4,15,"underground_heavy_hybrid",0.52
17738,"6zSuCSwHwTzMljf78Y6cdW","Noisecream","Robocream (Original Roboquest Soundtrack), Pt. 2","Sector",15,161892,FALSE,0.939,-3.892,0,0.17,0.000143,0.827,0.361,0.369,171.958,4,15,"underground_heavy_hybrid",0.49
17755,"4IXcyFokSa9eoAdzTX8mFT","Absolute Valentine;Billy Mays Band","DNA War","DNA War",38,243789,FALSE,0.865,-8.419,1,0.0441,0.00781,0.747,0.119,0.157,94.972,4,15,"underground_heavy_hybrid",0.63
17759,"0PKAeFJSAMQoawJx1KploR","Arca","KICK ii","Lethargy",42,127564,FALSE,0.826,-9.684,0,0.446,0.0229,0.0127,0.413,0.528,83.029,4,15,"underground_heavy_hybrid",0.34
17765,"6moTiVH1eYdM7WsGUJYa2K","Absolute Valentine;Powernerd;Vector Seven","Cyber Ravage (Vector Seven Remix)","Cyber Ravage - Vector Seven Remix",15,252285,FALSE,0.831,-6.177,1,0.0585,0.0471,0.772,0.157,0.15,105.009,4,15,"underground_heavy_hybrid",0.47
17771,"3JfkECJCGeVvVDs9j15OoB","Himera;JEL: The Digital Dream Girl","Whisper","Whisper",16,226299,FALSE,0.788,-6.184,1,0.0789,0.0145,0.896,0.0769,0.457,139.946,4,15,"underground_heavy_hybrid",0.49
17787,"5hFVEGh2BOFApHqZX62nnP","Gost","Valediction","Dreadfully Pious",16,251506,FALSE,0.967,-5.002,0,0.0422,1.06e-05,0.92,0.107,0.291,126.033,4,15,"underground_heavy_hybrid",0.64
17834,"6kdr0FFscsql8NBO6oaWdc","DreamReaper","Liminality","Summoner",16,242875,FALSE,0.827,-5.373,1,0.0416,0.0039,0.804,0.371,0.521,112.999,4,15,"underground_heavy_hybrid",0.61
17843,"0UMLFx5VO2BdqTPdZwiSGb","Andy Stott","We Stay Together","Bad Wires",18,441000,FALSE,0.602,-15.453,0,0.0639,0.129,0.807,0.0866,0.157,192.051,4,15,"underground_heavy_hybrid",0.46
17848,"5uJdU9lZQ8cLHy909ZCpVl","Glee Cast","Glee LGBTQIA+ Pride","Any Way You Want It / Lovin' Touchin' Squeezin' (Glee Cast Version)",16,187413,FALSE,0.839,-3.084,1,0.0361,0.00416,0,0.442,0.614,145.935,4,15,"underground_heavy_hybrid",0.83
17853,"5rOzcHIZaF038jMeHkUZR0","Arca","Arca","Reverie",40,192767,FALSE,0.554,-9.641,0,0.0334,0.0528,0.127,0.188,0.0764,126.224,4,15,"underground_heavy_hybrid",0.54
17855,"2wEHloBpu1qPbLvJ5ywhK5","Infraction","Dizziness","Dizziness",26,194400,FALSE,0.789,-4.165,1,0.0335,0.0164,0.251,0.14,0.303,100.019,4,15,"underground_heavy_hybrid",0.56
17862,"39r7Qe9OnogjcCBDTYG9wI","DJ LILMAN;West End Tricks","Toast","Toast",14,161201,FALSE,0.671,-9.231,1,0.261,0.0187,1.36e-05,0.0773,0.598,139.942,4,15,"underground_heavy_hybrid",0.47
17863,"6DADAscOCSjtCAsAgOdiKY","Head Splitter","Cyberpunk 2077 Fanmade Soundtrack, Vol. II","Kyoto",35,225645,FALSE,0.551,-9.032,1,0.0299,0.0637,0.735,0.703,0.0337,100.006,4,15,"underground_heavy_hybrid",0.6
17864,"5CIW5yZEzjsJHI6Nv340Fk","DJ Tray","Can't Wait","Can't Wait",15,135915,FALSE,0.511,-15.485,0,0.0594,0.000929,0.246,0.152,0.494,143.067,4,15,"underground_heavy_hybrid",0.53
17866,"0fE6qIN5ZWJLCwpH5nLayr","Mobiius","I Need You / Smolder","Smolder",42,193170,FALSE,0.636,-6.208,1,0.0988,0.00676,0.507,0.588,0.232,123.005,4,15,"underground_heavy_hybrid",0.7
17880,"0GA0MWNzKfYNlcuCb4zLer","KilSoSouth","This Woman's Work","This Woman's Work - Dance Version",15,120000,FALSE,0.629,-7.015,0,0.0762,0.000524,0.0166,0.277,0.0701,165.272,4,15,"underground_heavy_hybrid",0.47
17891,"7ykxRuzU1KhQC2TZ2YDEyK","Organ Tapes","唱着那无人问津的歌谣 / Chang Zhe Na Wu Ren Wen Jin De Ge Yao","ID",15,203541,FALSE,0.236,-13.885,0,0.0353,0.271,0.0275,0.0833,0.07,96.489,4,15,"underground_heavy_hybrid",0.62
17906,"51Xn6IYNyiYaKc8ECI5CUr","Arca;SOPHIE","KiCk i","La Chíqui",41,167458,FALSE,0.771,-8.722,1,0.273,0.0086,0.000228,0.131,0.457,113,5,15,"underground_heavy_hybrid",0.44
17907,"7AlwyhnJAZgtIsm1GnEU3I","Eartheater","Phoenix: Flames Are Dew Upon My Skin","How To Fight",39,211295,FALSE,0.249,-15.881,1,0.0472,0.702,0.000911,0.171,0.284,120.223,4,15,"underground_heavy_hybrid",0.46
17916,"766Y1kYTYrEmHSTvouyHCj","3FORCE","Resistance","Grand Design",38,366857,FALSE,0.82,-4.413,0,0.0369,0.00055,0.938,0.17,0.0493,140.062,4,15,"underground_heavy_hybrid",0.5
17934,"7dfZoXPz7AKCTEmsyRHLHP","The 6ths","Wasps' Nests","Here In My Heart",15,210200,FALSE,0.802,-9.925,1,0.0308,0.0655,2.7e-06,0.625,0.894,115.599,4,15,"underground_heavy_hybrid",0.5
17937,"0IwS8Is01f44z6EAxs80sM","Dinamarca;Pierre Kwenders","Sol De Mi Vida: Vocalized","Luna",15,200816,TRUE,0.517,-9.413,0,0.0403,0.589,0.0886,0.0939,0.515,97.998,4,15,"underground_heavy_hybrid",0.62
17939,"77dzuHEfo4zL2AxeoFv8AP","JACKIE EXTREME","JACKIE EXTREME","10,000 DOLLARS",16,161560,TRUE,0.53,-7.813,1,0.139,0.0263,0.259,0.208,0.661,139.978,4,15,"underground_heavy_hybrid",0.45
17941,"1HQmItFwfttjjGvjovbrln","Gost","Possessor","Beliar",14,204060,FALSE,0.901,-2.207,0,0.0598,6.44e-05,0.561,0.142,0.0834,93.801,4,15,"underground_heavy_hybrid",0.41
17943,"7ykxRuzU1KhQC2TZ2YDEyK","Organ Tapes","唱着那无人问津的歌谣 / Chang Zhe Na Wu Ren Wen Jin De Ge Yao","ID",15,203541,FALSE,0.236,-13.885,0,0.0353,0.271,0.0275,0.0833,0.07,96.489,4,15,"underground_heavy_hybrid",0.45
17944,"7oUqrkz1A5D6XIVZUya44D","Glee Cast;Demi Lovato","Glee Sings The Beatles","Here Comes The Sun (Glee Cast Version) (feat. Demi Lovato)",42,180453,FALSE,0.329,-6.227,1,0.0268,0.792,0,0.151,0.379,125.869,4,15,"underground_heavy_hybrid",0.3
17947,"6rG8dSIKzhfbtnGDsBX8kZ","The Magnetic Fields","Quickies","(I Want to Join A) Biker Gang",18,141120,FALSE,0.852,-6.195,1,0.0508,0.69,0.46,0.329,0.487,118.265,4,15,"underground_heavy_hybrid",0.45
17948,"2wA15QQIDV2Ar6K76vbkWW","Television Personalities","And Don't The Kids Just Love It","La Grande Illusion",17,213813,FALSE,0.919,-9.826,1,0.179,0.117,0.00013,0.084,0.283,155.505,4,15,"underground_heavy_hybrid",0.45
17977,"05wBgZ6McX2EgmqD23M3bp","Varg²™","EXIT WOUNDS","NO FLOWERS GROW FROM FROZEN GROUND",15,258271,FALSE,0.89,-5.985,0,0.0489,0.00191,0.825,0.243,0.297,93.834,4,15,"underground_heavy_hybrid",0.6
17979,"0PhVeoHEEaRkar3ToDQz6w","Daniel Deluxe","Ghostrunner (Original Soundtrack)","Dharma",36,162706,FALSE,0.829,-10.03,1,0.0383,0.151,0.886,0.469,0.171,117.966,4,15,"underground_heavy_hybrid",0.73
17985,"12e1plmZmOAQa88YmwCWAX","Glee Cast","Glee: The Music, Homecoming","Problem (Glee Cast Version)",40,194213,FALSE,0.774,-6.063,1,0.139,0.0132,1.83e-06,0.303,0.719,103.057,4,15,"underground_heavy_hybrid",0.54
17992,"0l0515yhITEQ0Lwa8Fc5mS","Donbor","Restore","Born Killer",15,197454,FALSE,0.622,-5.228,1,0.0456,0.00628,0.000661,0.0784,0.43,109.96,4,15,"underground_heavy_hybrid",0.33
19000,"2wrJq5XKLnmhRXHIAf9xBa","Dan + Shay;Justin Bieber","10,000 Hours (with Justin Bieber)","10,000 Hours (with Justin Bieber)",78,167693,FALSE,0.63,-4.644,1,0.0259,0.153,0,0.111,0.43,89.991,4,3,"roots_rhythm_fusion",0.58
19006,"1Op9SWtCrRGmax5BjNehes","Zach Bryan","It's You - Fresh Hits","Something in the Orange",2,228013,FALSE,0.192,-12.151,0,0.04,0.555,8.35e-06,0.0954,0.148,175.212,3,3,"roots_rhythm_fusion",0.51
19016,"24NRxtqD6oySjRnAZxa4Hf","Zach Bryan","Country Car Hits","Oklahoma Smokeshow",3,211739,FALSE,0.573,-5.694,1,0.0356,0.0958,0,0.104,0.233,122.977,4,3,"roots_rhythm_fusion",0.63
19017,"4F2xA29Ea6dt4Nw0yiztvT","Zach Bryan","Oklahoma Smokeshow - Breakout Country","Something in the Orange",1,228013,FALSE,0.192,-12.151,0,0.04,0.555,8.35e-06,0.0954,0.148,175.212,3,3,"roots_rhythm_fusion",0.61
19026,"7C9wYAslZ7ffzhJZTyaCYs","Zach Bryan","Laidback Country","Something in the Orange",0,228013,FALSE,0.192,-12.151,0,0.04,0.555,8.35e-06,0.0954,0.148,175.212,3,3,"roots_rhythm_fusion",0.49
19039,"7m0ZqFw6SHoAvtEccpMOs3","Creedence Clearwater Revival","Best 70s Rock Tunes","Hello Mary Lou",2,134440,FALSE,0.674,-8.638,1,0.0348,0.0572,0.00154,0.0504,0.965,103.426,4,3,"roots_rhythm_fusion",0.76
19050,"4j5ffIFh7bFT7GZciP1TCy","Dan + Shay;Justin Bieber","Good Things","10,000 Hours (with Justin Bieber)",70,167693,FALSE,0.63,-4.644,1,0.0259,0.149,0,0.111,0.43,89.991,4,3,"roots_rhythm_fusion",0.49
19072,"5VCy743OaUmLpijIonFmaw","Shania Twain","Los Clásicos del Pop 90s","Man! I Feel Like A Woman!",3,233000,FALSE,0.889,-3.058,1,0.0513,0.64,0,0.297,0.73,125.018,4,3,"roots_rhythm_fusion",0.56
19077,"02HqnDssYA62iGapkpJIkJ","Cody Johnson","Country Car Hits","'Til You Can't",1,224213,FALSE,0.815,-4.865,1,0.0436,0.0513,0,0.106,0.46,160.087,4,3,"roots_rhythm_fusion",0.25
19080,"2intfvINZGxNvyMRZaC7mI","Cody Johnson","Country Christmas Time","Hat Made of Mistletoe",1,156346,FALSE,0.943,-3.964,1,0.0347,0.0933,0,0.331,0.801,117.906,4,3,"roots_rhythm_fusion",0.71
19092,"5huByJCSYO88ozJcs4p8co","Cody Johnson","Never Leave - Country Magic","'Til You Can't",0,224213,FALSE,0.815,-4.865,1,0.0436,0.0513,0,0.106,0.46,160.087,4,3,"roots_rhythm_fusion",0.7
19096,"5XuozI1077Tdy8EUabPWuE","Cody Johnson","Good Times Country","Let's Build a Fire",1,176666,FALSE,0.968,-3.827,1,0.0452,0.00144,2.56e-05,0.0827,0.879,187.979,4,3,"roots_rhythm_fusion",0.84
19104,"6nDPNWeMK5UxWwcMGGkVA4","Dan + Shay;Justin Bieber","Laidback Country","10,000 Hours",0,167693,FALSE,0.63,-4.644,1,0.0259,0.149,0,0.111,0.43,89.991,4,3,"roots_rhythm_fusion",0.61
19107,"3AiZ1NZ41XnHTqakJg18Gj","Dan + Shay","Hideaway - New Boots","You",0,196253,FALSE,0.572,-6.205,1,0.0319,0.118,0,0.234,0.52,169.885,4,3,"roots_rhythm_fusion",0.63
19112,"0WClv9xPvQPeuZcPwP0VZf","Bailey Zimmerman","Daily Pop Mix","Rock and a Hard Place",0,207540,FALSE,0.568,-7.3,1,0.0275,0.577,0,0.105,0.394,121.991,3,3,"roots_rhythm_fusion",0.64
19113,"1ubwDgxIb5ztWAkYxppOCi","Bailey Zimmerman","Country Car Hits","Where It Ends",1,179294,FALSE,0.837,-5.067,1,0.0432,0.259,0,0.0879,0.648,170.041,4,3,"roots_rhythm_fusion",0.54
19119,"0CJnj7jeQoDlupfJt9IVxS","Bailey Zimmerman","Your Perfect Soundtrack","Rock and a Hard Place",1,207540,FALSE,0.568,-7.3,1,0.0275,0.577,0,0.105,0.394,121.991,3,3,"roots_rhythm_fusion",0.53
19122,"356eIGWB5tgQ8d4o55kM27","Bailey Zimmerman","Hideaway - New Boots","Fall in Love",2,232058,FALSE,0.643,-6.055,1,0.0297,0.451,0,0.221,0.397,135.962,4,3,"roots_rhythm_fusion",0.71
19123,"0BFPuuaii3WETh2ZtHWZAN","Bailey Zimmerman","Easy Country","Where It Ends",0,179294,FALSE,0.837,-5.067,1,0.0432,0.259,0,0.0879,0.648,170.041,4,3,"roots_rhythm_fusion",0.61
19125,"3Aphk7SSL24n0njXT6k4l9","Bailey Zimmerman","New Country Hits","Where It Ends",0,179294,FALSE,0.837,-5.067,1,0.0432,0.259,0,0.0879,0.648,170.041,4,3,"roots_rhythm_fusion",0.7
19135,"2Qz1rfYZtRq6hLUqs2Afgj","Carrie Underwood","Santa's Christmas List","Favorite Time Of Year - Amazon Original",0,197223,FALSE,0.897,-4.21,1,0.0513,0.00635,0,0.305,0.539,142.007,4,3,"roots_rhythm_fusion",0.78
19139,"2Uxnz7OTTYtgGrwjVcYRlG","Carrie Underwood","Christmas Country Songs 2022","Favorite Time Of Year - Amazon Original",0,197223,FALSE,0.897,-4.21,1,0.0513,0.00635,0,0.305,0.539,142.007,4,3,"roots_rhythm_fusion",0.76
19141,"3VXroe2BrvpJh3O9dTgMWs","Bailey Zimmerman","Finest Country","Never Comin' Home - Live Acoustic",0,198958,FALSE,0.51,-6.028,1,0.0322,0.427,0,0.0997,0.436,135.24,3,3,"roots_rhythm_fusion",0.61
19150,"3gq98hzXfMGQ5VFIGJ1DoB","Haley Mae Campbell","Never Been in Love","Never Been in Love",56,179189,FALSE,0.742,-4.149,1,0.0292,0.121,7.21e-05,0.322,0.869,147.829,4,3,"roots_rhythm_fusion",0.57
19155,"7bfZTvjOD4WXpweVxpg85o","Carrie Underwood;John Legend","Christmas Songs 2022","Hallelujah",2,275099,FALSE,0.43,-5.364,1,0.0322,0.846,0,0.126,0.379,78.259,5,3,"roots_rhythm_fusion",0.64
19156,"6m239N2EPkMYkN5unIYT9F","Tim McGraw","Sad Country Songs","Doggone",1,215906,FALSE,0.538,-7.386,1,0.029,0.416,1.07e-05,0.107,0.353,121.256,4,3,"roots_rhythm_fusion",0.65
19163,"5toFHcmv9XVQsOKbjlUZWY","Blake Shelton;Michael Bublé","Country Holiday","Home",0,227040,FALSE,0.456,-7.583,1,0.0267,0.584,2.68e-05,0.0912,0.21,127.854,4,3,"roots_rhythm_fusion",0.79
19166,"1lhL0mBtkFnCfyCzXf86uk","Carrie Underwood;John Legend","All I want For Christmas Is Music","Hallelujah",0,275099,FALSE,0.43,-5.364,1,0.0322,0.846,0,0.126,0.379,78.259,5,3,"roots_rhythm_fusion",0.67
19171,"7KxSHM4DGe0aOyeCDEMF1R","Blake Shelton;Gwen Stefani","Single Saturday Night - Country Songs","Nobody but You",0,194866,FALSE,0.653,-5.515,1,0.0273,0.111,0.000125,0.172,0.233,143.912,4,3,"roots_rhythm_fusion",0.65
19172,"74Qd6pAZN3m4Rb1zYJDNHs","Carrie Underwood","Best Christmas Songs 2022 | For under the Mistletoe","O Come All Ye Faithful",2,194454,FALSE,0.308,-6.746,1,0.03,0.797,0,0.118,0.348,91.29,4,3,"roots_rhythm_fusion",0.56
19175,"7bZHYtkSrYFg2OjPd3mqog","Carrie Underwood","Fiesta de disfraces vol. II","Favorite Time Of Year - Amazon Original",0,197223,FALSE,0.897,-4.21,1,0.0513,0.00635,0,0.305,0.539,142.007,4,3,"roots_rhythm_fusion",0.57
19183,"5qxxGClUqyGC7hRwqYUjKP","Blake Shelton","Holly Jolly Christmas","Jingle Bell Rock",0,123400,FALSE,0.736,-5.222,1,0.0378,0.122,0,0.0998,0.595,129.941,4,3,"roots_rhythm_fusion",0.78
19185,"6YUqd1sWWp76BZoESbew59","Blake Shelton","Perfect Christmas Hits","Jingle Bell Rock",0,123400,FALSE,0.736,-5.222,1,0.0378,0.122,0,0.0998,0.595,129.941,4,3,"roots_rhythm_fusion",0.62
19187,"4vecNnSGKAOSRGzdlFDo9Z","Kenny Chesney","Cozy Country","Knowing You",0,226266,FALSE,0.562,-6.12,1,0.0258,0.23,3.41e-06,0.119,0.178,125.981,3,3,"roots_rhythm_fusion",0.8
19188,"351cvJkC8Vu4gPT4YMl3Ac","Kenny Chesney;Mindy Smith","Finest Country","Better Boat",0,224945,FALSE,0.265,-11.3,1,0.0302,0.827,2.31e-05,0.133,0.396,143.808,4,3,"roots_rhythm_fusion",0.77
19191,"665Aynzj4XbHKVosATYEhL","Blake Shelton","Good Times Country","She Doesn't Know She's Got It",0,198800,FALSE,0.873,-5.108,1,0.0298,0.069,2.99e-05,0.141,0.879,119.425,4,3,"roots_rhythm_fusion",0.63
19198,"0pAujWDwUAvT0CdjZbEl2H","Kenny Chesney","Oklahoma Smokeshow - Breakout Country","Everyone She Knows",0,204986,FALSE,0.682,-5.045,1,0.0293,0.00992,0,0.159,0.664,109.022,4,3,"roots_rhythm_fusion",0.63
19202,"44U3T6S8BsdE76sz1VmQig","Blake Shelton","New Country Hits","No Body",0,187640,FALSE,0.72,-6.695,1,0.026,0.0379,0.00267,0.23,0.892,102.997,4,3,"roots_rhythm_fusion",0.66
19212,"5sGyUZU3woqmdsiae7m0dD","Blake Shelton","Never Leave - Country Magic","No Body",2,187640,FALSE,0.72,-6.695,1,0.026,0.0379,0.00267,0.23,0.892,102.997,4,3,"roots_rhythm_fusion",0.72
19213,"6BcKHm3M9k108jKf2C8h1l","Cole Swindell;Lainey Wilson","Easy Country","Never Say Never",0,177173,FALSE,0.931,-4.187,0,0.0563,0.00752,0,0.111,0.49,140.059,4,3,"roots_rhythm_fusion",0.65
19216,"1foBcsKBlS2TvkXexVN91y","Cole Swindell","Good Times Country","Kiss",0,240733,FALSE,0.887,-3.189,1,0.193,0.0358,0,0.118,0.638,167.957,4,3,"roots_rhythm_fusion",0.57
19220,"79mxynFVrkYCXwFEsgZmCX","Dierks Bentley","Country USA","Freedom",0,216000,FALSE,0.832,-5.111,1,0.029,0.00192,0,0.2,0.544,91.032,4,3,"roots_rhythm_fusion",0.65
19221,"72kjJq1k5ki32RBxu1TF3j","Cole Swindell","Country Car Hits","She Had Me at Heads Carolina",2,206106,FALSE,0.912,-3.449,1,0.0611,0.124,0,0.332,0.722,134.944,4,3,"roots_rhythm_fusion",0.67
19231,"0CwTsWbRl9vohH2RHAVqBy","Cole Swindell","Hideaway - New Boots","She Had Me at Heads Carolina",0,206106,FALSE,0.912,-3.449,1,0.0611,0.124,0,0.332,0.722,134.944,4,3,"roots_rhythm_fusion",0.6
19247,"5sayrs9XWbGsK4maiGECG4","Cole Swindell","Oklahoma Smokeshow - Breakout Country","She Had Me at Heads Carolina",0,206106,FALSE,0.912,-3.449,1,0.0611,0.124,0,0.332,0.722,134.944,4,3,"roots_rhythm_fusion",0.71
19249,"1czrV52qlUec3aPirLYYcL","Willie Nelson;Norah Jones","Desayuno en calma","Baby It's Cold Outside",1,240533,FALSE,0.358,-11.136,1,0.0671,0.717,0,0.112,0.449,90.475,4,3,"roots_rhythm_fusion",0.51
19277,"0lKZAkE4ni8ruTOPli9F5k","Kacey Musgraves;Troye Sivan","Best Christmas Playlist Ever 2022","Glittery - From The Kacey Musgraves Christmas Show Soundtrack",0,143596,FALSE,0.275,-9.815,0,0.0309,0.864,0,0.107,0.345,85.752,4,3,"roots_rhythm_fusion",0.76
19279,"0t02v0CVkIMWiCJ9vm937B","Kacey Musgraves","Weihnachten Musik","Feliz Navidad",0,201373,FALSE,0.566,-5.117,1,0.0305,0.617,0.00023,0.234,0.873,131.174,4,3,"roots_rhythm_fusion",0.78
19280,"0fI5GUO2rDHujmgu6JpUgQ","Kacey Musgraves;Camila Cabello","Christmas 2022","Rockin' Around The Christmas Tree - From The Kacey Musgraves Christmas Show",0,124240,FALSE,0.598,-6.053,1,0.0975,0.129,0,0.678,0.789,148.906,4,3,"roots_rhythm_fusion",0.8
19286,"2eEW5oUP1iIWhC9fKGrmtH","Kacey Musgraves;Zooey Deschanel","Holidays Are Coming","Mele Kalikimaka - From The Kacey Musgraves Christmas Show",0,183943,FALSE,0.5,-9.785,1,0.0468,0.571,0,0.718,0.717,109.912,4,3,"roots_rhythm_fusion",0.65
19294,"0AImaoLL03GspnSYyhh5Pd","Kacey Musgraves;Zooey Deschanel","Weihnachtssongs","Mele Kalikimaka - From The Kacey Musgraves Christmas Show",0,183943,FALSE,0.5,-9.785,1,0.0468,0.571,0,0.718,0.717,109.912,4,3,"roots_rhythm_fusion",0.77
19298,"5WJTVtdhtZRYdLdVfZHXDC","Kacey Musgraves","Lonely Christmas 2022","Christmas Makes Me Cry - From The Kacey Musgraves Christmas Show",0,183372,FALSE,0.21,-12.534,1,0.0569,0.808,0,0.75,0.414,104.181,3,3,"roots_rhythm_fusion",0.71
19308,"63jfUirW2IkypzR5BYiV8Q","Brett Young","Sad Country Songs","Mercy",2,217120,FALSE,0.367,-7.906,1,0.0266,0.84,0,0.0999,0.219,71.957,4,3,"roots_rhythm_fusion",0.62
19310,"4yZyftmjG4vOK7KkOgOJsU","Rascal Flatts;Natasha Bedingfield","Sad Country Songs","Easy - Single Edit",1,213009,FALSE,0.599,-4.53,1,0.0321,0.123,0,0.103,0.464,120.99,3,3,"roots_rhythm_fusion",0.37
19322,"4L6mJJhYx3PNhKhaXX4BCw","Lynyrd Skynyrd","Country Car Hits","Simple Life",1,197106,FALSE,0.891,-4.044,1,0.0351,0.0141,0.00323,0.0661,0.508,111.996,4,3,"roots_rhythm_fusion",0.75
19337,"6douPMNtBroh5JmfUKe4Tk","Kenny Rogers","Perfect Christmas Hits","I'll Be Home for Christmas",0,164906,FALSE,0.229,-10.99,1,0.0296,0.729,9.06e-05,0.129,0.127,61.786,4,3,"roots_rhythm_fusion",0.67
19341,"1gJrH78tBc0ymRXZiizxKx","Lynyrd Skynyrd","Best 70s Rock Tunes","Sweet Home Alabama",1,285373,FALSE,0.724,-7.521,1,0.0247,0.217,0.000256,0.146,0.902,97.863,4,3,"roots_rhythm_fusion",0.71
19343,"2plJHpNYOmZUCcWieMc3FN","Little Big Town","Christmas Country Songs 2022","Go Tell It On The Mountain",0,230000,FALSE,0.881,-5.205,1,0.0824,0.132,0,0.222,0.392,111.946,4,3,"roots_rhythm_fusion",0.6
19358,"5BacLdcOdRTV9VRqVpBchv","Gabby Barrett","Country Road Songs","Pick Me Up",0,169440,FALSE,0.701,-4.563,1,0.0369,0.0387,0,0.107,0.515,79.805,4,3,"roots_rhythm_fusion",0.52
19361,"6oaHCpUkUcvRZzerlEoDNk","Gabby Barrett","Hideaway - New Boots","Pick Me Up",0,169440,FALSE,0.701,-4.563,1,0.0369,0.0387,0,0.107,0.515,79.805,4,3,"roots_rhythm_fusion",0.75
19392,"7g8FGqw4GeGlZRpmMYNEk6","Kenny Rogers","Christmas Music - Holiday Hits","I'll Be Home for Christmas",0,164906,FALSE,0.229,-10.99,1,0.0296,0.729,9.06e-05,0.129,0.127,61.786,4,3,"roots_rhythm_fusion",0.7
19394,"32mcPl0kYmcAVGf884kCtp","Kenny Rogers;Kim Carnes","Best 70s Rock Tunes","Don't Fall In Love With A Dreamer",0,220400,FALSE,0.391,-9.39,1,0.0253,0.0333,0,0.115,0.201,80.31,4,3,"roots_rhythm_fusion",0.76
19398,"4zBoFf0ihjdF6FtX099AEF","Kenny Rogers;Kim Carnes","Sweet Home Alabama","Don't Fall In Love With A Dreamer",0,220400,FALSE,0.391,-9.39,1,0.0253,0.0333,0,0.115,0.201,80.31,4,3,"roots_rhythm_fusion",0.71
19399,"09KEbfBvubWhOOJbNakvM1","Travis Tritt","Happy Country Christmas","Santa Looked a Lot Like Daddy",0,148453,FALSE,0.778,-8.987,1,0.0361,0.234,0.0236,0.0978,0.975,164.416,4,3,"roots_rhythm_fusion",0.79
19406,"7A2YSo9trGZ9OlO7w2DICx","Brett Eldredge","New Country","Songs About You",0,202386,FALSE,0.558,-4.863,1,0.0253,0.147,0,0.172,0.635,89.988,4,3,"roots_rhythm_fusion",0.64
19416,"0jZ26U5zgR9tTjM0dAnJx2","Midland;Jon Pardi","Sad Country Songs","Longneck Way To Go",1,188400,FALSE,0.883,-4.906,1,0.0403,0.00177,6.38e-06,0.37,0.604,129.021,4,3,"roots_rhythm_fusion",0.54
19424,"5khtfo0cmcluTkYSevgd1L","Brett Eldredge","Oklahoma Smokeshow - Breakout Country","Hideaway",0,163360,FALSE,0.373,-5.566,1,0.0286,0.618,0,0.128,0.473,124.082,3,3,"roots_rhythm_fusion",0.68
19429,"7kljF41HGcnuU4tBRQ8d6k","Brett Eldredge","Good Times Country","Time Well Spent",0,215226,FALSE,0.888,-5.438,1,0.0817,0.0081,0,0.297,0.585,91.98,4,3,"roots_rhythm_fusion",0.62
19434,"5RTYEflSyR3t9mp6nX7bjf","Steely Dan","70s Christmas Party","Reelin' In The Years",0,275466,FALSE,0.758,-9.92,1,0.0363,0.115,0,0.109,0.706,135.349,4,3,"roots_rhythm_fusion",0.61
19440,"3AiKS1mpEoLLoSR5SuUf9k","Brett Eldredge","Single Saturday Night - Country Songs","Drunk on Your Love",0,173960,FALSE,0.831,-5.606,1,0.0615,0.414,0,0.204,0.586,182.056,4,3,"roots_rhythm_fusion",0.69
19444,"5UYYKTnYTvNqLWMJtw6O6Q","Travis Tritt","Country Car Hits","Take It Easy",0,213706,FALSE,0.876,-5.21,1,0.0276,0.0116,0,0.0537,0.738,140.971,4,3,"roots_rhythm_fusion",0.83
19445,"3lo3fpR0BO8pe2z5UhbcZw","Randy Travis","Happy Country Christmas","Meet Me under the Mistletoe",0,163320,FALSE,0.422,-13.618,1,0.0492,0.246,0,0.342,0.661,151.466,4,3,"roots_rhythm_fusion",0.59
19449,"4Y85HkvhjdqBAo84NVoZJK","Travis Tritt","Country Holiday","Santa Looked a Lot Like Daddy",0,148453,FALSE,0.778,-8.987,1,0.0361,0.234,0.0236,0.0978,0.975,164.416,4,3,"roots_rhythm_fusion",0.66
19453,"5BJSIhaHPpnTkAahlmOQ1h","Eric Ethridge","Eric Ethridge","If You Met Me First",61,193832,FALSE,0.552,-5.967,1,0.0303,0.344,0,0.0689,0.244,145.908,4,3,"roots_rhythm_fusion",0.55
19460,"1tQ7g3atJDUiwXqwCPQks0","Midland","Sad Country Songs","Burn Out",1,189613,FALSE,0.724,-5.61,1,0.0244,0.292,0,0.231,0.801,99.975,4,3,"roots_rhythm_fusion",0.49
19485,"1ZZdzk0O2nd46H4rI2uyir","BRELAND;Lady A","Your Perfect Soundtrack","Told You I Could Drink",0,236990,FALSE,0.68,-4.434,1,0.0285,0.175,0,0.093,0.878,167.966,4,3,"roots_rhythm_fusion",0.51
19492,"5TxB8cvC3cTSJJMsijy7Su","Kip Moore","Country USA","Red White Blue Jean American Dream",0,180346,FALSE,0.765,-5.987,1,0.0322,0.00319,6.28e-05,0.261,0.622,160.139,4,3,"roots_rhythm_fusion",0.82
19507,"1LJt4Lh6SXMoe7XKTHUJ7o","Ingrid Andress","Finest Country","Blue",0,201541,FALSE,0.175,-9.5,1,0.0491,0.952,1.01e-06,0.105,0.201,117.291,4,3,"roots_rhythm_fusion",0.66
19516,"0X7Rp8TOCxPGjqq5c9MD1r","Ian Munsick","Country Car Hits","Long Haul",0,231265,FALSE,0.627,-7.851,1,0.0273,0.423,7.4e-05,0.0755,0.296,141.881,4,3,"roots_rhythm_fusion",0.48
19523,"42RjAtGAGje1E5wYkAjeuE","Ian Munsick","Cozy Country","Long Haul",0,231265,FALSE,0.627,-7.851,1,0.0273,0.423,7.4e-05,0.0755,0.296,141.881,4,3,"roots_rhythm_fusion",0.58
19525,"4iaut2RZl7gn6hkipwSW1j","Ingrid Andress","Country Christmas Time","Christmas Always Finds Me",0,200662,FALSE,0.124,-9.736,1,0.0306,0.928,0,0.116,0.46,94.166,3,3,"roots_rhythm_fusion",0.5
19537,"6oNVWNr2cwOboDGFDYa7RE","Ingrid Andress","Happy Country Christmas","Christmas Always Finds Me",0,200662,FALSE,0.124,-9.736,1,0.0306,0.928,0,0.116,0.46,94.166,3,3,"roots_rhythm_fusion",0.52
19540,"4yoPwM4ldSYczHNnwz8MT2","Ian Munsick","Never Leave - Country Magic","More than Me",0,210426,FALSE,0.746,-5.317,1,0.0266,0.49,0,0.176,0.463,145.879,4,3,"roots_rhythm_fusion",0.77
19541,"6Kv74sdWoLySwl0I1vAlxA","Ingrid Andress","Merry Christmas","Christmas Always Finds Me",0,200662,FALSE,0.124,-9.736,1,0.0306,0.928,0,0.116,0.46,94.166,3,3,"roots_rhythm_fusion",0.76
19543,"0vQiTX6F4cJHHYJqPcBjVI","Ian Munsick","Oklahoma Smokeshow - Breakout Country","More than Me",0,210426,FALSE,0.746,-5.317,1,0.0266,0.49,0,0.176,0.463,145.879,4,3,"roots_rhythm_fusion",0.58
19565,"2hsdrd6ux0B2sqS3hb08ou","Hunter Hayes","Country Christmas Time","This Christmas",0,171910,FALSE,0.649,-10.139,1,0.068,0.179,1.46e-06,0.0676,0.745,178.114,4,3,"roots_rhythm_fusion",0.66
19574,"5hRHZvANw3Pm2k4NR7oGbK","Chris Janson;Eric Church","Hideaway - New Boots","You, Me & the River",0,236320,FALSE,0.452,-6.77,1,0.0319,0.505,3.27e-06,0.133,0.333,149.231,4,3,"roots_rhythm_fusion",0.61
19586,"0ATOzpyZ5IedrZ01QSrEgp","John Michael Montgomery","Country Car Hits","Weekend Superstar",0,151826,FALSE,0.876,-5.614,1,0.0684,0.245,0,0.331,0.891,154.862,4,3,"roots_rhythm_fusion",0.73
19645,"5wW7fkOaNCKHM8NvEDf8Kh","Big & Rich;Bon Jovi","Chillin' It - Mellow Day Country","Born Again",0,234946,FALSE,0.888,-4.926,1,0.0534,0.0131,0,0.277,0.617,162,4,3,"roots_rhythm_fusion",0.74
19673,"5ALPzPUKl3Np5BrYTFs4Pb","Jason Aldean","9","Talk About Georgia",46,164786,FALSE,0.889,-4.243,1,0.0649,0.0232,0,0.0464,0.527,154.088,3,3,"roots_rhythm_fusion",0.77
19674,"6Bs9rgmIcVP39VdnhedfQI","Michael Ray","Finest Country","Get to You",0,191546,FALSE,0.562,-5.661,1,0.0319,0.348,0.000428,0.106,0.212,167.962,4,3,"roots_rhythm_fusion",0.66
19677,"16InxTXSm3cunATdpqO0H9","Travis Denning","Tailgate Country","After A Few",0,214040,FALSE,0.855,-4.356,0,0.0346,0.0155,0,0.162,0.656,107.004,4,3,"roots_rhythm_fusion",0.71
19685,"1V0R5iue1zHwywZL0qwinr","Big & Rich;Bon Jovi","Country Car Hits","Born Again",0,234946,FALSE,0.888,-4.926,1,0.0534,0.0131,0,0.277,0.617,162,4,3,"roots_rhythm_fusion",0.73
19700,"20A2Xe76p9wxUFLbbzZjTM","Jim Croce","Photographs & Memories: His Greatest Hits","Time in a Bottle",37,148586,FALSE,0.155,-16.837,1,0.0376,0.888,0,0.108,0.592,134.019,3,3,"roots_rhythm_fusion",0.6
19704,"3cBsEDNhFI9E82vPj3kvi3","Morgan Wallen","Dangerous: The Double Album","Wasted On You",83,178520,FALSE,0.657,-5.24,0,0.0318,0.373,0.00107,0.126,0.252,196,3,3,"roots_rhythm_fusion",0.5
19727,"7sVNSNOadwp3fISfMoXUyc","Tyler Braden;American Song Contest","Easy Country","Seventeen",0,266933,FALSE,0.656,-5.62,1,0.0315,0.117,2.02e-05,0.107,0.27,156.133,4,3,"roots_rhythm_fusion",0.78
19739,"2N88n8i3WgXPzelcXpUhm1","Dr. Hook","On air 70's Hits","When You're In Love With A Beautiful Woman - Remastered 1996",0,177200,FALSE,0.768,-10.459,1,0.0515,0.0535,0.0049,0.0476,0.874,110.41,4,3,"roots_rhythm_fusion",0.61
19744,"5Jq8ISsgnm2mPRqJi1swaZ","Steppenwolf","Обратно в клас - rock","Born To Be Wild - Single Version",1,216693,FALSE,0.81,-8.33,1,0.0724,0.00169,0.0314,0.567,0.464,145.589,4,3,"roots_rhythm_fusion",0.87
19748,"4FfJyCX8Dq3BcfOhFEL06K","The Band","A Very 70s Christmas","Christmas Must Be Tonight - Remastered 2001",0,218666,FALSE,0.665,-8.55,1,0.0267,0.0519,6.68e-05,0.109,0.766,128.619,4,3,"roots_rhythm_fusion",0.64
19760,"60hGQrn24APqEFSLObLeDc","Tim McGraw;Taylor Swift;Keith Urban","Two Lanes Of Freedom","Highway Don't Care",57,279066,FALSE,0.79,-5.348,1,0.0394,0.0261,0,0.0841,0.505,157.797,4,3,"roots_rhythm_fusion",0.71
19764,"30JEWgciN2BrDSe1uPR7bv","Morgan Evans","New Country Hits","Country Outta My Girl",0,202613,FALSE,0.932,-4.424,1,0.0976,0.0174,0,0.347,0.709,187.813,4,3,"roots_rhythm_fusion",0.73
19782,"2vtwuaAGoDPlsLujnfTYEu","Steve Winwood","Mirando las nubes","Valerie",0,246333,FALSE,0.766,-4.993,1,0.0291,0.32,0.015,0.111,0.679,116.269,4,3,"roots_rhythm_fusion",0.54
19793,"05UpLy7Xd3eH6ZqHK125YZ","Rotlaus","På vei","Syng mej en song",45,220800,FALSE,0.872,-4.892,0,0.0332,0.00262,0,0.302,0.66,130.953,4,3,"roots_rhythm_fusion",0.55
19823,"2MXE5cIWke4AVIrXpr9Fg5","Cody Johnson","Cowboy Like Me","Holes",42,220533,FALSE,0.572,-5.707,1,0.0283,0.0574,0,0.0902,0.422,131.962,4,3,"roots_rhythm_fusion",0.57
19831,"2z9qzLuCkfRdGNI1u08EyO","Hellbillies","Søvnlaus","20 år på vegen",46,246626,FALSE,0.568,-5.264,1,0.0295,0.191,0,0.183,0.42,77.35,4,3,"roots_rhythm_fusion",0.48
19846,"5j41TsRGWaY3k9WLMTaDQu","Bailey Zimmerman","Change","Never Comin' Home",43,194270,FALSE,0.59,-6.846,1,0.029,0.25,0,0.109,0.573,143.972,4,3,"roots_rhythm_fusion",0.54
19853,"4686eQ81DEswHa90bcdlC9","Bailey Zimmerman","Rock and A Hard Place","Rock and A Hard Place",84,207540,FALSE,0.568,-7.3,1,0.0275,0.577,0,0.105,0.394,121.991,3,3,"roots_rhythm_fusion",0.46
19863,"1MOOJuxUu9QiQE9GgkYYPb","Spencer Crandall","Wilderness","My Person",61,177000,FALSE,0.753,-5.291,1,0.0487,0.0894,0,0.13,0.756,165.966,4,3,"roots_rhythm_fusion",0.48
19864,"3rXCZRMiMZp0feGcYXpwYX","The Chicks","Fly","Cowboy Take Me Away",71,287266,FALSE,0.622,-7.255,1,0.031,0.365,0.00527,0.0982,0.455,164.418,4,3,"roots_rhythm_fusion",0.75
19867,"3VWNwd48T1J9VR7cpcx4s1","Dan Seals","San Antone","One Friend",58,117040,FALSE,0.0565,-20.923,1,0.0371,0.815,0,0.105,0.386,125.151,4,3,"roots_rhythm_fusion",0.69
19875,"4ESkWmp6wJZhSQ64KBzYju","Upchurch","King of Dixie","Radio Jam",42,199466,TRUE,0.612,-9.803,1,0.0529,0.304,0,0.0407,0.282,79.814,4,3,"roots_rhythm_fusion",0.68
19898,"1a0ro0Q0fbLkGTMucWgFTb","Bailey Zimmerman","Change","Small Town Crazy",43,162352,FALSE,0.877,-2.847,1,0.0746,0.0129,0,0.244,0.696,170.123,4,3,"roots_rhythm_fusion",0.68
19920,"5fdhThPDe6jQQDqCyWrdAn","Dolly Parton","Jolene (Expanded Edition)","Jolene",70,161533,FALSE,0.537,-10.971,0,0.0363,0.566,0,0.131,0.809,110.578,4,3,"roots_rhythm_fusion",0.78
19921,"2TjnCxxQRYn56Ye8gkUKiW","Eagles","Desperado (2013 Remaster)","Desperado - 2013 Remaster",68,213712,FALSE,0.224,-12.749,1,0.0311,0.946,0.000222,0.273,0.18,60.3,4,3,"roots_rhythm_fusion",0.74
19922,"5sp2ZYNA1EwmC6CA3CGxiq","Music Travel Love","Covering the World, Vol. 1","When You Say Nothing at All (Live in Nashville)",58,215850,FALSE,0.397,-8.614,1,0.0269,0.743,0,0.112,0.48,94.072,4,3,"roots_rhythm_fusion",0.6
19923,"47sNDR69VgN2NboGRc9Yyo","Zach Bryan","Open the Gate","Late July",42,178019,FALSE,0.354,-8.938,1,0.0504,0.736,0,0.11,0.419,151.266,4,3,"roots_rhythm_fusion",0.73
19930,"2tEMqkUo0QCtGOyUATJRxZ","Upchurch","River Rat","Don't Come Knockin",41,204012,TRUE,0.717,-7.688,1,0.111,0.00406,0,0.166,0.313,129.973,4,3,"roots_rhythm_fusion",0.89
19931,"6h5hwJ9ZfFZ81JqBjhgLwe","Too Far Gone","Bæst I Test","Kæm Tok Ho Me Sæ",44,186453,FALSE,0.621,-7.598,1,0.0289,0.159,3.85e-05,0.292,0.339,170.199,4,3,"roots_rhythm_fusion",0.66
19939,"41fQMNPgj3QnyAFJhEepKx","Gunnar & The Grizzly Boys","Standard American","Standard American",43,209053,FALSE,0.922,-4.827,0,0.113,0.0323,0,0.452,0.687,93.004,4,3,"roots_rhythm_fusion",0.69
19942,"1YKTp5PVGuOSivCw5x3IQM","Koe Wetzel","Sellout","Lubbock",42,179704,TRUE,0.948,-3.89,1,0.0359,0.0323,0,0.369,0.94,106.021,4,3,"roots_rhythm_fusion",0.65
19945,"23qRa5APj2X7llu4151g39","Salebarbes","Gin à l'eau salée","Gagner sa vie",41,172954,FALSE,0.875,-5.643,1,0.0422,0.291,0,0.386,0.977,145.932,4,3,"roots_rhythm_fusion",0.71
19946,"1OMK243SuTPjG0UJS5pa6v","Canned Heat","Fiesta temática 60s","Let's Work Together",0,193853,FALSE,0.703,-12.004,1,0.0362,0.114,1.39e-06,0.0646,0.882,118.944,4,3,"roots_rhythm_fusion",0.7
19948,"6saUNa3bf6yNLPs2oYKu2T","Ashley Monroe","Country Holiday","Tennessee Christmas",0,253520,FALSE,0.433,-8.307,1,0.0243,0.505,1.65e-05,0.193,0.423,96.004,4,3,"roots_rhythm_fusion",0.73
19949,"7h3rVSwqhTiFiysLcVlR4S","Ashley Monroe","Happy Country Christmas","Tennessee Christmas",0,253520,FALSE,0.433,-8.307,1,0.0243,0.505,1.65e-05,0.193,0.423,96.004,4,3,"roots_rhythm_fusion",0.52
19966,"5M8goiFYynmNxhueYW6grR","Blake Shelton;Gwen Stefani","Fully Loaded: God's Country","Nobody But You (Duet with Gwen Stefani)",66,194866,FALSE,0.653,-5.515,1,0.0273,0.111,0.000136,0.172,0.233,143.912,4,3,"roots_rhythm_fusion",0.6
19982,"79YGRx3inck94sMnnsR3ra","Upchurch","Same Ol Same Ol","Different Cloth",40,149998,FALSE,0.737,-4.084,1,0.0268,0.00357,8.75e-06,0.0995,0.629,89.99,4,3,"roots_rhythm_fusion",0.5
19987,"6B8LH8uVk3m4MyiuqZ5H7a","Avery Anna","Oklahoma Smokeshow - Breakout Country","Narcissist",0,154026,FALSE,0.48,-5.989,1,0.0492,0.746,0,0.113,0.304,73.476,4,3,"roots_rhythm_fusion",0.59
19988,"7w8PssLb3yPar3EcnStos3","Randall King","Burn Burn Burn - Hot Country Hits","Baby Do",0,206539,FALSE,0.86,-5.498,1,0.033,0.00469,0.00345,0.115,0.637,116.05,4,3,"roots_rhythm_fusion",0.61
19991,"5hy7nPUIveNGkYEesMv0Is","Robert Earl Keen","Cowboys Don't Cry","Cowboys Don't Cry",40,189657,FALSE,0.564,-6.692,1,0.0448,0.42,0,0.098,0.42,88.951,4,3,"roots_rhythm_fusion",0.69
19993,"0lRtPuJoG47Mhm6a69Uewk","Rotlaus","På vei","På vei",42,279240,FALSE,0.789,-6.404,1,0.029,0.0235,6.21e-06,0.128,0.351,87.958,4,3,"roots_rhythm_fusion",0.65
19998,"7plI8XMJN3vIlPpSQAeIuR","Upchurch","Creeker","Blow My Smoke",41,202866,TRUE,0.848,-5.584,0,0.0669,0.0152,0,0.882,0.643,150.039,4,3,"roots_rhythm_fusion",0.6
20007,"5nujrmhLynf4yMoMtj8AQF","Dua Lipa;DaBaby","Future Nostalgia","Levitating (feat. DaBaby)",85,203064,FALSE,0.825,-3.787,0,0.0601,0.00883,0,0.0674,0.915,102.977,4,9,"global_dance_urban",0.72
20017,"0mBP9X2gPCuapvpZ7TGDk3","Charlie Puth;Jung Kook;BTS","Left and Right (Feat. Jung Kook of BTS)","Left and Right (Feat. Jung Kook of BTS)",92,154486,FALSE,0.592,-4.898,1,0.0324,0.619,1.32e-05,0.0901,0.719,101.058,4,9,"global_dance_urban",0.43
20030,"0xzI1KAr0Yd9tv8jlIk3sn","benny blanco;BTS;Snoop Dogg","Bad Decisions (with BTS & Snoop Dogg)","Bad Decisions (with BTS & Snoop Dogg)",87,172714,FALSE,0.861,-3.296,1,0.0955,0.0185,0,0.264,0.955,120.048,4,9,"global_dance_urban",0.22
20032,"1Hpe0TFPOMCqxBAFqenaJ6","David Guetta;Bebe Rexha","New Pop Classics","I'm Good (Blue)",2,175238,TRUE,0.965,-3.673,0,0.0343,0.00383,7.07e-06,0.371,0.304,128.04,4,9,"global_dance_urban",0.28
20043,"5ISBiJcO6lfpOLqE1zzGVC","David Guetta","Beautiful Trending Hits 2022","Family Affair (Dance for Me)",4,158391,FALSE,0.726,-5.654,0,0.0459,0.0784,0,0.107,0.343,124.023,4,9,"global_dance_urban",0.57
20057,"0Cy7wt6IlRfBPHXXjmZbcP","Ellie Goulding","Fifty Shades Freed (Original Motion Picture Soundtrack)","Love Me Like You Do",79,253520,FALSE,0.597,-6.633,0,0.0292,0.27,0,0.105,0.324,95.012,4,9,"global_dance_urban",0.28
20059,"6RUKPb4LETWmmr3iAEQktW","The Chainsmokers;Coldplay","Memories...Do Not Open","Something Just Like This",85,247160,FALSE,0.635,-6.769,0,0.0317,0.0498,1.44e-05,0.164,0.446,103.019,4,9,"global_dance_urban",0.5
20073,"3aEJbbODCrHdZh2qY6dRy1","Dua Lipa","#Multiverse, If the Multiverse Is Real","Levitating",4,203807,FALSE,0.884,-2.278,0,0.0753,0.0561,0,0.213,0.914,103.014,4,9,"global_dance_urban",0.28
20077,"7vAPNx92EUeQoTaGhjGTpQ","Dua Lipa;Saweetie","2Step - Pop R'n'B","IDGAF",4,238940,TRUE,0.59,-6.301,1,0.133,0.059,0,0.0822,0.595,97.014,4,9,"global_dance_urban",0.19
20108,"6VrLYoQKdhu1Jruei06t65","The Vamps","Meet The Vamps","Somebody To You",77,185097,FALSE,0.818,-5.952,1,0.0358,0.0587,0,0.333,0.896,171.96,4,9,"global_dance_urban",0.61
20110,"6IVJu4WfDBGvzTnutmc9Py","Bruno Mars;Anderson .Paak;Silk Sonic","Slow Down Soul","Love's Train",5,307014,FALSE,0.625,-9.008,0,0.0295,0.029,1.1e-05,0.108,0.784,140.994,4,9,"global_dance_urban",0.43
20111,"4xCM9zy2m4MfsC8EP00rBz","Bruno Mars;Anderson .Paak;Silk Sonic","Hip Hop & R'n'B","Smokin out the Window",0,197442,FALSE,0.618,-8.529,1,0.0437,0.0558,0,0.351,0.848,82.03,4,9,"global_dance_urban",0.63
20122,"77eT8QCTlZg8Mje7P9U0NH","Bruno Mars;Anderson .Paak;Silk Sonic","Good Vibes","Smokin out the Window",2,197442,FALSE,0.618,-8.529,1,0.0437,0.0558,0,0.351,0.848,82.03,4,9,"global_dance_urban",0.61
20128,"4QtiVmuA88tPQiCOHZuQ5b","Sofía Reyes;Jason Derulo;De La Ghetto","1, 2, 3 (feat. Jason Derulo & De La Ghetto)","1, 2, 3 (feat. Jason Derulo & De La Ghetto)",79,201526,FALSE,0.895,-3.112,0,0.0589,0.165,0,0.0501,0.794,94.968,4,9,"global_dance_urban",0.41
20132,"2lbDzgkMN0Q1c6nnmRY2bn","Bruno Mars;Anderson .Paak;Silk Sonic","New Pop Classics","Skate",0,203122,FALSE,0.598,-8.365,1,0.0291,0.037,0,0.17,0.698,112.027,4,9,"global_dance_urban",0.37
20135,"0uIYFHlplgxgrJDD7XgMt4","Bruno Mars;Anderson .Paak;Silk Sonic","Upbeat 20's","Skate",4,203122,FALSE,0.598,-8.365,1,0.0291,0.037,0,0.17,0.698,112.027,4,9,"global_dance_urban",0.5
20144,"7izpOP3sww7TkqfjmEI1GM","Sam Smith","Die For You","Time After Time - Live At Abbey Road Studios",1,232128,FALSE,0.459,-9.413,1,0.0461,0.571,0.000165,0.101,0.272,129.661,4,9,"global_dance_urban",0.32
20171,"6dWxyTewMjC84vhto1881v","Lady Gaga","Best Of Karneval","Poker Face",0,238906,FALSE,0.818,-4.637,1,0.0789,0.112,2.94e-06,0.0945,0.808,119.006,4,9,"global_dance_urban",0.37
20188,"204PLz9hMiXFIJu0wWZr79","Lady Gaga","Beginner Ride (Sweat & Burn)","Born This Way",2,260413,FALSE,0.835,-5.117,1,0.146,0.00387,0,0.304,0.492,123.936,4,9,"global_dance_urban",0.39
20198,"0RqQLF5N7q1dVW9hb0Dezb","Lady Gaga","Halloween Scary Party","Monster",0,249253,FALSE,0.808,-4.522,0,0.0446,0.00141,0,0.611,0.664,120.032,4,9,"global_dance_urban",0.6
20207,"7m74vqvag5u4ZuVrFOWx69","Charlie Puth;Jung Kook","Beautiful Trending Hits 2022","Left and Right",1,154486,FALSE,0.592,-4.898,1,0.0324,0.619,1.32e-05,0.0901,0.719,101.058,4,9,"global_dance_urban",0.31
20215,"15dtPbnxYgml88NcftK3VB","Katy Perry","Christmas 2022","Cozy Little Christmas",0,182520,FALSE,0.608,-6.264,1,0.128,0.128,0,0.0895,0.56,137.494,4,9,"global_dance_urban",0.52
20218,"3Nptm4N4EQynJ0iVO2jdPE","Katy Perry","Christmas Dinner 2022","Cozy Little Christmas",0,182520,FALSE,0.608,-6.264,1,0.128,0.128,0,0.0895,0.56,137.494,4,9,"global_dance_urban",0.55
20225,"0BkWoJ1DbYrruv8srcPkmp","Lady Gaga","Halloween Hits","Teeth",3,220693,FALSE,0.833,-5.198,1,0.0483,0.0295,0,0.0868,0.552,96.012,4,9,"global_dance_urban",0.52
20235,"08AVok9laWpSSpX42guJ2K","Katy Perry","Silent Night","Cozy Little Christmas",0,182520,FALSE,0.608,-6.264,1,0.128,0.128,0,0.0895,0.56,137.494,4,9,"global_dance_urban",0.68
20255,"23L5CiUhw2jV1OIMwthR3S","Martin Garrix;Bebe Rexha","In the Name of Love","In the Name of Love",79,195706,FALSE,0.519,-5.88,0,0.0409,0.109,0,0.454,0.168,133.99,4,9,"global_dance_urban",0.78
20259,"5ln5yQdUywVbf8HhFsOcd6","Halsey","hopeless fountain kingdom (Deluxe)","Walls Could Talk",77,101789,TRUE,0.423,-6.035,1,0.0513,0.128,0,0.18,0.571,95.162,4,9,"global_dance_urban",0.62
20265,"1fSfbrzIlBuT1XIjqRe1eM","Marshmello;Jonas Brothers","pov: it's 2021","Leave Before You Love Me",0,154983,FALSE,0.744,-4.757,1,0.0398,0.00219,4.49e-06,0.116,0.645,119.978,4,9,"global_dance_urban",0.78
20270,"5WmRbxncaIRLqLUWv3wlBF","Charlie Puth;Jung Kook","Pop Brandneu","Left and Right",0,154486,FALSE,0.592,-4.898,1,0.0324,0.619,1.32e-05,0.0901,0.719,101.058,4,9,"global_dance_urban",0.9
20277,"0GDAt9fPbs9tPqg2n4ne5u","Charlie Puth;Jung Kook","New Arrivals","Left and Right",0,154486,FALSE,0.592,-4.898,1,0.0324,0.619,1.32e-05,0.0901,0.719,101.058,4,9,"global_dance_urban",0.64
20287,"4TYeIlwlJTgNkPaFxUP0PJ","Marshmello;Bastille","Tutti in piscina Canzoni per bambini","Happier",1,214289,FALSE,0.792,-2.749,1,0.0452,0.191,0,0.167,0.671,100.011,4,9,"global_dance_urban",0.5
20297,"35hGB105mhbtMSjThlsZaz","Katy Perry","All I want For Christmas Is Music","Cozy Little Christmas",0,182520,FALSE,0.608,-6.264,1,0.128,0.128,0,0.0895,0.56,137.494,4,9,"global_dance_urban",0.52
20308,"0YammaEkYSeo9vQYZ1OwS6","David Guetta;Bebe Rexha;J Balvin","7","Say My Name",73,198946,FALSE,0.66,-5.119,0,0.123,0.137,0,0.192,0.79,95.031,4,9,"global_dance_urban",0.5
20326,"58dGRQrNmAJeRMFuguUbvD","Spice;Shaggy;Sean Paul","10","Go Down Deh (feat. Shaggy and Sean Paul)",69,154151,FALSE,0.764,-5.112,1,0.0986,0.109,1.62e-05,0.247,0.578,89.999,4,9,"global_dance_urban",0.64
20337,"0TljCvnmCV3FJ8eTAlmHKD","Shawn Mendes","Arbeitsmusik Herbst/Winter 2022/2023","When You're Gone",0,172266,FALSE,0.713,-5.865,1,0.0381,0.0203,0,0.548,0.603,147.166,4,9,"global_dance_urban",0.63
20371,"6X17fdWVg6fsBPafs32JJi","Bebe Rexha;Pink Sweat$;Lunay","Midnight Music","On the Go",0,179397,FALSE,0.709,-4.683,0,0.0529,0.0749,0.00261,0.182,0.434,100.059,4,9,"global_dance_urban",0.22
20372,"7e38sajG53PZsyKRDX8OAR","Bebe Rexha","US Pop 20s","Sabotage",2,176566,TRUE,0.565,-5.111,1,0.044,0.438,0,0.138,0.208,89.862,4,9,"global_dance_urban",0.54
20378,"1V6gIisPpYqgFeWbMLI0bA","Demi Lovato","Demi","Heart Attack",78,210840,FALSE,0.785,-4.802,1,0.104,0.0738,0,0.239,0.502,173.968,4,9,"global_dance_urban",0.46
20390,"1SgC4TJisgT2KqHbSo6nqK","Selena Gomez","pov: it's 2020","Lose You To Love Me",0,206458,FALSE,0.342,-8.985,1,0.0425,0.55,0,0.21,0.0993,102.819,4,9,"global_dance_urban",0.49
20391,"4FS977E3rYz6LRtsX4Fu1p","Selena Gomez;Myke Towers","Perreo Tenebroso Vol. 5","Dámelo To’",0,184134,FALSE,0.641,-7.376,1,0.315,0.101,0.00534,0.07,0.437,182.003,4,9,"global_dance_urban",0.3
20424,"0RzEfVy07ukh7GxnwVjPmr","Tiësto;Charli XCX","For the Girls: Summer Hits","Hot in It",1,129817,FALSE,0.841,-5.08,1,0.177,0.00445,1.33e-06,0.0413,0.717,123.045,4,9,"global_dance_urban",0.43
20428,"5KomSS7roeHMj6r3THWiWo","Tiësto;Charli XCX","Cardio Tracks","Hot in It",0,129817,FALSE,0.841,-5.08,1,0.177,0.00445,1.33e-06,0.0413,0.717,123.045,4,9,"global_dance_urban",0.59
20433,"5odOSnLe89YWZ198e9SJ8O","Tiësto;Charli XCX","Your Perfect Soundtrack","Hot in It",0,129817,FALSE,0.841,-5.08,1,0.177,0.00445,1.33e-06,0.0413,0.717,123.045,4,9,"global_dance_urban",0.59
20437,"12gp9XggBAImRaqz7ASv9u","Tiësto;Ava Max","Summer Music Festival Hits","The Motto",0,164818,FALSE,0.763,-4.627,0,0.0435,0.0301,2.23e-05,0.0901,0.464,117.953,4,9,"global_dance_urban",0.5
20447,"0jGNrMFSke9iI1pmfWbvft","Tiësto;Becky Hill","pov: it's 2020","Nothing Really Matters",0,157720,FALSE,0.842,-4.079,0,0.0403,0.00519,4.52e-06,0.308,0.681,123.039,4,9,"global_dance_urban",0.56
20452,"5OCJzvD7sykQEKHH7qAC3C","Ariana Grande","Sweetener","God is a woman",80,197546,TRUE,0.658,-5.934,1,0.0558,0.0233,6e-05,0.237,0.268,145.031,4,9,"global_dance_urban",0.36
20465,"0wI7QkCcs8FUQE1OkXUIqd","Alessia Cara","Know-It-All","Scars To Your Beautiful",78,230240,FALSE,0.739,-5.74,1,0.129,0.0285,0,0.111,0.451,97.085,4,9,"global_dance_urban",0.5
20473,"0ulOkeffvXAADiep778P4U","Burna Boy","Beautiful Trending Hits 2022","Last Last",0,172342,FALSE,0.565,-4.457,0,0.0948,0.131,0,0.0802,0.55,87.925,4,9,"global_dance_urban",0.42
20476,"1NdGOt0hJikfIy2OUkXdi2","Burna Boy","Totally Rap","Last Last",0,172342,FALSE,0.565,-4.457,0,0.0948,0.131,0,0.0802,0.55,87.925,4,9,"global_dance_urban",0.42
20479,"10k9teyEyRep55WEzxz5oc","Burna Boy","New Rap 20s","Last Last",0,172342,FALSE,0.565,-4.457,0,0.0948,0.131,0,0.0802,0.55,87.925,4,9,"global_dance_urban",0.36
20485,"5Bn9DGGQJwFaYJTmzHSaYg","Kim Petras","Halloween & Alternative","Massacre",1,206815,FALSE,0.506,-7.554,0,0.0332,0.0989,0,0.352,0.11,89.888,4,9,"global_dance_urban",0.48
20494,"7lpMBvnGxzpmEp8f09hwjx","Kim Petras","Anthems for Witches 2022","Tell Me It's A Nightmare",1,248743,FALSE,0.758,-5.791,0,0.0651,0.00217,0,0.149,0.227,109.983,4,9,"global_dance_urban",0.4
20507,"3yOlyBJuViE2YSGn3nVE1K","Camila Cabello;DaBaby","Romance","My Oh My (feat. DaBaby)",76,170746,FALSE,0.491,-6.024,1,0.0296,0.018,1.29e-05,0.0887,0.383,105.046,4,9,"global_dance_urban",0.42
20513,"7lvUf1BLEZuuwhbc9xeR12","Burna Boy","Pop Hits Now","Last Last",0,172342,FALSE,0.565,-4.457,0,0.0948,0.131,0,0.0802,0.55,87.925,4,9,"global_dance_urban",0.44
20523,"0XLZqnVwuqsvl0WbZRStel","Burna Boy;Ed Sheeran","Hit After Hit","For My Hand",0,159123,FALSE,0.479,-7.779,1,0.165,0.161,0.000157,0.209,0.717,104.059,4,9,"global_dance_urban",0.52
20534,"5tkZJZiaeQExZNjCli2CD0","Avicii;Aloe Blacc","pov: it's 2019","SOS",0,157202,FALSE,0.645,-6.181,0,0.0714,0.272,0,0.119,0.376,100.001,4,9,"global_dance_urban",0.22
20537,"323uxL7lyIOJhkpzZMW5iD","Burna Boy;Lily Allen","Am I Ready - Pop Night Out","Heaven's Gate",0,202446,TRUE,0.854,-5.897,0,0.197,0.0376,1.45e-05,0.343,0.636,102.008,4,9,"global_dance_urban",0.51
20553,"0laYHRpNTS6i8FXdupHkJ4","Selena Gomez & The Scene","When The Sun Goes Down","Love You Like A Love Song",81,188453,FALSE,0.678,-3.87,0,0.0469,0.0761,0,0.0741,0.922,117.009,4,9,"global_dance_urban",0.32
20570,"0WruWLVRU2VjPupDqBfO2A","Sean Paul;Dua Lipa","Queda poco para la PAES","No Lie",0,221176,FALSE,0.883,-2.862,1,0.118,0.0468,0,0.206,0.464,102.044,4,9,"global_dance_urban",0.47
20573,"5IyU21Ki6j1AA7lrNlKLmt","Cardi B;Kehlani","Totally Rap","Ring",0,177139,FALSE,0.491,-7.859,0,0.145,0.0626,0,0.0994,0.56,105.965,4,9,"global_dance_urban",0.35
20582,"03NsLoRCuMvgOWTD1fTbim","Cardi B","Hiphopowe nowości","Press",0,143791,FALSE,0.53,-5.738,1,0.31,0.0362,1.76e-05,0.15,0.197,133.845,4,9,"global_dance_urban",0.14
20585,"58yspqPHi2W7bPfyuQ8HsP","Sean Paul;Sia","Fiesta portatil","Dynamite",2,212668,FALSE,0.86,-3.012,1,0.124,0.0704,0,0.0819,0.816,100.897,4,9,"global_dance_urban",0.51
20612,"2SEW9iGFOBMsJnJIRX5z7J","Ava Max","Hits Hits Hits","Maybe You're the Problem",1,190318,FALSE,0.835,-3.69,1,0.11,0.0453,0,0.0637,0.471,166.02,4,9,"global_dance_urban",0.32
20614,"2qvm1fGZsey4lwP8lHV7lY","Ava Max","Holly Jolly Christmas","Christmas Without You",3,169245,FALSE,0.596,-4.68,1,0.0458,0.424,0,0.11,0.382,118.078,4,9,"global_dance_urban",0.47
20618,"51NwNXEuRxWKGfLouTd1zR","Megan Thee Stallion;Latto","Gaming Songs 2022: Hard Mode","Budget",0,201979,TRUE,0.858,-4.185,1,0.251,0.00451,0,0.124,0.915,145.033,4,9,"global_dance_urban",0.7
20626,"5fvESB5vBG8Rs3bYkNrbQX","Robin Schulz;Tom Walker","Back to School!","Sun Will Shine",0,201700,FALSE,0.714,-6.347,0,0.0629,0.00633,0,0.0879,0.415,125.99,4,9,"global_dance_urban",0.46
20646,"7Isu2E0wfZ7b1dzO44Ilu8","Ava Max","Give You Love - Cozy Hits","Who's Laughing Now",1,180348,FALSE,0.641,-5.521,1,0.0389,0.00565,3.63e-06,0.109,0.505,184.021,4,9,"global_dance_urban",0.37
20657,"6I2tOKBqqIUhxEVKnolGjx","Wiz Khalifa","Hip Hop & R'n'B","Memory Lane",0,166773,TRUE,0.71,-4.574,0,0.353,0.37,0,0.155,0.826,95.178,4,9,"global_dance_urban",0.59
20662,"5QNFpjUpjZ2X9YgzIdDDhy","Wiz Khalifa;Swae Lee","Hip Hop Slow Jamz","Hopeless Romantic",0,226742,TRUE,0.477,-7.379,0,0.0589,0.307,0,0.0929,0.552,127.026,4,9,"global_dance_urban",0.76
20665,"0Rz7S7DSsiROEWR2mH5DwI","Wiz Khalifa;PARTYNEXTDOOR","Music for Rainy Days","Rain",0,153123,FALSE,0.406,-7.647,1,0.0381,0.0327,0,0.296,0.102,187.399,4,9,"global_dance_urban",0.36
20667,"4YU2HODpoaTGigDJYCv5xM","Wiz Khalifa;Girl Talk","Tic Tac - Just Rap","Big Daddy Wiz",0,131039,TRUE,0.795,-5.056,1,0.073,0.107,0.00631,0.131,0.745,101.978,4,9,"global_dance_urban",0.6
20683,"6el8cnFNWeNhDTWeWszXBk","Megan Thee Stallion;Lucky Daye","The Look - R&B Feels","Star",0,210160,TRUE,0.694,-5.053,1,0.0595,0.0183,0.000186,0.115,0.327,96.046,4,9,"global_dance_urban",0.51
20704,"6ZANrVuAMp2rpjhfbOuJly","Selena Gomez","Revival (Deluxe)","Same Old Love",71,229080,FALSE,0.593,-4.01,0,0.0304,0.0223,0,0.214,0.438,98.02,4,9,"global_dance_urban",0.48
20718,"1VQIWTMzZUeJM5HmLwaKEp","Ty Dolla $ign;Kehlani","2Step - Pop R'n'B","Universe",3,220138,FALSE,0.473,-9.381,0,0.218,0.0273,0,0.203,0.365,157,4,9,"global_dance_urban",0.84
20722,"1QhGycrwJKEOBKeVFOEPak","Ty Dolla $ign;Post Malone","New Rap 20s","Spicy",0,143375,TRUE,0.51,-5.724,0,0.0419,0.143,0,0.115,0.118,99.993,4,9,"global_dance_urban",0.48
20732,"4VFre5iu3eUunkIpsx7h6W","Demi Lovato;Speed Radio","Viral Şarkılar","Cool for the Summer - Sped Up (Nightcore)",0,191912,TRUE,0.599,-8.209,0,0.0749,0.00751,0.000701,0.316,0.264,125.874,4,9,"global_dance_urban",0.4
20743,"3RP5k1fpIeAoRIXI3NRbvu","Demi Lovato","Halloween Party 2022","Dancing With The Devil",0,243992,FALSE,0.642,-5.813,0,0.0431,0.269,0,0.11,0.129,75.279,4,9,"global_dance_urban",0.45
20754,"6l0Ky2PycJV1Bz88kFeVGL","Hailee Steinfeld;BloodPop®","Fifty Shades Freed (Original Motion Picture Soundtrack)","Capital Letters",70,219373,FALSE,0.814,-5.529,1,0.0759,0.0337,8.27e-06,0.0518,0.459,99.963,4,9,"global_dance_urban",0.42
20756,"76FZM38RC8XaAjJ77CVTNe","Ariana Grande","Dangerous Woman","Into You",76,244453,FALSE,0.734,-5.95,1,0.107,0.0162,1.9e-06,0.145,0.372,107.853,4,9,"global_dance_urban",0.59
20765,"5R3zrKrpaZWwXmyDo7lCEr","Jason Derulo;Kodak Black","Daily Pop Mix","Slidin'",0,156300,TRUE,0.884,-1.953,0,0.172,0.106,0,0.134,0.803,100.088,4,9,"global_dance_urban",0.36
20767,"0lUSd7TCG8srh6HpIAEIWL","Little Mix","Glory Days (Expanded Edition)","Power",78,247840,FALSE,0.855,-4.016,1,0.211,0.0372,0.000157,0.181,0.517,172.966,4,9,"global_dance_urban",0.5
20783,"6sSRctLeXIdEr1G7db8T6f","Jason Derulo;Kodak Black","New Pop Classics","Slidin'",0,156300,TRUE,0.884,-1.953,0,0.172,0.106,0,0.134,0.803,100.088,4,9,"global_dance_urban",0.61
20785,"3BiSQ8LoCjaOcPw8JuqGS8","Jason Derulo;Kodak Black","I'm Blue - Hits of 2022","Slidin'",0,156300,TRUE,0.884,-1.953,0,0.172,0.106,0,0.134,0.803,100.088,4,9,"global_dance_urban",0.36
20786,"1Y3KNXxCef7sXzE5GJEnBj","Jason Derulo;Kodak Black","Your Perfect Soundtrack","Slidin'",0,156300,TRUE,0.884,-1.953,0,0.172,0.106,0,0.134,0.803,100.088,4,9,"global_dance_urban",0.47
20815,"3LEgGAl9zLcQWGTp7ptqtQ","Jonas Blue;Why Don't We","Don’t Wake Me Up","Don’t Wake Me Up",76,188894,FALSE,0.747,-5.084,1,0.0337,0.222,0.000194,0.147,0.426,124.015,4,9,"global_dance_urban",0.49
20831,"2Db4RDun4YmjGcypDB8Av3","DJ Snake;Justin Bieber","Weekend Baby","Let Me Love You",0,205946,FALSE,0.715,-5.371,1,0.058,0.0863,2.67e-05,0.135,0.159,199.892,4,9,"global_dance_urban",0.47
20841,"0ooaQGSWjhcuhsDQHrnL7t","Anne-Marie","Holly Jolly Christmas","Think of Christmas",0,170306,FALSE,0.829,-5.557,0,0.0769,0.221,0,0.139,0.76,90.062,4,9,"global_dance_urban",0.6
20842,"5fImX57te2ofsdSqWuF4Pl","Anne-Marie;Saweetie;Ms Banks","2Step - Pop R'n'B","2002 - Saweetie & Ms Banks Remix",1,226920,FALSE,0.654,-4.784,0,0.165,0.00355,0,0.126,0.5,95.635,4,9,"global_dance_urban",0.64
20852,"0d2iYfpKoM0QCKvcLCkBao","benny blanco;Halsey;Khalid","Eastside (with Halsey & Khalid)","Eastside (with Halsey & Khalid)",75,173799,FALSE,0.68,-7.648,0,0.321,0.555,0,0.116,0.319,89.391,4,9,"global_dance_urban",0.7
20856,"079Ey5uxL04AKPQgVQwx5h","Selena Gomez;Rauw Alejandro","Revelación - EP","Baila Conmigo (with Rauw Alejandro)",75,186087,FALSE,0.544,-7.132,1,0.0715,0.0215,0.00315,0.0966,0.664,149.903,4,9,"global_dance_urban",0.42
20857,"39glqzRVRAy4vq3PqeTGb8","SLANDER;Dylan Matthew","Love Is Gone","Love Is Gone",67,256042,FALSE,0.465,-10.006,0,0.0344,0.0589,0.000524,0.095,0.0832,149.586,4,9,"global_dance_urban",0.46
20862,"7gMobZSfdEGUEIDuMNihXH","Lauv","Autumn Vibes 2022","All 4 Nothing (I'm So In Love)",0,183014,FALSE,0.819,-4.588,1,0.0362,0.0411,0,0.0606,0.898,131.99,4,9,"global_dance_urban",0.64
20863,"3fGW43fnu3OHEw6ohTC2Bw","Anne-Marie;Niall Horan","Therapy","Our Song",71,163733,FALSE,0.759,-4.312,1,0.0506,0.127,0,0.224,0.519,80.95,4,9,"global_dance_urban",0.6
20864,"30KPG6tcT4DAYsYdTEBoXh","Ellie Goulding;Juice WRLD","pov: it's 2019","Hate Me",0,186226,FALSE,0.791,-4.66,1,0.0512,0.102,0,0.139,0.744,75.017,4,9,"global_dance_urban",0.61
20881,"7b1XzNeXhfwGNJWE6gHFRz","Becky Hill;Joel Corry","Pop Brandneu","HISTORY",0,176609,TRUE,0.86,-3.318,1,0.0369,0.155,3.21e-06,0.359,0.771,122.975,4,9,"global_dance_urban",0.53
20882,"1b876Botb2h1Mf5L37anDJ","Becky Hill;Joel Corry","Daily Pop Mix","HISTORY",0,176609,TRUE,0.86,-3.318,1,0.0369,0.155,3.21e-06,0.359,0.771,122.975,4,9,"global_dance_urban",0.44
20885,"77u3cpprulNjIUYkjYwlhU","Ellie Goulding","Del gusto de mamá","Starry Eyed",4,176933,FALSE,0.816,-5.331,0,0.0352,0.13,8.66e-06,0.224,0.588,149.929,4,9,"global_dance_urban",0.81
20890,"5IBBlGZ3dwIMIEGCKTAGdu","Becky Hill;Topic","EDM Gaming Music Autumn/Winter 2022","My Heart Goes (La Di Da)",0,148960,FALSE,0.781,-5.578,0,0.0452,0.0185,3.12e-05,0.295,0.456,124.04,4,9,"global_dance_urban",0.36
20903,"1dNIEtp7AY3oDAKCGg2XkH","The Chainsmokers;Coldplay","Something Just Like This","Something Just Like This",75,247626,FALSE,0.649,-6.695,0,0.0362,0.0306,2.46e-05,0.174,0.505,102.996,4,9,"global_dance_urban",0.38
20907,"7795WJLVKJoAyVoOtCWqXN","Sam Smith","In The Lonely Hour","I'm Not The Only One",88,239316,FALSE,0.485,-5.795,1,0.0361,0.529,2.04e-05,0.0766,0.493,82.001,4,9,"global_dance_urban",0.5
20917,"0HaRLPnr887lcQM2YQzkff","Burna Boy;Ed Sheeran","Love, Damini","For My Hand (feat. Ed Sheeran)",83,159123,FALSE,0.479,-7.779,1,0.165,0.161,0.000157,0.209,0.717,104.059,4,9,"global_dance_urban",0.63
20923,"15OwisPfzn1zVzz2NpEhKp","Alesso;Sentinel","EDM Gaming Music Autumn/Winter 2022","Only You",0,145174,FALSE,0.917,-2.528,1,0.0438,0.00235,0.000347,0.119,0.323,129.035,4,9,"global_dance_urban",0.53
20925,"4tcm76DyNJiOhj7x7u10va","Alesso;Marshmello;James Bay","pov: it's 2021","Chasing Stars",0,170457,FALSE,0.64,-6.865,1,0.033,0.0169,0,0.135,0.492,92.871,4,9,"global_dance_urban",0.43
20928,"1aJMAxzhtScf4nJCbXX1O2","Alesso","Concierto en la ducha","REMEDY",0,190295,FALSE,0.777,-4.612,1,0.0471,0.269,0,0.0883,0.485,119.963,4,9,"global_dance_urban",0.45
20935,"3UeMh2Mra28eDCSJjylBPc","Flo Rida;Sage The Gemini;Lookas","Energy Hip Hop","GDFR",0,190185,FALSE,0.827,-4.034,1,0.0736,0.000698,0.0053,0.065,0.69,145.887,4,9,"global_dance_urban",0.62
20938,"7CRMMeGw6ZCvnio00NmiZu","Ne-Yo","A Merry Modern Christmas","Merry Christmas Baby",1,167950,FALSE,0.551,-7.822,1,0.0441,0.411,0.00043,0.137,0.251,77.993,4,9,"global_dance_urban",0.68
20946,"7H4js1I7iUQWMwDooFO65V","Ne-Yo","Halloween Scary Party","Beautiful Monster",0,251133,FALSE,0.826,-5.464,0,0.108,0.227,4.06e-06,0.222,0.494,127.929,4,9,"global_dance_urban",0.49
20948,"0Q3Z1sRcAcPNsKOKlTViqb","Madonna","Anthems for Witches 2022","Illuminati",1,224613,FALSE,0.617,-4.32,1,0.0766,0.0464,0.00402,0.165,0.418,134.909,4,9,"global_dance_urban",0.66
20961,"0kGDEDnd3OsvIq7zyLo1zG","James Hype;Miggy Dela Rosa;Lazza","HOT PARTY BACK TO SCHOOL 2022","Ferrari - Remix",4,172000,FALSE,0.714,-5.769,0,0.0643,0.0973,0,0.0936,0.62,124.953,4,9,"global_dance_urban",0.69
20962,"7efeim37m5pprC4BNHyet1","James Hype;Miggy Dela Rosa","Beats Electro Mood","Ferrari",0,186661,FALSE,0.69,-7.877,0,0.0493,0.0127,6e-05,0.0526,0.692,125.004,4,9,"global_dance_urban",0.5
20986,"34ldTowcv56E2DqtSaYBjP","The Killers","OO's Music Grandi Successi","When You Were Young",5,220413,FALSE,0.976,-3.09,0,0.147,0.000335,0.0475,0.298,0.248,130.411,4,9,"global_dance_urban",0.48
20992,"5SVYqPYpje5JDG2O969oz6","The Killers;Toni Halliday","Rock n Roll Christmas","A Great Big Sled",0,262586,FALSE,0.872,-3.869,1,0.0636,0.00223,0,0.283,0.299,127.959,4,9,"global_dance_urban",0.34
21000,"48QmG1dfvMuYLxMPt7KSRA","Sean Paul;Dua Lipa","Mad Love The Prequel","No Lie",83,221176,FALSE,0.882,-2.862,1,0.117,0.0466,0,0.206,0.463,102.04,4,7,"groove_dancehall",0.35
21002,"0VzBKgimNRMauaqzT2rEnS","Spice;Shaggy;Sean Paul","Go Down Deh (feat. Shaggy and Sean Paul)","Go Down Deh (feat. Shaggy and Sean Paul)",74,154666,FALSE,0.8,-4.475,1,0.108,0.12,3.9e-05,0.187,0.534,90.016,4,7,"groove_dancehall",0.53
21009,"40pz6QQ5xwbaCZX5gK8GcQ","Burna Boy","Hits Hits Hits","Last Last",0,172342,FALSE,0.565,-4.457,0,0.0948,0.131,0,0.0802,0.55,87.925,4,7,"groove_dancehall",0.4
21018,"2IUkw09LrFwfXNRwnecgmG","Burna Boy","Hit After Hit","Last Last",0,172342,FALSE,0.565,-4.457,0,0.0948,0.131,0,0.0802,0.55,87.925,4,7,"groove_dancehall",0.4
21020,"300HJHC8ZR1r8quEn5OqwZ","Burna Boy","It's You - Fresh Hits","Last Last",0,172342,FALSE,0.565,-4.457,0,0.0948,0.131,0,0.0802,0.55,87.925,4,7,"groove_dancehall",0.4
21021,"7HSM7sfoyw4xKdGcNhXuBy","Burna Boy","All Bops","Last Last",0,172342,FALSE,0.565,-4.457,0,0.0948,0.131,0,0.0802,0.55,87.925,4,7,"groove_dancehall",0.58
21022,"41cDKFuTigPfBWyLYQKMsO","Burna Boy","New Arrivals","Last Last",0,172342,FALSE,0.565,-4.457,0,0.0948,0.131,0,0.0802,0.55,87.925,4,7,"groove_dancehall",0.71
21024,"4753v8gP7AT9df2zgxa2N9","Burna Boy;Wizkid","New Grooves","B. D’OR",0,189800,FALSE,0.658,-8.031,0,0.108,0.00858,0.0061,0.0999,0.483,104.033,4,7,"groove_dancehall",0.54
21032,"0hopQjlj7hNsE60RXFl1V9","Burna Boy;Wizkid","Tropical Vibes","B. D’OR",1,189800,FALSE,0.658,-8.031,0,0.108,0.00858,0.0061,0.0999,0.483,104.033,4,7,"groove_dancehall",0.7
21039,"61f7OTlfrjrZqZc8YZtNGd","Burna Boy;Stormzy","CruiseControl: How I Met The Biggest Bird (DJ Mix)","Real Life (Mixed)",4,124000,TRUE,0.592,-9.726,1,0.299,0.181,6.45e-06,0.331,0.632,75.493,3,7,"groove_dancehall",0.4
21040,"3LF7gk7E5fDz1nRfbFXaUf","Burna Boy;Ed Sheeran","Evergreen","For My Hand",1,159123,FALSE,0.479,-7.779,1,0.165,0.161,0.000157,0.209,0.717,104.059,4,7,"groove_dancehall",0.43
21051,"1Vb4HQnN2kZ5Y2KgYF5TDV","Sean Paul;Dua Lipa","No Lie","No Lie",61,221176,FALSE,0.882,-2.862,1,0.117,0.0466,0,0.206,0.463,102.04,4,7,"groove_dancehall",0.44
21056,"51p7NpYENytr1NyYJSP2M3","Charly Black","Rio Bueno","You're Perfect",55,196946,FALSE,0.842,-3.231,0,0.242,0.313,0,0.0541,0.826,104.832,4,7,"groove_dancehall",0.41
21058,"6S8Yh2Pd8nbbeCAvLeanpF","Omah Lay;Justin Bieber","Pop Hits Now","Attention",0,180563,FALSE,0.72,-8.134,0,0.0809,0.172,0.000726,0.109,0.384,119.989,4,7,"groove_dancehall",0.34
21060,"2wcRkC0i2cCMjD6ZJ25ZxG","Omah Lay;Justin Bieber","Trending Pop","Attention",0,180563,FALSE,0.72,-8.134,0,0.0809,0.172,0.000726,0.109,0.384,119.989,4,7,"groove_dancehall",0.89
21072,"2cNTGpMDJ0Mdj9oeygxHTM","Omah Lay;Justin Bieber","African Heat - Afro Hits","Attention",0,180563,FALSE,0.72,-8.134,0,0.0809,0.172,0.000726,0.109,0.384,119.989,4,7,"groove_dancehall",0.49
21088,"45DuBoFFZQFmSc1I4ZbirR","Sean Paul;Dua Lipa","Weekend Baby","No Lie",0,221176,FALSE,0.883,-2.862,1,0.118,0.0468,0,0.206,0.464,102.044,4,7,"groove_dancehall",0.66
21090,"31HFDml54UrGjTa4UeKhyv","Sean Paul;Dua Lipa","Autopilot","No Lie",0,221176,FALSE,0.883,-2.862,1,0.118,0.0468,0,0.206,0.464,102.044,4,7,"groove_dancehall",0.66
21099,"6FNR3CddkzolYzctA2CY6b","Sean Paul","Dance Dance Dance","She Doesn't Mind - Gregori Klosman Remix",0,299520,FALSE,0.812,-4.559,0,0.122,0.00125,0.0261,0.0895,0.619,125.027,4,7,"groove_dancehall",0.72
21106,"285NGish4sNBfqgcUJOXmS","AMARIA BB;Tayc","Slow Motion (Remix)","Slow Motion - Remix",54,168316,TRUE,0.555,-8.914,0,0.251,0.283,0.00106,0.105,0.497,86.068,4,7,"groove_dancehall",0.57
21114,"0fQfJFfngYfG26560HLMLN","Sean Paul;Sia","Dynamite","Dynamite",68,212668,FALSE,0.86,-3.012,1,0.124,0.0704,0,0.0819,0.816,100.897,4,7,"groove_dancehall",0.61
21115,"65v99AWZyNz3aRmfrT2I7N","Omah Lay","Boy Alone","i'm a mess",69,153946,TRUE,0.633,-6.213,1,0.239,0.307,0.0328,0.112,0.601,123.259,5,7,"groove_dancehall",0.34
21122,"5k0xcYedZDXWe48vkgehCc","Busy Signal;Oh Gosh","Perfect Spot (Oh Gosh Remix)","Perfect Spot - Oh Gosh Remix",60,184421,FALSE,0.792,-6.177,1,0.0651,0.188,0.00221,0.0882,0.741,94.991,4,7,"groove_dancehall",0.36
21123,"0155LMjVeBPqe3MDmXHjMg","Yxng Bane;D-Block Europe","Afro Hits","Cut Me Off",0,228837,TRUE,0.769,-5.127,0,0.111,0.158,2.25e-05,0.0824,0.478,104.981,4,7,"groove_dancehall",0.43
21126,"4wuxPIv6GsVihSQJqsJOyd","Yxng Bane","New Rap Icons","Needed Time",0,196184,FALSE,0.499,-7.819,0,0.132,0.197,2.65e-06,0.194,0.609,104.058,4,7,"groove_dancehall",0.38
21131,"0tGoMQqkRaXRNDQthAtxZD","Sarz;DJ Tunez;Flash","Afropop 2022","Get Up",0,203389,FALSE,0.602,-8.279,0,0.173,0.0311,6.43e-05,0.0887,0.793,118.022,4,7,"groove_dancehall",0.52
21141,"3OVKJJYEckoVDmU1K3tQnK","Vybz Kartel;Arif Cooper","Arif Cooper Presents: Up & Live Riddim (2022 Remastered)","Good Pussy Wine (2022 Remastered)",0,182586,TRUE,0.909,-4.006,1,0.218,0.16,0,0.11,0.739,87.124,5,7,"groove_dancehall",0.8
21146,"2MAShwvWnE9WfrnF4DWZLO","Collie Buddz","Consistency (Through the Years)","Like Yuh Miss Me",0,177136,TRUE,0.895,-4.574,1,0.214,0.111,0,0.121,0.596,99.333,4,7,"groove_dancehall",0.76
21158,"3dEqPYFBUAOU0fqpudVnJW","Olamide;Fave","UY Scuti","Want (feat. Fave)",60,101250,TRUE,0.626,-7.444,1,0.29,0.345,0.0786,0.124,0.572,89.856,4,7,"groove_dancehall",0.51
21159,"6sIx21selkP3d0I9JUIF6w","Apache Indian","Home Run","Om Namah Shivaya",36,265186,FALSE,0.559,-9.614,0,0.0483,0.153,3.53e-06,0.0592,0.446,149.943,4,7,"groove_dancehall",0.67
21163,"0Rj2yNpEvXOl8yn9UOuIRs","Charly Black;Daddy Yankee","Gyal You A Party Animal (Remix)","Gyal You A Party Animal - Remix",68,224320,FALSE,0.894,-4.054,1,0.0798,0.0612,0,0.36,0.757,101.053,4,7,"groove_dancehall",0.49
21165,"7rpWDu9GPlLxbLorYKVys7","Burna Boy","African Giant","Gbona",72,187609,FALSE,0.813,-5.869,0,0.162,0.564,0.000142,0.108,0.942,93.912,4,7,"groove_dancehall",0.44
21172,"1TfpBtkEQiDISwBcW1BeCX","NSG;LD","Roadblock","Roadblock",61,233293,TRUE,0.75,-3.021,1,0.238,0.1,2.18e-05,0.123,0.823,104.035,4,7,"groove_dancehall",0.32
21179,"2cgamRofJ1iWxAHD801DNu","Burna Boy;Khalid","Love, Damini","Wild Dreams (feat. Khalid)",66,186189,FALSE,0.612,-6.314,1,0.06,0.0344,0,0.59,0.401,126.106,5,7,"groove_dancehall",0.47
21192,"2SCdjPc4Ip5ZV6Hsi21fhx","Tiwa Savage","Best Afrobeat Tunes","Owo Mi Da",0,172142,TRUE,0.877,-2.864,1,0.169,0.0792,0.00325,0.138,0.825,119.027,4,7,"groove_dancehall",0.51
21196,"1uYv1FXOsQXQ00thfiWNno","Sizzla","Green Concrete Riddim","Green Concrete",4,195833,TRUE,0.643,-3.176,0,0.0776,0.148,0,0.325,0.614,179.359,4,7,"groove_dancehall",0.78
21203,"4E0teOQQQwagLVvQ7VfYm1","Afro B","Afrowave 2","Drogba (Joanna)",64,199000,FALSE,0.633,-6.392,1,0.101,0.0206,4.06e-06,0.0715,0.767,108.011,4,7,"groove_dancehall",0.38
21204,"24SDeYAeTFda8OUzVI1VR6","Popcaan;Drake;PARTYNEXTDOOR","FIXTAPE","TWIST & TURN (feat. Drake & PARTYNEXTDOOR)",64,259651,FALSE,0.747,-4.659,1,0.17,0.478,0,0.116,0.635,106.253,4,7,"groove_dancehall",0.68
21210,"1xySCCP2zuNtTzyqlJUwKI","Sean Paul;Dua Lipa","Baywatch (Music From The Motion Picture)","No Lie",44,220986,FALSE,0.884,-3.427,1,0.12,0.0421,0,0.288,0.498,102.006,4,7,"groove_dancehall",0.39
21220,"3qvZW1bLvAsJIUhYcuvf4F","Burna Boy;Stormzy","Twice As Tall","Real Life (feat. Stormzy)",64,197933,TRUE,0.568,-7.268,1,0.0701,0.147,4.01e-05,0.339,0.407,132.348,5,7,"groove_dancehall",0.41
21221,"45s98gUcOcj5nJeFDNLH2g","Burna Boy;Polo G","Want It All (feat. Polo G)","Want It All (feat. Polo G)",62,232500,TRUE,0.568,-9.551,1,0.155,0.211,1.73e-06,0.0912,0.707,159.988,4,7,"groove_dancehall",0.44
21225,"7ihWJfl0tB31F46fMiAVBZ","P-Square","Double Trouble","Shekini",53,218165,FALSE,0.856,-4.896,1,0.0757,0.0252,0.0195,0.0283,0.98,94.486,3,7,"groove_dancehall",0.42
21229,"6kzziVNPYISZHObx1t4P5y","Cestar;Stailok","El Humo de Tu Boca","El Humo de Tu Boca",40,180618,FALSE,0.731,-4.643,0,0.0413,0.112,0.000239,0.157,0.552,97.03,4,7,"groove_dancehall",0.32
21260,"5TaD282V96JNYFOE2SGYqQ","Sean Paul;Pitbull","She Doesn't Mind","She Doesn't Mind - Pitbull Remix",42,240140,FALSE,0.799,-5.36,0,0.0695,0.000704,1.98e-06,0.177,0.613,121.291,4,7,"groove_dancehall",0.45
21280,"3inqbiJAwJ3qCIGd6qozOR","Jahyanai;Timal","Whine It","Whine It",36,161279,FALSE,0.646,-6.38,0,0.0984,0.536,0.00441,0.105,0.799,109.799,4,7,"groove_dancehall",0.4
21287,"3tTstc3Hxf38kS7UNHKRZk","Reekado Banks;KiDi","Piano Boards w Y2J (DJ Mix)","Ozumba Mbadiwe (Remix) (Mixed)",0,113011,FALSE,0.749,-10.028,1,0.0579,0.448,0.00147,0.146,0.737,112.949,4,7,"groove_dancehall",0.5
21296,"5mcxpGvbTqusAuJNYGiO4O","Sugar Minott","Sugar Minott Masterpiece","We've Got A Good Thing Going",39,230862,FALSE,0.525,-6.644,0,0.197,0.164,0,0.0399,0.877,78.741,4,7,"groove_dancehall",0.61
21305,"76IkF7pA7RscjDTvOFT4vb","Stefflon Don;French Montana","Hurtin' Me","Hurtin' Me",61,212815,FALSE,0.794,-4.933,1,0.161,0.102,1.52e-05,0.144,0.799,203.712,4,7,"groove_dancehall",0.56
21307,"43CAMHDrAVA3nJP2zgKJDI","Protoje;Chronixx","Ancient Future","Who Knows",58,208466,FALSE,0.724,-4.436,0,0.0988,0.0909,0,0.339,0.741,80.932,4,7,"groove_dancehall",0.32
21321,"0Xs1Yh44j5cIgUQtOCBcQj","Apache Indian","Time For Change","Sometimes Love",3,242213,FALSE,0.806,-3.875,0,0.0797,0.133,0,0.281,0.88,107.883,4,7,"groove_dancehall",0.77
21325,"4aX1l1agOXB5JMs93kIRrt","Apache Indian","Time For Change","Om Numah Shivaya",2,266480,FALSE,0.723,-3.783,0,0.046,0.13,8.74e-06,0.0589,0.399,74.985,4,7,"groove_dancehall",0.6
21348,"6DpTTIl22LYSQzHvLqrfUB","Chronic Law","Life Changes","Walk with Faith",2,210279,FALSE,0.494,-7.829,0,0.315,0.627,0,0.172,0.457,93.609,4,7,"groove_dancehall",0.75
21350,"6qk3jI8bKCgURI3h0d8zBZ","Wande Coal","Realms","Again",59,156083,FALSE,0.39,-9.858,0,0.36,0.688,0,0.106,0.552,125.944,5,7,"groove_dancehall",0.51
21360,"2Ln1SFoLWYtNwS98uL5G4a","Sean Paul;DJ Laszlo","She Doesn't Mind (Remixes)","She Doesn't Mind - DJ Laszlo Radio Edit",55,250115,FALSE,0.924,-4.227,1,0.0639,0.00722,0.000324,0.0368,0.592,129.035,4,7,"groove_dancehall",0.46
21361,"5Zez1biAREA2C8706kdlIb","Iyanya;Davido;Kizz Daniel","Like (feat. Kizz Daniel)","Like (feat. Kizz Daniel)",57,150545,FALSE,0.709,-5.123,1,0.0511,0.0359,0.00986,0.118,0.791,109.961,4,7,"groove_dancehall",0.45
21362,"6zrZ7mVcznNd2Q6qB0iBrq","Shenseea","ALPHA","Can't Anymore",60,155307,FALSE,0.724,-5.372,0,0.0422,0.209,3.51e-06,0.281,0.77,102.991,4,7,"groove_dancehall",0.65
21365,"4btYeVhPo0QIbUxySZGjba","Skales","Man Of The Year","Shake Body",55,208933,FALSE,0.873,-4.102,1,0.0693,0.186,2.34e-05,0.0558,0.96,131.006,4,7,"groove_dancehall",0.4
21375,"6fGh3jzYtgX40vC7tS3pvu","Sean Paul","EDM Bangers","She Doesn't Mind - DJ Laszlo Radio Edit",35,250115,FALSE,0.924,-4.227,1,0.0639,0.00722,0.000324,0.0368,0.592,129.035,4,7,"groove_dancehall",0.49
21379,"7sHIKRkrjd92ITAEeRaID1","Lion Fiah;Saybor;La Corte Music","Duro","Duro",34,176828,FALSE,0.758,-5.441,0,0.0679,0.12,1.57e-05,0.117,0.792,95.04,4,7,"groove_dancehall",0.43
21388,"3KhhGdo024E5njEJBsQUpU","Collie Buddz","Collie Buddz","Tomorrow's Another Day",34,195800,FALSE,0.6,-5.648,0,0.0736,0.116,0,0.305,0.345,81.028,4,7,"groove_dancehall",0.36
21396,"3pY3etENVX6RAL3Qj49BPP","Kapten Röd;Tommy Tip","Stjärnorna Finns Här","Du E La Go",35,163360,FALSE,0.824,-6.403,0,0.157,0.435,5.36e-05,0.136,0.818,99.869,4,7,"groove_dancehall",0.39
21401,"1zfojKPcf9dYx5xTDzlkhd","Sean Paul;Dua Lipa","Throwback Summer Hits","No Lie",40,221176,FALSE,0.883,-2.862,1,0.118,0.0468,0,0.206,0.464,102.044,4,7,"groove_dancehall",0.56
21418,"0FnoxHCkfmjr2kBDwos4OG","Korede Bello","Bella","Bella",51,146478,FALSE,0.705,-6.814,0,0.0962,0.642,5.66e-05,0.133,0.928,114.955,4,7,"groove_dancehall",0.34
21429,"4231MOdd64jKGGdjxtROU1","Roze Don;Aalvero;Marksman","Little Bit (Remix)","Little Bit - Remix",32,183448,TRUE,0.683,-3.69,1,0.314,0.162,0,0.14,0.656,106.072,4,7,"groove_dancehall",0.46
21439,"2BiSXiybgeW2stqoeVc8Ke","Kaliffa;Syster Sol","Kalibreraren","Kontakt",34,188516,FALSE,0.635,-7.167,1,0.0839,0.0332,0.0691,0.155,0.507,99.995,4,7,"groove_dancehall",0.68
21462,"55nUyfW8eCQsHrZ3jtkXLU","Sean Paul","When It Comes To You","When It Comes To You",43,181188,FALSE,0.649,-6.095,0,0.133,0.0115,0,0.0641,0.72,100.118,4,7,"groove_dancehall",0.6
21466,"1tn87Abu4ZTptxvpp6Zd8V","Skeng;Tommy Lee Sparta","Protocol","Protocol",59,199836,TRUE,0.582,-7.221,0,0.339,0.1,0,0.163,0.441,99.98,4,7,"groove_dancehall",0.74
21475,"60lUecrFeE2t6QMJ1Nmsve","Wizkid","Made In Lagos: Deluxe Edition","Anoti",55,181360,TRUE,0.73,-7.353,0,0.385,0.378,2.04e-05,0.0985,0.575,101.901,4,7,"groove_dancehall",0.56
21483,"2KfeoUqgmA1aGDA79enC3B","Eshconinco","Dream Life","SHE Like IT",31,147879,TRUE,0.819,-4.782,1,0.235,0.105,0,0.0608,0.818,189.978,4,7,"groove_dancehall",0.43
21498,"1VAsseh5KzZ0Df9WqEmckq","JuanchitoSaico","Reloaded","A Lo Natural",31,200774,FALSE,0.876,-4.772,1,0.177,0.0725,0,0.0917,0.853,93.972,4,7,"groove_dancehall",0.58
21502,"6aaN2LMboLIyNlo7XmPIrP","Mr Eazi;Falz;Major League Djz;DJ Tarico;Joey B","Patek (Remix)","Patek (Remix)",0,182029,FALSE,0.724,-6.595,0,0.0362,0.0289,0.000847,0.0666,0.479,112.995,4,7,"groove_dancehall",0.64
21518,"7Mm6Ji15oIfpONMyNjkkPo","Mwuana","Triller","Ja Må Ja Leva",32,231962,TRUE,0.636,-5.97,0,0.105,0.187,0,0.0968,0.351,151.108,4,7,"groove_dancehall",0.33
21525,"2zpHG3JcIbaA6p93O8iEQ0","D'yani;Weekday","P.L.F. (Pretty Little Freak)","P.L.F. (Pretty Little Freak)",30,208927,TRUE,0.416,-11.162,0,0.523,0.475,0,0.0941,0.61,149.457,4,7,"groove_dancehall",0.4
21533,"4OjT7IUBdhHgQQqrL7PHyS","General Degree","P'N'S","Mr. Do It Nice",30,211093,FALSE,0.448,-14.338,0,0.332,0.0835,0,0.153,0.716,93.336,4,7,"groove_dancehall",0.63
21540,"6qKrPJzLjhfiyEilHVBgDa","Goldn.B;Warren","Aurifère","Entre nous",31,216000,FALSE,0.9,-4.311,1,0.122,0.13,1.82e-05,0.219,0.618,89.924,4,7,"groove_dancehall",0.85
21556,"7MtpW10epOD3sUtURL5ZDu","DJ Neptune;Joeboy;Mr Eazi","Nobody","Nobody",50,145860,FALSE,0.866,-3.612,0,0.0354,0.251,2.5e-06,0.263,0.768,108.053,4,7,"groove_dancehall",0.79
21564,"06mcgnr3eJ8cF8ed0WfdPA","Peruzzi;Fireboy DML","Rum & Boogie","Southy Love",53,210048,TRUE,0.875,-5.018,0,0.0702,0.174,0.00709,0.0741,0.431,113.035,4,7,"groove_dancehall",0.57
21582,"5nunoXw8Lr71pGSoTZDp47","Chronic Law;Digi Doran","Four Four","Four Four",29,198666,TRUE,0.682,-3.734,0,0.267,0.0749,0,0.156,0.407,179.8,4,7,"groove_dancehall",0.5
21591,"58lDrxTmWYvZvPZyKJhJQ0","El Shaaki;Dibujo Mc;Filip Mota","Is Back","No Me Rendiré",31,186976,FALSE,0.697,-4.467,0,0.238,0.123,0,0.165,0.745,171.917,4,7,"groove_dancehall",0.75
21598,"6k24KbkuPRb8YlT3lqwpTV","Garnett Silk","Supa Chill","Zion in a Vision",0,220800,FALSE,0.552,-5.338,1,0.0846,0.0406,0,0.0641,0.716,81.273,4,7,"groove_dancehall",0.85
21610,"4WS09L62ZmRMYuAbtcR3ii","DJ Battle;Lexy Panterra","Twerk Lesson","Twerk Lesson",33,193666,FALSE,0.66,-5.02,0,0.138,0.0206,0.000152,0.426,0.42,100.043,4,7,"groove_dancehall",0.52
21619,"7xdHQUxVj0aOAvUOGLCYj3","Wizkid","Superstar","Love My Baby",40,246828,FALSE,0.833,-5.368,1,0.173,0.314,0,0.413,0.7,121.067,4,7,"groove_dancehall",0.6
21652,"1NxCtk7ybnoLfNBBnMg5oM","Amindi","nice","slideshow",53,101298,TRUE,0.623,-5.37,1,0.05,0.0011,0.0024,0.0504,0.902,76.972,4,7,"groove_dancehall",0.52
21667,"5s6YxDJaHIz08u1Wj0KGnZ","DeeWunn;Marcy Chin","Mek it Bunx Up (feat. Marcy Chin) - Single","Mek It Bunx Up",50,215700,TRUE,0.806,-4.191,0,0.296,0.00815,0,0.0811,0.634,99.999,4,7,"groove_dancehall",0.5
21668,"3YQ5NYk2legzeloibRyXn1","Marksman","Verified Choppa 2","Verified Choppa 2",58,139093,FALSE,0.604,-5.874,1,0.408,0.117,0,0.0855,0.449,199.995,4,7,"groove_dancehall",0.63
21678,"5Wwr2S7QZTR5PVJn6jhgdk","Chronixx","Dread & Terrible","Here Comes Trouble",59,234586,FALSE,0.786,-4.897,0,0.108,0.156,0,0.0658,0.786,83.495,4,7,"groove_dancehall",0.44
21688,"0SZnNcNheo7VHHdGY2cFTH","Chronic Law;Malie Donn","Rifle Power","Rifle Power",28,163160,TRUE,0.509,-7.426,1,0.245,0.33,0,0.15,0.206,137.215,5,7,"groove_dancehall",0.74
21696,"3j8uxBy2vD1weLy6nUU6xn","Duane Stephenson","Solace Riddim","Guns & Roses",0,225717,FALSE,0.547,-6.663,1,0.138,0.187,0,0.213,0.596,85.023,4,7,"groove_dancehall",0.81
21708,"3rt1J9ME2EHQDzx5vzqnVV","Sean Paul","She Doesn't Mind","She Doesn't Mind",37,227786,FALSE,0.776,-5.208,0,0.0693,0.000624,5.3e-06,0.207,0.622,120.015,4,7,"groove_dancehall",0.49
21749,"0SDlWm4dpSVQ1mePeT4VEc","General Knas;Kapten Röd","Charmörerna Med Vänner Presenterar General Knas","Delelelelelelelikat",28,225786,FALSE,0.804,-7.081,1,0.308,0.0582,0,0.17,0.823,175.103,4,7,"groove_dancehall",0.81
21758,"0s3ZpsAaVCbWxDhLq2B2wh","Fireboy DML","Laughter, Tears & Goosebumps","Scatter",48,164000,FALSE,0.802,-6.528,0,0.197,0.0428,0.0728,0.314,0.593,119.829,4,7,"groove_dancehall",0.45
21760,"4qOfbZChxf8ZLEaAxeotFB","Maleek Berry","Last Daze Of Summer","Eko Miami",50,211764,FALSE,0.659,-4.216,1,0.0381,0.0928,3.11e-06,0.122,0.567,102.122,4,7,"groove_dancehall",0.73
21761,"3o2fYQjDBzXgdXHxmNJcQD","Mavado;Anju Blaxx","Feel Like","Feel Like",26,184680,TRUE,0.599,-8.253,0,0.308,0.0576,6.71e-06,0.277,0.598,114.078,5,7,"groove_dancehall",0.4
21767,"3wDVBSoz1fXNguU1vu8EME","Govana","God N Gun","God N Gun",26,220865,TRUE,0.492,-10.189,0,0.512,0.535,7.3e-06,0.0995,0.203,131.98,5,7,"groove_dancehall",0.38
21776,"0OgtJSBtTb9szRJ6yb8ASD","Intence","Through The Gate","Through The Gate",27,168176,TRUE,0.471,-8.861,1,0.5,0.224,0,0.107,0.265,113.002,4,7,"groove_dancehall",0.38
21797,"1QRxAfOiGWKuOWW5Lb2qRM","Tanya Stephens","Tanya...Collection Of Hits","Big Ninja Bike",26,217946,FALSE,0.67,-5.87,1,0.46,0.0606,0,0.0675,0.583,189.019,4,7,"groove_dancehall",0.56
21804,"7yIsvwkZuWuskQrbtVWfrN","Fireboy DML","APOLLO","Tattoo",48,176842,FALSE,0.528,-7.723,1,0.0511,0.642,1.43e-06,0.105,0.482,95.104,4,7,"groove_dancehall",0.49
21806,"1VG8GP2PDlb8BqXhe1hF9q","Ghetto Boy","Sugar","Sugar",54,162935,TRUE,0.629,-7.371,0,0.269,0.178,4.82e-06,0.0799,0.597,108.852,4,7,"groove_dancehall",0.16
21808,"525D9ITdqJ3ygzrrxQTvtX","Da'ville","To Jireh","To Jireh",40,205767,FALSE,0.584,-6.23,1,0.255,0.0168,0,0.116,0.399,128.852,5,7,"groove_dancehall",0.59
21809,"4lzkcjVC7xT3HBIg2PjJ30","Wizkid","Ghetto Love","Ghetto Love",54,198367,FALSE,0.774,-4.553,0,0.235,0.206,0.000338,0.127,0.767,98.048,4,7,"groove_dancehall",0.51
21824,"2v52t6uTRjPIgnh9HHBAaf","Burna Boy","Twice As Tall","Onyeka (Baby)",52,202146,FALSE,0.685,-5.21,1,0.0776,0.155,0.00977,0.102,0.304,102.03,4,7,"groove_dancehall",0.8
21827,"3iRAoULKeeLRvgO12OQuLi","Chronic Law;ATTOMATIC RECORDS;DANSKY RECORDS","1law","COLD WORLD",26,172802,FALSE,0.672,-6.359,1,0.367,0.548,5.92e-06,0.129,0.303,86.821,4,7,"groove_dancehall",0.47
21834,"34fAFal5MCnRHnEZoV9OJa","Chronic Law","Press It Up","Press It Up",27,214717,TRUE,0.695,-7.714,1,0.454,0.152,0,0.368,0.791,105.561,4,7,"groove_dancehall",0.61
21837,"6berakBlPPFmyQFH5U7A9T","Goldn.B;Ken Vybz","Fight Ova Man","Fight Ova Man",27,196253,FALSE,0.586,-7.445,1,0.458,0.467,0,0.176,0.662,93.528,4,7,"groove_dancehall",0.83
21841,"0t4Cj30e0YENYFhZ3ED7kG","Johnny Osbourne","Johnny Osbourne - Most Wanted","Fally Ranking",28,226853,FALSE,0.692,-6.44,0,0.0484,0.0165,0,0.08,0.96,132.45,4,7,"groove_dancehall",0.86
21849,"0UpVMQC5OhiHM1pnV1BY39","Medina","Haffla Avenyn","Haffla avenyn",28,193586,FALSE,0.83,-5.342,1,0.0361,0.0586,0,0.357,0.945,128.024,4,7,"groove_dancehall",0.86
21855,"47MwPx7nbFUD5IGVhL38Zr","Skillibeng;F.S.","Whap Whap (feat. F.S.)","Whap Whap (feat. F.S.)",58,181115,FALSE,0.78,-6.458,0,0.232,0.207,9.76e-05,0.118,0.59,106.988,4,7,"groove_dancehall",0.43
21934,"5llVHPmV6I8HJoudVFeDFU","Squash;Lampshade Muzic","Destiny","Destiny",26,173041,TRUE,0.568,-3.453,1,0.111,0.5,0,0.124,0.617,102.055,4,7,"groove_dancehall",0.89
21962,"7xcuZ6it2nDqVUh0B29znm","K Lion","Rise Up","Rise Up",25,199415,TRUE,0.611,-7.626,0,0.297,0.377,0,0.158,0.329,100.025,4,7,"groove_dancehall",0.5
21967,"5Ky8pIlNDaSQtxfY45dqMw","Sarkodie;Oxlade","No Pressure","Non Living Thing (feat. Oxlade)",52,229345,TRUE,0.715,-4.923,0,0.0779,0.248,0,0.138,0.689,106.932,4,7,"groove_dancehall",0.58
21985,"3QuH98etXysoPyuRqrAUms","Vybz Kartel","Pon Di Gaza 2.0","Mother in Law",25,152440,FALSE,0.829,-6.577,1,0.419,0.0293,0,0.255,0.575,121.214,5,7,"groove_dancehall",0.75
21987,"2vazK0ONdtJkSS1NlG17iB","Elemental Raggamuffin;Manes del asis;Original Jahsman","Prende Tu Fuego","Prende Tu Fuego",26,218297,FALSE,0.668,-5.211,0,0.269,0.144,0,0.108,0.654,93.932,4,7,"groove_dancehall",0.72
21996,"1hZHoqfoput2nvxm51Qbfj","Lady Saw","My Way","Sweetest Ride",25,173120,FALSE,0.573,-4.864,1,0.189,0.354,0,0.251,0.434,66.956,3,7,"groove_dancehall",0.77
22007,"1GWtUkDQk7XC35r7kTPfqx","Gojira","Fortitude","Amazonia",59,300783,FALSE,0.954,-4.831,1,0.0417,0.00038,0.776,0.244,0.513,181.933,4,10,"extreme_metal",0.72
22024,"5uunXHE4kIW6uS4HWAXaOQ","Gojira","Magma","Silvera",62,212653,FALSE,0.959,-4.348,1,0.072,3.19e-06,0.0563,0.299,0.242,137.052,4,10,"extreme_metal",0.72
22029,"2T2vudIHfVMA5ychWTU3KA","Children Of Bodom","Are You Dead Yet?","Are You Dead Yet?",62,234880,FALSE,0.961,-3.011,1,0.0479,6.39e-06,0.14,0.308,0.416,96.009,4,10,"extreme_metal",0.71
22032,"2jmZTz7ZvG9BzkgdB2bpZb","Noxa","Legacy","Tanah Air Beta",33,92000,TRUE,0.959,-5.032,1,0.11,1.36e-06,0.949,0.0697,0.723,135.118,4,10,"extreme_metal",0.49
22033,"2EPzkz5PWXywX20xUArbyx","Death","Metal","Symbolic",0,392800,FALSE,0.982,-7.034,0,0.269,6.65e-05,0.0123,0.163,0.127,163.469,4,10,"extreme_metal",0.74
22036,"3id3xUGMCC2KZ1dy5puXP7","Goretrade","Ten Years Trading... (Bonus Remastered)","Human Butchery (Bonus Remastered)",35,163648,TRUE,0.983,-5.513,0,0.139,1.29e-06,0.878,0.0963,0.263,147.771,4,10,"extreme_metal",0.64
22050,"0dpFb4qv92TE9R00Lq4SAW","Death","Symbolic (Remastered Version)","Symbolic",53,392800,FALSE,0.982,-7.034,0,0.195,6.65e-05,0.0124,0.163,0.127,113.772,4,10,"extreme_metal",0.74
22070,"4PWxt9Fy949kUtkEi2GI5V","Gojira","L'Enfant Sauvage (Special Edition)","L'enfant sauvage",58,257733,FALSE,0.995,-5.698,1,0.185,0.000146,0.438,0.364,0.079,87.803,3,10,"extreme_metal",0.82
22072,"0WZZENH0kt3O2cBE8q5IRq","Arch Enemy","War Eternal","War Eternal",60,256053,TRUE,0.98,-4.369,0,0.0731,2.45e-05,0.163,0.129,0.285,155.045,4,10,"extreme_metal",0.79
22088,"6PiuCvBFIXLyUjhmmWgSRp","Surra","Parabéns aos Envolvidos","Parabéns aos Envolvidos",32,129839,TRUE,0.986,-4.233,0,0.12,0.000123,0.0513,0.0429,0.294,122.268,4,10,"extreme_metal",0.59
22091,"4ojxYY8trYxQBH06Ej6EPk","Overkill","Metal","Ignorance & Innocence",0,300373,FALSE,0.853,-6.728,1,0.0383,0.000531,0.0959,0.266,0.612,137.295,4,10,"extreme_metal",0.84
22095,"18qbcoPDMyUrQQ422XAskt","Black Pantera","Ascensão","Fogo Nos Racistas",32,219108,TRUE,0.989,-4.98,1,0.0895,0.0284,4.3e-05,0.122,0.307,111.916,4,10,"extreme_metal",0.58
22106,"4nJzTpnrmdSw6QuAXnZh4S","Betraying The Martyrs","Black Hole","Black Hole",56,231762,FALSE,0.861,-6.998,0,0.0493,0.00189,0.000539,0.0747,0.317,100.08,4,10,"extreme_metal",0.65
22107,"4nOn70NoLWKOwqSaSwbjR4","Eluveitie","Everything Remains (As It Never Was)","Isara",39,164413,FALSE,0.772,-4.349,0,0.0301,0.0497,0.0301,0.921,0.102,160.043,4,10,"extreme_metal",0.64
22110,"0m8RhhXiCagyqOpu9gFI6h","Insomnium","Heart Like a Grave (Bonus Tracks Version)","Heart Like a Grave",43,425144,FALSE,0.908,-8.728,0,0.0589,0.00652,0.141,0.068,0.0398,120.013,4,10,"extreme_metal",0.74
22117,"4XIyKIqxM2wo4mZJYPwoqa","Slaughter to Prevail","Kostolom","Bonebreaker",56,265000,TRUE,0.978,-1.451,0,0.111,0.00014,0.0251,0.307,0.266,100,4,10,"extreme_metal",0.75
22119,"45qJpIryGAyshvMJykZz7N","Hellcrust","Kalamaut","Kalamaut",28,95013,TRUE,0.981,-5.156,0,0.0998,0.655,0.777,0.294,0.0568,114.848,4,10,"extreme_metal",0.85
22127,"7cCNSbjWbWFtDCzwiuwFQq","Horrible Creatures","Internal Decline","Unprocessed",28,283872,FALSE,0.994,-5.863,1,0.112,2.31e-06,0.789,0.132,0.0683,105.058,4,10,"extreme_metal",0.71
22137,"3fQWrpsIRK1iwupKnrKFRv","The Acacia Strain","The Dead Walk","Whoa! Shut It Down",29,178226,FALSE,0.985,-4.813,1,0.232,8.12e-05,0.00384,0.224,0.151,121.567,4,10,"extreme_metal",0.69
22144,"35OKb5Kp34H1DHPU5JtIbE","DeadSquad","Horror Vision (original version 2009)","Dominasi Belati",30,225146,TRUE,0.949,-7.334,1,0.16,0.0329,7.96e-05,0.508,0.265,140.189,4,10,"extreme_metal",0.61
22148,"4nnT0qigMroABs8CZ84AZP","Transmetal","Las Alas del Emperador","Orgasmatron",30,218746,FALSE,0.771,-10.008,1,0.0399,0.0277,4.99e-05,0.313,0.179,156.59,4,10,"extreme_metal",0.78
22154,"27uDL5cAoMijxbDLfaz9Xv","Slayer","God Hates Us All","Bloodline",55,216973,FALSE,0.971,-3.876,1,0.125,5.7e-05,0.191,0.135,0.237,118.445,4,10,"extreme_metal",0.52
22155,"6AkUaYmKQMW7EhzqPqYB5n","Meshuggah","Immutable","Broken Cog",53,335146,TRUE,0.877,-8.976,0,0.0419,4.03e-06,0.932,0.108,0.614,174.031,3,10,"extreme_metal",0.82
22163,"7cRGgrQ9eg8V8A4FsSj020","Gojira","Fortitude","Another World",53,264947,FALSE,0.877,-5.044,0,0.0422,0.00121,0.783,0.119,0.238,169.999,4,10,"extreme_metal",0.77
22166,"5uqr3lCMWkyQx6yTvoMl4F","Meshuggah","Nothing","Rational Gaze",52,304493,FALSE,0.976,-5.157,1,0.0919,4.59e-05,0.0828,0.0944,0.243,133.01,1,10,"extreme_metal",0.76
22179,"3hR3XpJUNqanOaQyAtpWEe","Revenge The Fate","Bencana","Bencana",28,249464,FALSE,0.993,-3.251,1,0.101,0.000666,0.758,0.0893,0.156,114.989,4,10,"extreme_metal",0.81
22184,"0G5RmMCg44lYXCCg9EJ7qe","DevilDriver","Outlaws ’Til The End, Vol. 1","Copperhead Road",29,215382,FALSE,0.917,-4.973,1,0.063,0.000137,0.000362,0.34,0.245,95.364,4,10,"extreme_metal",0.81
22193,"6DkBV58ytrNKTgcB0UP5k8","Mercyful Fate","The Beginning","Doomed by the Living Dead",29,309893,TRUE,0.763,-12.813,1,0.0591,0.0379,0.00874,0.125,0.392,140.134,4,10,"extreme_metal",0.69
22196,"47rHibRVRgr6TR9ILGfxbL","Surra","Escorrendo Pelo Ralo","Ultraviolência",29,124323,FALSE,0.996,-2.906,1,0.11,0.00208,3.83e-05,0.178,0.399,115.97,4,10,"extreme_metal",0.81
22223,"6W2KBpMMXW17r7dPyqi8Iu","Slayer","Repentless","Repentless",58,199866,TRUE,0.994,-7.34,0,0.0625,3.65e-05,0.097,0.145,0.253,104.134,4,10,"extreme_metal",0.81
22226,"0cgz0Fa7bivUEwqI5Srj1P","Opeth","Ghost Reveries","Reverie / Harlequin Forest",47,699466,FALSE,0.785,-6.328,0,0.0439,0.00368,0.00922,0.331,0.256,146.46,4,10,"extreme_metal",0.69
22233,"39CJN5XXMaWOSn5LDtzzpM","Upon A Burning Body","The World Is My Enemy Now","Blood, Sweat and Tears",26,203386,FALSE,0.996,-2.088,1,0.183,0.000336,0,0.37,0.106,154.943,4,10,"extreme_metal",0.78
22235,"1hDMHBbFCXMMZCS2EOBYKV","In Flames","Subterranean","Ever Dying",26,263200,TRUE,0.826,-7.993,0,0.0591,0.00116,0.856,0.203,0.162,138.698,4,10,"extreme_metal",0.69
22243,"6zvhogCJ0WKzZh2A4OTYLe","Revenge The Fate","Redemption","Kashmir",27,189888,FALSE,0.982,-3.511,1,0.133,7.18e-05,0.137,0.277,0.143,111.959,4,10,"extreme_metal",0.59
22249,"6liTHubwS4DQKZYFlkSYYz","Burgerkill","Berkarat","Penjara Batin",27,306266,FALSE,0.936,-5.431,1,0.095,0.00152,1.63e-05,0.116,0.175,126.061,4,10,"extreme_metal",0.74
22254,"4HOVQhtjFCRGY9PnsLoR86","Soilwork","Verkligheten","Stålfågel",58,265823,FALSE,0.975,-4.487,0,0.105,5.69e-05,0.794,0.11,0.0762,105.024,4,10,"extreme_metal",0.61
22279,"4xEHOrM6L6J6KetxEVI3hd","Avatar","Schlacht","All Which Is Black",26,173453,FALSE,0.963,-5.199,1,0.0845,6.83e-06,0.0167,0.29,0.486,149.964,4,10,"extreme_metal",0.9
22281,"5U8xc7Ui7hC3o4X4KdR94V","Winds of Plague","Decimate the Weak","Angels of Debauchery",25,272693,FALSE,0.959,-3.658,0,0.0944,3.55e-05,0.675,0.133,0.28,114.399,4,10,"extreme_metal",0.85
22294,"7GIeXTjdlxsaejjYkFMoVt","Bury Your Dead","Cover Your Tracks","Vanilla Sky",26,143746,FALSE,0.965,-3.165,1,0.168,0.00203,0,0.191,0.323,98.612,4,10,"extreme_metal",0.49
22297,"788uJvGtd7xPaFhVHeN0bb","Cavalera Conspiracy","Groove Metal Roots & Branches","Ultra-Violent",0,226533,FALSE,0.976,-4.086,0,0.216,8.9e-05,0.00218,0.122,0.222,110.682,4,10,"extreme_metal",0.69
22298,"6XhnnT18lPYepY7pRdOkKo","Transmetal","El Llamado de la Hembra","Muerte Violenta",27,193329,FALSE,0.855,-10.094,1,0.0436,0.00489,0.0676,0.0545,0.678,176.415,4,10,"extreme_metal",0.83
22319,"6lKG104xIQ7DIuSYOnCqfZ","Opeth","Damnation","To Rid the Disease",43,378373,FALSE,0.487,-9.342,0,0.0249,0.0171,0.317,0.106,0.133,133.089,4,10,"extreme_metal",0.68
22338,"5ngF1bL8ot9MMqmiOtoLgS","For Today","Portraits","Ezekiel (The Visionary)",26,247133,FALSE,0.884,-4.58,1,0.136,0.000185,0.0313,0.431,0.198,100.897,4,10,"extreme_metal",0.75
22343,"6baV8rJfNXBpUcAjSXhgmn","Burgerkill","Adamantine","Superficial",26,371154,TRUE,0.917,-7.213,0,0.0812,0.00273,0.00293,0.278,0.205,129.123,3,10,"extreme_metal",0.55
22362,"5qkjGpDykm8dbDaPpllZBR","Betrayer","The Best Of","Pasukan Berani Mati",25,218426,FALSE,0.934,-3.296,1,0.0493,8.66e-05,0.11,0.0908,0.56,147.876,4,10,"extreme_metal",0.87
22364,"7kPZ2v5kmx0PTI5zV6mvDz","Slayer","God Hates Us All","Disciple",50,215693,TRUE,0.994,-3.66,1,0.227,0.000888,0.0156,0.168,0.0767,101.02,4,10,"extreme_metal",0.41
22372,"4DorWBVJGoOKyvQKocHK2f","Skinless","Progression Towards Evil","Extermination of My Filthy Species",24,244413,FALSE,0.824,-7.813,1,0.0842,3.33e-05,0.454,0.401,0.104,92.309,4,10,"extreme_metal",0.7
22375,"0tQRo9uLuxdXKLDRpLE2jP","Traitors","Repent","DWELL",24,240619,TRUE,0.97,-4.771,1,0.271,7.84e-05,0.00292,0.187,0.0807,74.938,4,10,"extreme_metal",0.84
22384,"0ipfDQHqD5VAjQbI24ojcZ","Bloodred Hourglass","Where the Oceans Burn","Oceans on Fire",24,275133,FALSE,0.974,-4.199,0,0.0795,0.000127,4.53e-05,0.371,0.114,108.02,4,10,"extreme_metal",0.59
22385,"1JAMQgaE6RaYk3L81nn3fq","Paradise Lost","Icon","Dying Freedom",25,223760,FALSE,0.92,-9.214,1,0.0702,0.0105,1.42e-05,0.192,0.372,130.189,4,10,"extreme_metal",0.45
22395,"39Apu2gqWThmLWtuV0Xxl6","Fit For An Autopsy","Hellbound","Dead In The Dirt",24,206426,FALSE,0.995,-2.235,0,0.162,7.76e-05,0,0.341,0.0566,116.398,4,10,"extreme_metal",0.73
22401,"23vSivmGgbH4KpIzhUNCGl","Chelsea Grin","Eternal Nightmare","Hostage",13,196002,TRUE,0.987,-4.794,0,0.133,2.52e-05,0.275,0.365,0.213,129.981,4,10,"extreme_metal",0.75
22411,"6tGyLydK5lNXz8Aw44wRj8","Arch Enemy","Will To Power","The World Is Yours",52,293466,FALSE,0.988,-4.146,1,0.152,6.04e-05,0.485,0.186,0.0992,184.849,4,10,"extreme_metal",0.91
22424,"0f6d8jwE07vcYCypcCFM1D","Gatecreeper","Sonoran Depravation","Rotting as One",25,147785,FALSE,0.875,-6.33,0,0.0413,1.08e-06,0.633,0.661,0.23,112.977,4,10,"extreme_metal",0.91
22431,"4ZSMuhXGEOniQlBI6Nns5D","Eisregen","Krebskollektion","Blutgeil",24,258680,FALSE,0.882,-5.546,1,0.0434,0.000116,0.00317,0.326,0.757,142.817,4,10,"extreme_metal",0.71
22433,"15fNOU93CnwoNRKSVKsZMg","Varials","Failure//Control","No Idols",25,147000,TRUE,0.944,-5.953,1,0.122,0.000148,0.342,0.101,0.23,87.957,4,10,"extreme_metal",0.71
22439,"7mBFKY2XoYU6MkERazfaZx","Nervosa","Victim of Yourself","Into Moshpit",24,223240,FALSE,0.993,-5.736,1,0.0769,4.04e-05,0.0283,0.0942,0.297,100.529,4,10,"extreme_metal",0.91
22450,"2EUR6ueSTUDvxCogLDFcnn","I See Stars","Treehouse","Calm Snow",52,191766,FALSE,0.873,-4.128,0,0.0833,0.00341,0.000229,0.136,0.185,90.003,4,10,"extreme_metal",0.69
22456,"5JxyDHWj4XMRgvuRzWd9JK","Dimmu Borgir","Abrahadabra","Gateways",49,310026,FALSE,0.943,-4.377,0,0.107,0.000224,0.000132,0.168,0.15,165.144,5,10,"extreme_metal",0.7
22468,"1pF0MdgFm92mwM7sxJOves","Fit For An Autopsy","Oh What the Future Holds","Far from Heaven",53,284173,TRUE,0.968,-4.058,1,0.0927,0.000801,0.00566,0.312,0.239,91.578,4,10,"extreme_metal",0.78
22475,"4KHHzuxqhLXDXiZ3lOJ17W","Finntroll","Midnattens Widunder","Rivfader",24,247533,FALSE,0.965,-3.721,0,0.162,3.32e-06,0.891,0.194,0.447,92.693,4,10,"extreme_metal",0.73
22494,"6Re0uKy6U63UiHICSY7WV8","DeadSquad","Anatomi Dosa 2.0","Anatomi Dosa 2.0",23,179626,TRUE,0.971,-5.354,1,0.185,0.000147,0.939,0.196,0.142,144.928,4,10,"extreme_metal",0.83
22495,"2N5gSlhembffRYnLZamklI","Repugnant","Epitome of Darkness","Spawn of Pure Malevolence",23,192973,FALSE,0.988,-3.169,1,0.118,6.04e-06,0.209,0.0997,0.0694,121.005,4,10,"extreme_metal",0.83
22514,"2aLki0WYDLwauQGBZwlK6R","Finntroll","Jaktens Tid","Skogens Hämnd",24,246426,FALSE,0.987,-3.842,0,0.205,2.42e-06,0.000751,0.59,0.283,188.388,4,10,"extreme_metal",0.83
22524,"725psKOmvjhV8lZ5X1YJ4o","The Agonist","Eye of Providence","Disconnect Me",23,212466,FALSE,0.99,-3.537,1,0.217,4.54e-06,0.0391,0.0797,0.0371,119.492,4,10,"extreme_metal",0.62
22536,"4IQdH26UaLSrIuH89WhXUA","Finntroll","Nifelvind","Blodmarsch",24,131493,FALSE,0.604,-11.533,1,0.0402,0.00221,0.604,0.57,0.245,100.036,4,10,"extreme_metal",0.9
22551,"6j726iGVPshdVnmWOk2bKp","Chelsea Grin","Origin of Sin","Origin of Sin",51,265890,FALSE,0.99,-5.278,1,0.104,0.000671,0.00136,0.106,0.0977,130.037,4,10,"extreme_metal",0.64
22556,"2jlByGJnY8QfOFaHZapMIy","Here Comes The Kraken","King of Sorrow","King of Sorrow",23,241576,FALSE,0.954,-4.452,0,0.123,6.33e-05,0.284,0.124,0.145,129.207,4,10,"extreme_metal",0.83
22561,"6ahKJEP3jK2TnDUwHa4sI9","Behemoth","Opvs Contra Natvram","Post-God Nirvana",49,190520,TRUE,0.685,-9.227,1,0.0525,0.104,0.357,0.189,0.0395,79.99,4,10,"extreme_metal",0.82
22565,"4pwKVmEsLZAIFW05f88ZT4","Testament","The Formation of Damnation","More Than Meets the Eye",52,273226,FALSE,0.984,-4.294,1,0.15,6.44e-06,0.515,0.0678,0.381,155.055,4,10,"extreme_metal",0.88
22571,"6GYyGwbJeHyFj9po98ZGpS","Meshuggah","The Violent Sleep of Reason","Born in Dissonance",48,274586,FALSE,0.986,-5.059,1,0.102,4.09e-06,0.00625,0.0535,0.227,106.161,4,10,"extreme_metal",0.75
22574,"6XATAMxyEKbRGSlvkMbXPB","Torture Squad","Pandemonium","Horror and Torture",22,303386,TRUE,0.975,-6.897,0,0.0712,3.8e-05,0.0767,0.137,0.348,106.89,4,10,"extreme_metal",0.83
22585,"4vWB3h09KFwuS62Ex7NllR","Infant Annihilator","The Elysian Grandeval Galèriarch","Soil the Stillborn",46,239696,TRUE,0.981,-2.635,1,0.299,7.94e-06,0.874,0.325,0.134,160.114,4,10,"extreme_metal",0.77
22598,"4qD1JzL9Dog8dbot4FAEZQ","Transmetal","Velóz y Devastador","Exhumado",23,246920,FALSE,0.879,-11.445,0,0.0438,0.000139,0.538,0.0454,0.389,138.641,4,10,"extreme_metal",0.69
22601,"55phx17AxbonvXWipSlHON","Destinity","In Continuum","Reflections",43,293000,FALSE,0.973,-6.024,0,0.08,4.43e-06,0.00763,0.133,0.258,120.02,4,10,"extreme_metal",0.46
22615,"795PAtDUioX50DB9QQ0I5S","Vulvodynia","Praenuntius Infiniti","Ravenous Revolution",23,234424,FALSE,0.95,-3.606,0,0.169,3.65e-05,0.94,0.29,0.0913,119.968,4,10,"extreme_metal",0.76
22652,"1vNSWOXizAsU6n7T6jHw5h","Whitechapel","The Valley","When a Demon Defiles a Witch",49,304060,FALSE,0.94,-5.386,0,0.192,0.000246,0.715,0.104,0.0365,116.605,4,10,"extreme_metal",0.9
22653,"6e2uLOOroY1cW8Tu97HYfc","Children Of Bodom","Follow The Reaper","Children Of Decadence",40,334760,TRUE,0.986,-3.817,1,0.127,3.66e-05,0.791,0.201,0.306,143.969,4,10,"extreme_metal",0.76
22656,"6Ii0oZi5MJUSaoBqgDoNbe","Suffokate","No Mercy, No Forgiveness","Force Fed",22,226040,TRUE,0.907,-2.848,1,0.103,0.00017,0.779,0.0312,0.304,125.03,4,10,"extreme_metal",0.83
22665,"3gQjip4rD3Aq2vvDb9mjAj","Attila","Soundtrack to a Party","Soda in the Water Cup",22,228653,FALSE,0.978,-4.823,1,0.234,0.000342,0.129,0.405,0.153,172.866,3,10,"extreme_metal",0.82
22694,"1tljL0wMsgPrmDz3KqpuDT","Nervosa","Perpetual Chaos","Kings of Domination",22,221007,FALSE,0.933,-8.366,1,0.0447,4.05e-06,0.0447,0.13,0.12,139.982,4,10,"extreme_metal",0.43
22699,"0J5ZaVBbhIW1KjP6WSvfAT","Burgerkill","Berkarat","Terlilit Asa",22,278320,FALSE,0.941,-6.183,0,0.063,0.00111,4.41e-05,0.0641,0.132,87.494,3,10,"extreme_metal",0.84
22712,"2hBEqHY8yw0j7sGX6tT09o","The Acacia Strain","Continent","Skynet",22,262200,TRUE,0.94,-5.111,1,0.168,0.00245,0.0055,0.18,0.0996,179.982,4,10,"extreme_metal",0.72
22713,"6SApp40IgmzwtQubIjB3Ce","DevilDriver","Trust No One","Bad Deeds",22,226104,TRUE,0.985,-4.909,1,0.244,0.000193,2.6e-05,0.422,0.191,198.444,4,10,"extreme_metal",0.78
22725,"7B53YWR8f7vYY6FBzsUY3N","iwrestledabearonce","Post-Millennial Noise","Green Eyes",0,216360,FALSE,0.935,-3.387,1,0.165,0.00062,0.077,0.199,0.358,159.879,4,10,"extreme_metal",0.57
22742,"35gzObZJmiy40OIBzBFil0","At The Gates","At War with Reality","Order from Chaos",21,205546,FALSE,0.975,-6.894,1,0.0544,1.59e-05,0.0954,0.0743,0.112,120.009,3,10,"extreme_metal",0.79
22753,"3ffljpjKfPISFjCt4zpYUk","Make Them Suffer","Hollowed Heart","Hollowed Heart",11,231899,FALSE,0.985,-2.869,1,0.164,5.67e-05,0.000497,0.154,0.364,90.814,4,10,"extreme_metal",0.85
22758,"3PWLkx5sHMLwfWMih0CjbZ","De Profundis","The Blinding Light of Faith","Obsidian Spires",22,302053,FALSE,0.953,-6.137,1,0.103,0.000273,0.00473,0.174,0.246,200.661,4,10,"extreme_metal",0.69
22760,"74SPa1RfRjNh0jj9BYuPxI","Thy Art Is Murder","Holy War","Holy War",50,240240,FALSE,0.995,-3.78,1,0.26,0.000395,0.000551,0.335,0.147,90.753,3,10,"extreme_metal",0.78
22768,"4jAz4qncdxl1kyvzi6l2We","Eulogy","Live and Raw","Fading Sun - Live",22,274924,FALSE,0.895,-8.18,1,0.0791,0.000354,0.309,0.331,0.126,88.847,4,10,"extreme_metal",0.71
22801,"2Ktelx9o1yDeBGBW4CaVGL","In Element","Shapes of Eternity (Rarities and Aimless Sounds)","Crystallize (Remix)",36,314000,FALSE,0.94,-6.208,0,0.295,0.157,0.0118,0.12,0.17,180.033,4,10,"extreme_metal",0.82
22803,"2Opl36RP0zmaF74JF6jnN4","In Element","Lyra","Melancholia",36,314645,FALSE,0.98,-7.105,1,0.188,8.65e-06,0.00144,0.334,0.151,127.002,4,10,"extreme_metal",0.66
22804,"6ptIxIDLyhSizHXT84IyOs","In Element","Lyra","Adagio for Strings",36,217845,FALSE,0.926,-9.116,0,0.123,0.00102,0.883,0.0877,0.0402,195.056,3,10,"extreme_metal",0.86
22807,"7qGkYGgoiOmPeOkdOpsFOX","Raunchy","Vices.Virtues.Visions.","Eyes of a Storm",22,316866,FALSE,0.98,-4.181,1,0.0951,0.000388,0.00031,0.409,0.337,128.002,4,10,"extreme_metal",0.82
22812,"1iQ4IYs9XqEyCoe5U2audW","Finntroll","Nifelvind","Den Frusna Munnen",22,244933,FALSE,0.972,-5.152,0,0.0645,0.000166,0.18,0.0505,0.568,95.029,4,10,"extreme_metal",0.79
22813,"5gKaYooKczqaEsqPv88lpa","Upon A Burning Body","The World Is Ours","Donnie Brasco",21,229293,FALSE,0.974,-4.89,0,0.186,0.00207,1.18e-05,0.16,0.286,136.113,4,10,"extreme_metal",0.76
22823,"3oxjWhYHcHE3xtrpQulOmd","Exodus","Pleasures of the Flesh","Seeds of Hate",22,297306,FALSE,0.947,-5.313,1,0.109,2.22e-06,0.197,0.247,0.23,89.54,4,10,"extreme_metal",0.84
22824,"4BbotX1WXsgeBcMsxzpeer","Amon Amarth","The Great Heathen Army","Heidrun",54,282853,FALSE,0.978,-6.711,1,0.0406,0.000483,0.000186,0.244,0.418,130.011,4,10,"extreme_metal",0.33
22848,"5noXDjLiHIkv54lOOkR1wi","Burgerkill","Berkarat","Luka",22,317333,FALSE,0.952,-5.227,1,0.0664,0.00152,0.000944,0.0655,0.143,104.36,4,10,"extreme_metal",0.51
22860,"6vzyWQeFSaJCEjfWC1peBZ","Children Of Bodom","Follow The Reaper","Follow The Reaper",43,227493,TRUE,0.948,-3.465,1,0.0699,4.15e-05,0.732,0.665,0.289,95.897,4,10,"extreme_metal",0.92
22883,"0aczJXo71p9tVHXALQKIE9","Brujeria","Raza Odiada","Ritmons Satanicos",20,413306,FALSE,0.696,-7.028,0,0.0491,0.017,0.000365,0.0893,0.202,134.722,4,10,"extreme_metal",0.87
22894,"0nsgyfBlCx8JNbmcxlu9Wu","Burgerkill","Venomous","Through the Shine",22,266146,TRUE,0.999,-1.792,1,0.137,0.00251,2.69e-05,0.176,0.0905,174.037,4,10,"extreme_metal",0.7
22899,"2W5QW3laDMAfAzRySDfqwp","Transmetal","Velóz y Devastador","Muerto en la Cruz",21,195326,FALSE,0.875,-14.23,0,0.0583,9.01e-05,0.678,0.148,0.47,106.186,4,10,"extreme_metal",0.71
22922,"13ORo6nuNhNLniacmJVocI","Deicide","Serpents of the Light","The Truth Above",20,165573,FALSE,0.968,-5.706,1,0.135,0.00966,0.952,0.162,0.0792,100.255,4,10,"extreme_metal",0.59
22925,"0v3WyEt2g04WFpfVwcnfXm","Candlemass","Epicus Doomicus Metallicus","Solitude",49,338440,FALSE,0.704,-4.692,1,0.0342,0.000135,0.000384,0.15,0.179,74.6,4,10,"extreme_metal",0.55
22934,"15Fp9Tll3vmaimwaIPgdQi","Sepultura","The Complete Max Cavalera Collection 1987-1996","Troops of Doom",22,199706,FALSE,0.982,-7.031,1,0.119,0.00029,0.685,0.167,0.0733,121.521,4,10,"extreme_metal",0.8
22939,"2gVN8sXB7FxbdBvSHaZYHM","Deicide","Serpents of the Light","Creatures of Habit",20,187493,TRUE,0.99,-5.143,1,0.139,0.0597,0.93,0.263,0.238,176.089,4,10,"extreme_metal",0.69
22950,"6t1Bmjef4I067PKxd6CRlQ","Darkest Hour","Deliver Us","DEMON(S)",50,228920,FALSE,0.957,-4.391,1,0.144,2.18e-06,0.0892,0.365,0.105,80.773,4,10,"extreme_metal",0.83
22952,"3xuOmbJpeVFsMY7dh0Pc3e","August Burns Red","Guardians","Paramount",50,288946,FALSE,0.968,-4.902,1,0.173,4.73e-05,0.0699,0.136,0.237,156.293,4,10,"extreme_metal",0.7
22959,"2CgQ5eYlfzPzuh1OKWaJuB","Within Destruction","Lotus","Toxic",47,214105,TRUE,0.938,-3.466,1,0.0831,7.8e-06,0.00527,0.331,0.217,96.342,4,10,"extreme_metal",0.73
22960,"4X5norWDCL1vfqFL0eaXMA","Xaon","The Lethean","And yet I Smile",20,448533,FALSE,0.865,-9.286,1,0.0605,3.02e-05,0.0567,0.244,0.293,105,4,10,"extreme_metal",0.82
22973,"0cKUBmzC4GmClTPZT6hqVM","D.F.C.","Sequência Animalesca De Bicudas E Giratórias","Puta Que Pariu",23,88058,TRUE,0.946,-6.99,0,0.467,0.0016,7e-06,0.783,0.24,133.702,3,10,"extreme_metal",0.72
22997,"6us7QqYJGMGZqej8dKCFGC","Bury Your Dead","Cover Your Tracks","Mission: Impossible",21,162973,TRUE,0.976,-3.552,0,0.279,3.28e-05,0.0106,0.311,0.488,83.527,4,10,"extreme_metal",0.83
23000,"6UqRGwjwYL0stXbaodTxwo","Tez Cadey","Seve (Radio Edit)","Seve - Radio Edit",69,210853,FALSE,0.831,-7.321,1,0.0456,0.444,0.00304,0.0769,0.448,121.034,4,8,"alt_electronic_pop",0.66
23005,"0dkV8DuMfWAVhfi3iMnIX3","Syn Cole","Feel Good","Feel Good",60,181935,FALSE,0.883,-3.466,0,0.0313,0.168,0.696,0.0693,0.331,123.973,4,8,"alt_electronic_pop",0.76
23007,"0gn93i7HJt0calph67R5Wu","HUGEL;Amber Van Day","WTF (feat. Amber Van Day)","WTF (feat. Amber Van Day)",64,160686,TRUE,0.737,-4.538,0,0.0526,0.0602,1.12e-06,0.704,0.865,123.985,4,8,"alt_electronic_pop",0.68
23015,"0kGDEDnd3OsvIq7zyLo1zG","James Hype;Miggy Dela Rosa;Lazza","HOT PARTY BACK TO SCHOOL 2022","Ferrari - Remix",4,172000,FALSE,0.714,-5.769,0,0.0643,0.0973,0,0.0936,0.62,124.953,4,8,"alt_electronic_pop",0.8
23016,"3PoWhCAPuEcdK3HQxPzNsM","James Hype;Miggy Dela Rosa","Electro sounds","Ferrari",0,186661,FALSE,0.69,-7.877,0,0.0493,0.0127,6e-05,0.0526,0.692,125.004,4,8,"alt_electronic_pop",0.62
23019,"7efeim37m5pprC4BNHyet1","James Hype;Miggy Dela Rosa","Beats Electro Mood","Ferrari",0,186661,FALSE,0.69,-7.877,0,0.0493,0.0127,6e-05,0.0526,0.692,125.004,4,8,"alt_electronic_pop",0.69
23025,"4fkqyLMUKC77EvOSGUWUhr","James Hype;Miggy Dela Rosa","Mega Hits Autumn/Fall 2022","Ferrari",1,186661,FALSE,0.69,-7.877,0,0.0493,0.0127,6e-05,0.0526,0.692,125.004,4,8,"alt_electronic_pop",0.7
23052,"44xO8889yUQHn70P73NILS","Navos","Believe Me","Believe Me",71,188260,FALSE,0.876,-5.572,0,0.0408,0.129,1.39e-06,0.29,0.645,124.999,4,8,"alt_electronic_pop",0.72
23053,"5ilKR6ucV43TXQFLoLVpsb","Mahmut Orhan;Colonel Bagshot","ONE","6 Days",57,260559,FALSE,0.699,-5.965,1,0.0333,0.0293,0.195,0.144,0.332,104.998,4,8,"alt_electronic_pop",0.41
23054,"3MK2rvp7XjarzRKFrPGMOb","James Hype;Tita Lau","Disconnected","Disconnected",63,194523,FALSE,0.811,-6.476,1,0.109,0.00579,0.176,0.0702,0.594,125.995,4,8,"alt_electronic_pop",0.75
23063,"7J2JnVWhxySGf48iJgk6pv","Cut Off","Escuro","Escuro",48,285913,FALSE,0.646,-8.136,0,0.0652,0.0419,0.438,0.18,0.166,115.01,4,8,"alt_electronic_pop",0.73
23068,"79OUttYM7WQUzEtsugTwEX","Ilkan Gunuc;Emrah Turken","Polkka","Polkka",60,136320,FALSE,0.738,-8.383,0,0.132,0.157,0.513,0.348,0.294,125.097,4,8,"alt_electronic_pop",0.67
23071,"0oCNRAmwLo4zHDpCKpjQtI","James Hype;Miggy Dela Rosa;Oliver Heldens","Ferrari (Oliver Heldens Remix)","Ferrari - Oliver Heldens Remix",68,188640,FALSE,0.903,-5.64,0,0.0427,0.00806,0.252,0.0998,0.694,124.957,4,8,"alt_electronic_pop",0.52
23072,"7pDdE5FLqcNCvjxzRzm80r","Syn Cole;Kaspara","Breathe (feat. kaspara)","Breathe (feat. kaspara)",61,175081,FALSE,0.749,-5.214,1,0.0314,0.0546,4.39e-06,0.166,0.589,121.988,4,8,"alt_electronic_pop",0.55
23074,"4R4gOp9ybG85RqbrY7JELc","Syn Cole;MIYA MIYA","Feels Like Love (feat. MIYA MIYA)","Feels Like Love (feat. MIYA MIYA)",64,169672,FALSE,0.657,-5.329,0,0.042,0.0696,3.41e-06,0.0855,0.772,122.079,4,8,"alt_electronic_pop",0.83
23090,"6MV34POZtcvVJ6rg1Uxljl","Black Coffee","Afrodance 2022","Superman",0,433626,FALSE,0.689,-9.539,0,0.0706,0.0619,0.709,0.12,0.734,123.977,4,8,"alt_electronic_pop",0.49
23103,"3BbD2sqk7P7Rc9V0KF9o4s","Joshwa;Lee Foss","My Humps","My Humps",67,186124,FALSE,0.79,-8.412,0,0.0672,0.0418,0.00615,0.0746,0.587,129.005,4,8,"alt_electronic_pop",0.72
23112,"4m3ljlctmzWajEZPgxXOBb","TCTS;Maroox","Go","Go",67,142349,FALSE,0.853,-5.671,0,0.0503,0.0127,0.000685,0.199,0.604,124.981,4,8,"alt_electronic_pop",0.81
23114,"2CNQXaZCnqxYXehrSUzHTa","Brando","All Night","All Night",65,173251,FALSE,0.696,-5.363,0,0.0316,0.0852,1.17e-06,0.12,0.558,119.992,4,8,"alt_electronic_pop",0.37
23121,"2rqTZrpsqlbzIz3wQ7s2Q1","Brando","Yes or No","Yes or No",64,175570,FALSE,0.655,-5.602,1,0.0401,0.106,0.00397,0.131,0.67,118.025,4,8,"alt_electronic_pop",0.6
23123,"0JZv3A589Gt4wFSHxOYWxq","Ilkan Gunuc;Emrah Turken","My Name Is Tokyo","My Name Is Tokyo",50,172216,FALSE,0.81,-3.659,0,0.0344,0.000624,0.326,0.0725,0.393,119.988,4,8,"alt_electronic_pop",0.83
23126,"5fJX0XsZwvAtiE5M6tUF1y","Deep Chills;Tilsen","Stay Yours","Stay Yours",55,128397,FALSE,0.482,-6.404,1,0.242,0.652,0,0.18,0.628,200.116,4,8,"alt_electronic_pop",0.59
23137,"53KAjgxWKEqw7nOufSKRQf","Robert Nickson","ASOT 1090 - A State Of Trance Episode 1090","Rocket Surgery (ASOT 1090)",41,171190,FALSE,0.936,-8.562,1,0.0428,0.000138,0.866,0.125,0.0803,133.949,4,8,"alt_electronic_pop",0.64
23138,"0Nc32yu021CfDQofoBfIfd","TCTS;Flash 89;Lilly Ahlberg","Armada Music - ADE 2022","Is It A Lie",2,180952,FALSE,0.91,-5.066,1,0.0336,0.0181,0.298,0.278,0.419,126.018,4,8,"alt_electronic_pop",0.6
23164,"6h8NuIBrwMcXkoLZNPqCzt","Furkan Sert;Elnur Mikayilov","Alone","Alone",49,225226,FALSE,0.535,-6.881,0,0.0423,0.309,0.417,0.106,0.229,99.99,4,8,"alt_electronic_pop",0.7
23170,"4ANmPUsA3LAvOSP8xen6Vt","Tchami;Marten Hørger","The Calling","The Calling",64,197760,FALSE,0.873,-6.301,1,0.0627,0.00867,0.151,0.244,0.348,124.995,4,8,"alt_electronic_pop",0.74
23174,"3IJbDajiJ4EUu1iGsNzrqU","Carta","Liang","Liang",56,150234,FALSE,0.934,-4.975,1,0.0317,9.2e-05,0.786,0.366,0.0853,128.031,4,8,"alt_electronic_pop",0.62
23177,"7sfpydlJrHpTi533idUuZV","Lucas Estrada;PLANT","Medicine","Medicine",62,158031,FALSE,0.715,-8.043,1,0.0406,0.614,0.069,0.0974,0.63,120.026,4,8,"alt_electronic_pop",0.5
23195,"18KVIouF8klKE9HdqdpUxd","Chapter & Verse","Lights Go Out","Lights Go Out",60,226666,FALSE,0.888,-5.909,0,0.0474,0.0975,0.313,0.0899,0.278,126.081,4,8,"alt_electronic_pop",0.73
23201,"7MCgEv2ovQuxfijz2WZ4kH","The Him;Son Mieux","Feels Like Home","Feels Like Home - Radio Edit",52,184918,FALSE,0.827,-3.792,1,0.0926,0.0265,5.88e-05,0.166,0.498,122.057,4,8,"alt_electronic_pop",0.75
23220,"6ixjgNCGvFTXTO1fGqltw1","HUGEL","Back to Life","Back to Life",52,126972,FALSE,0.842,-5.658,1,0.125,0.0275,0.00085,0.367,0.66,125.081,4,8,"alt_electronic_pop",0.67
23221,"2Od3Ysez43Zq6SgUijASW1","Meynberg;Joseph Feinstein","Lights Go Down","Lights Go Down",62,158769,FALSE,0.554,-9.015,1,0.0482,0.2,0.0792,0.11,0.76,121.025,4,8,"alt_electronic_pop",0.6
23227,"6lQzNJLgIn4uEK4NUMUcjv","CamelPhat;Elderbrook","Dark Matter","Dance with My Ghost (feat. Elderbrook)",54,246944,FALSE,0.802,-7.887,0,0.0407,0.00221,0.396,0.0887,0.154,123.008,4,8,"alt_electronic_pop",0.76
23230,"7zIWzMjIQGMqg0fal19JBo","Syn Cole","Like This","Like This",58,166935,FALSE,0.812,-5.363,0,0.0369,0.223,0.00114,0.0676,0.814,124.024,4,8,"alt_electronic_pop",0.57
23231,"5CvaeEX9dU9ZhwyoVIIgTO","Nora En Pure","Gratitude","Gratitude",56,210000,FALSE,0.943,-6.848,0,0.044,0.105,0.964,0.185,0.0915,123.989,4,8,"alt_electronic_pop",0.72
23236,"4FIGor0hvkEyu8ZAnjWAe7","Nora Van Elken","House Of The Rising Sun","House Of The Rising Sun",61,138796,FALSE,0.776,-6.892,0,0.0557,0.014,0.216,0.838,0.127,117.99,4,8,"alt_electronic_pop",0.65
23238,"2WaA5bVXcIqqpz9j0gd7qK","Michael Calfan","Resurrection","Resurrection - Axwell's Recut Radio Version",59,166874,FALSE,0.952,-2.492,1,0.0359,0.0318,0.678,0.216,0.622,128.076,4,8,"alt_electronic_pop",0.66
23244,"0QIxgtgX9oV8dXua5UPEdU","Mat.Joe;Ninetoes","Toolroom Amsterdam 2022","Clove",3,186240,FALSE,0.956,-8.004,0,0.0618,0.0645,0.282,0.598,0.428,125.022,4,8,"alt_electronic_pop",0.56
23247,"5Qd8V1vtbxkx7txNXtKiUW","Stephan Bodzin;Mathew Jonson","Armada Electronic Elements - ADE 2022","Tron - Mathew Jonson's Vca Dub",2,565041,FALSE,0.661,-12.998,1,0.0686,0.00216,0.834,0.0856,0.167,124.005,4,8,"alt_electronic_pop",0.65
23253,"4XjwHKoDGFWHFi45edRl7y","Brando","Look Into My Eyes","Look Into My Eyes",59,154653,FALSE,0.542,-7.138,1,0.0541,0.121,5.25e-05,0.123,0.435,115.987,4,8,"alt_electronic_pop",0.79
23265,"4cMBFU3ZjlbscquikM8sM7","Deep Chills;Not Famous","Backfire","Backfire",37,184800,FALSE,0.491,-7.053,1,0.0479,0.329,4.16e-06,0.189,0.847,100.001,4,8,"alt_electronic_pop",0.5
23266,"649uvcXpUZG504aZF19ilf","Lucas Estrada;Charming Horses;Sarah de Warren","White Flag","White Flag",52,198974,FALSE,0.784,-5.761,0,0.0306,0.0468,0.218,0.104,0.463,116.996,4,8,"alt_electronic_pop",0.67
23278,"7IabOF0F1Cx4eWe7FjdpzN","Fini;Francis Skyes","Under the Sun","Under the Sun",62,234106,FALSE,0.61,-10.075,1,0.0368,0.533,0.000631,0.379,0.332,119.975,4,8,"alt_electronic_pop",0.56
23280,"2oUSxhTzXlYyM7D31ohQok","Deep Chills;Brendan Mills","Nalu","Nalu",56,149000,FALSE,0.638,-6.141,0,0.031,0.142,0.0365,0.245,0.234,120.087,4,8,"alt_electronic_pop",0.74
23281,"6EJuJAg1Ydjkoj9SCwMUyN","HUGEL;Jude & Frank;Twolate","La candela viva","La candela viva",51,174600,FALSE,0.987,-4.069,0,0.0706,0.000243,0.744,0.129,0.343,125.021,4,8,"alt_electronic_pop",0.91
23285,"37107dPB28NderX4Tpbirg","Syn Cole;MKLA","Side By Side (with MKLA)","Side By Side (with MKLA)",51,153870,FALSE,0.794,-6.798,0,0.0379,0.0198,3.67e-05,0.1,0.385,123.955,4,8,"alt_electronic_pop",0.42
23297,"56Ntm7t5pnPlusR7tsSt5t","Furkan Sert;Ashal S","Remixes Amsterdam Dance2022","Turkey Remixes - Ashal S Eastern Assassin Remix",0,546895,FALSE,0.951,-5.921,0,0.0417,5.19e-05,0.867,0.0756,0.137,122.009,4,8,"alt_electronic_pop",0.58
23311,"1ekF2HmhloCnqShvnyEVGb","Tep No","Chasing Highs","You Know That Feel Off Of Me",55,218155,FALSE,0.539,-9.538,0,0.0376,0.131,0,0.19,0.431,115.042,4,8,"alt_electronic_pop",0.45
23314,"3sFye3qcHM7mJXwrIwfvj6","Starley","Love Is Love","Love Is Love",43,209660,FALSE,0.765,-3.014,1,0.0856,0.562,0,0.0972,0.696,99.96,4,8,"alt_electronic_pop",0.7
23330,"0Wi6hvPJTZBKrXjmvVFtOQ","Y.V.E. 48","Close To Me","Close To Me",58,155277,FALSE,0.363,-13.643,1,0.0288,0.248,0.47,0.112,0.0675,108.007,4,8,"alt_electronic_pop",0.59
23334,"4cVP9woK6lIsoK71wHl6FO","New Times","Summer Jam","Summer Jam",61,137704,FALSE,0.487,-11.856,0,0.0334,0.533,0,0.299,0.581,122.05,4,8,"alt_electronic_pop",0.93
23342,"5XxPwkvvnJ7swgUthyCQh6","Embody","Losing Sleep","Silent",50,186428,FALSE,0.742,-4.227,1,0.118,0.118,0,0.118,0.561,99.961,4,8,"alt_electronic_pop",0.59
23361,"5QTlj4L7ODIKNnTkhDE16p","Hannah Wants;Chris Lorenzo","Rhymes","Rhymes",58,200005,FALSE,0.561,-7.813,1,0.0766,0.0209,0.00315,0.199,0.678,125.989,4,8,"alt_electronic_pop",0.61
23380,"2KQ2IzFLTcCqbJeLz5utur","Charleon","Her Name","Her Name",53,174059,FALSE,0.811,-2.137,1,0.0484,0.203,0,0.219,0.627,101.212,4,8,"alt_electronic_pop",0.65
23385,"0HJ7K7uauPS05UqWUkIxGM","CALVO;DAZZ","Let Me Love You (Remixes)","Let Me Love You - DAZZ Remix",57,160748,FALSE,0.88,-5.564,1,0.0712,0.0183,0,0.0733,0.383,123.416,4,8,"alt_electronic_pop",0.67
23391,"7qf4uiDib5QRSFto3wHBS0","CALVO","On The Move","On The Move",59,155624,FALSE,0.956,-3.926,0,0.0511,0.00526,0.642,0.0727,0.357,127.995,4,8,"alt_electronic_pop",0.46
23403,"4FEcEwbE2vsqhxbTPtiNTL","Noizu","Summer 91 (Looking Back)","Summer 91 (Looking Back)",67,180000,FALSE,0.953,-4.954,0,0.0414,0.0159,3.3e-05,0.28,0.406,125.015,4,8,"alt_electronic_pop",0.79
23404,"77cHi3HzlrS8XDgue2WT8y","Worakls","Utopia / Porto","Porto",60,330000,FALSE,0.713,-6.451,1,0.0487,0.00136,0.865,0.0837,0.19,127.993,4,8,"alt_electronic_pop",0.79
23408,"4q2azQakSVVyqljRiCZtu3","Ferreck Dawn;Jem Cooke","Back Tomorrow","Back Tomorrow",61,118871,FALSE,0.791,-6.633,1,0.0478,0.0595,0,0.51,0.543,125.012,4,8,"alt_electronic_pop",0.85
23410,"6HDIOY4sWvDFA3kv8T6eeE","Gostan","Moon","Moon",54,173793,FALSE,0.764,-5.514,1,0.0624,0.0491,0.0057,0.316,0.294,115.978,4,8,"alt_electronic_pop",0.6
23411,"6piSzfRUIO5Cutz5DChf6e","Lucas Estrada;Lovespeake","Body","Body",52,153471,FALSE,0.726,-6.052,0,0.048,0.0169,0.305,0.102,0.897,120.025,4,8,"alt_electronic_pop",0.65
23429,"7zhT90M07NLqJb2MsaqWhM","Refeci;Michel Fannoun","Pieces","Pieces",54,180000,TRUE,0.57,-12.017,0,0.0343,0.327,0.263,0.156,0.0716,128.045,4,8,"alt_electronic_pop",0.89
23433,"2ddVNzU2kTrs9VLiuurU9C","Deep Chills","Tulum","Tulum",58,134005,FALSE,0.68,-6.99,0,0.0442,0.397,0.836,0.519,0.686,119.978,4,8,"alt_electronic_pop",0.63
23443,"0f7ifN4vXV4z2C52POeDQT","Oliver Schories;Oliver Huntemann","Devon (Oliver Huntemann Remix)","Devon - Oliver Huntemann Remix",49,398268,FALSE,0.777,-6.526,1,0.0405,0.00278,0.892,0.0831,0.249,127.008,4,8,"alt_electronic_pop",0.63
23452,"2KYnSFIrSbaKUXWetW7Klt","Paul Woolford;Diplo;Kareen Lomax","Do You Dance?","Looking For Me",62,211452,FALSE,0.529,-11.536,1,0.0288,0.00441,0.000862,0.0809,0.449,121.027,4,8,"alt_electronic_pop",0.93
23454,"2vl9yXYJmoKbv72pUIxoue","Matador;ARTBAT","Apollo 11","Apollo 11",46,464646,FALSE,0.652,-9.402,1,0.0558,0.00918,0.919,0.141,0.0383,125.008,4,8,"alt_electronic_pop",0.76
23456,"4PJaGVVVYNSN9EZJmMLtfK","Nora En Pure","Aquatic","Aquatic",53,226229,FALSE,0.93,-7.103,1,0.05,0.0088,0.931,0.731,0.0847,122.007,4,8,"alt_electronic_pop",0.66
23458,"0fusqEZznLhqoNNdHllbgg","Jack Wins;Caitlyn Scarlett","Freewheelin'","Freewheelin'",41,211974,FALSE,0.822,-4.791,1,0.0451,0.0696,0,0.372,0.268,125.056,4,8,"alt_electronic_pop",0.66
23461,"72LO7cIcK9aapSg0hHXz0S","LU2VYK;Janethan","Your Body","Your Body",53,128518,FALSE,0.812,-4.544,1,0.075,0.162,0,0.105,0.734,124.058,4,8,"alt_electronic_pop",0.86
23466,"3uvALUobqjZvTGAh6737Mb","Kraak & Smaak;Parcels","Juicy Fruit","Stumble",60,270720,FALSE,0.549,-11.388,0,0.0458,0.0917,0.557,0.0583,0.217,91.036,4,8,"alt_electronic_pop",0.75
23467,"1ISyxG7inoBAIHD5QpHZql","Hakan Akkus;Drop-G & Regard","Ibiza Kickoff","I Can't Be - Drop-G & Regard Remix",43,366031,FALSE,0.676,-8.163,0,0.0736,0.191,0.449,0.0808,0.388,119.991,4,8,"alt_electronic_pop",0.77
23474,"2SFCdSu7HJnsLlTGC7cc8f","Klingande;Broken Back","The Album","RIVA (Restart The Game) - Radio Edit",50,180861,FALSE,0.738,-5.767,0,0.0554,0.106,4.61e-06,0.0855,0.54,124.022,4,8,"alt_electronic_pop",0.65
23475,"1TUpKepASZ9fQbcG2v9kOy","Planetopia","Falling In Love","Falling In Love",57,157756,FALSE,0.534,-9.159,1,0.0344,0.0251,0.493,0.138,0.468,116.022,4,8,"alt_electronic_pop",0.63
23487,"2ieFaRzeA5yfRjanzaBS8Q","Black Coffee;Maxine Ashley;Sun-El Musician","Subconsciously","You Need Me (feat. Maxine Ashley & Sun-El Musician)",52,375917,FALSE,0.811,-13.014,0,0.0365,0.451,0.366,0.0781,0.246,117.988,4,8,"alt_electronic_pop",0.59
23498,"5gecpIlPtD5CP6ZryVfDUx","Format:B","Stay Real, Vol. 49","Something Suitable - Original Mix",0,378949,FALSE,0.478,-5.55,1,0.0524,0.000126,0.714,0.0823,0.701,126.034,4,8,"alt_electronic_pop",0.6
23518,"5YojvAhKb5crDsp7L2LJV0","Furkan Sert;KARNASER","Coming Home","Coming Home",39,214368,FALSE,0.602,-8.048,0,0.0918,0.2,0.000257,0.13,0.0772,99.838,4,8,"alt_electronic_pop",0.55
23520,"04e6inMj0fH8ifKgxVhGdn","Oleska;Otter Berry","Far Behind","Far Behind",46,210184,FALSE,0.704,-7.5,0,0.0267,0.0186,0.025,0.123,0.17,122.975,4,8,"alt_electronic_pop",0.45
23529,"2KN5wY5R4gXbka8wB2kXh8","Sonny Fodera;KOLIDESCOPES;Hayley May","Wide Awake (Deluxe)","Be My One",59,142334,FALSE,0.906,-4.938,1,0.0446,0.0196,0.000346,0.0947,0.659,120.94,4,8,"alt_electronic_pop",0.57
23535,"4j8dV3mWwJjBm8gi5woHiW","Fini;Keanna Mag","On My Mind","On My Mind",55,129000,FALSE,0.622,-8.363,1,0.0575,0.219,0,0.221,0.419,99.96,4,8,"alt_electronic_pop",0.82
23555,"4035yp8Z7EyAg3yDchzxA8","Claptone;JAW","Charmer","No Eyes",59,242671,FALSE,0.388,-10.729,1,0.045,0.0869,0.0187,0.117,0.541,120.027,4,8,"alt_electronic_pop",0.64
23569,"5FDdviWQzhw7NWH2TiDl9d","Sonny Fodera;Just Kiddin;Lilly Ahlberg","Closer (feat. Lilly Ahlberg)","Closer (feat. Lilly Ahlberg)",56,169901,FALSE,0.782,-4.631,1,0.0542,0.449,0,0.143,0.68,124.969,4,8,"alt_electronic_pop",0.57
23571,"5YDbSfN5oKWBoeyf9nBA38","Sam Paganini","Satellite","Rave",55,405699,FALSE,0.807,-7.399,0,0.044,0.000137,0.909,0.295,0.33,124.989,4,8,"alt_electronic_pop",0.72
23576,"1evX3NUBE7QujnSmky2ox4","HUGEL;Quarterhead","Eyes On You","Eyes On You",53,202515,FALSE,0.823,-6.277,1,0.12,0.0305,0.139,0.131,0.612,124.99,4,8,"alt_electronic_pop",0.66
23578,"5SfQmmOQp5Id17CnInfHp8","Sons Of Maria","Are You","Are You",58,214419,FALSE,0.877,-7.629,0,0.0366,0.219,0.956,0.28,0.071,111.988,4,8,"alt_electronic_pop",0.72
23580,"0tnGE84OI4kFHdmL2IAIoj","Aexcit;INFINITY","Sweet Dreams","Sweet Dreams",56,163478,FALSE,0.779,-6.042,0,0.0431,0.0213,0.616,0.0789,0.215,121.977,4,8,"alt_electronic_pop",0.5
23586,"2VzAa8R6S0ZIdDkGprASGG","Embody;Jack Hawitt","Lost & Found EP","Without You",50,180000,FALSE,0.696,-4.906,1,0.0357,0.0203,0.000656,0.0847,0.614,119.969,4,8,"alt_electronic_pop",0.71
23587,"4SkmZvciMZmMinCeEA7g5L","HUGEL;Stefy De Cicco;Hugo Cantarra;Nikol Apatini","4 to the Floor (feat. Nikol Apatini)","4 to the Floor (feat. Nikol Apatini)",53,176585,FALSE,0.894,-7.37,0,0.0376,0.00379,0.0994,0.0689,0.154,122.983,4,8,"alt_electronic_pop",0.6
23591,"6J6i2bms1Qfa4kKRZvmsMU","Goldbird","Paradise","Paradise",52,173658,FALSE,0.721,-7.589,0,0.0294,0.0092,2.06e-05,0.216,0.355,122.948,4,8,"alt_electronic_pop",0.81
23603,"0mYYcDy6DOPfmI9TpZWyVX","No Way Back;Sophia Black","Minute","Minute",38,220125,FALSE,0.721,-6.02,0,0.0313,0.0823,0.0013,0.104,0.396,103.03,4,8,"alt_electronic_pop",0.75
23623,"0t3uSTVVYGVYVKJUlOMqfk","Sebastien;Boy Tedson","Music In You","Music In You",54,185295,FALSE,0.659,-5.361,0,0.0967,0.242,2.21e-06,0.245,0.44,117.016,4,8,"alt_electronic_pop",0.66
23624,"18YjKnQKdqbzYsud1ylO7P","Ilkan Gunuc;Osman Altun","Do You Hear Me","Do You Hear Me",36,184000,FALSE,0.662,-9.145,0,0.0419,0.0528,0.555,0.14,0.383,130.048,4,8,"alt_electronic_pop",0.6
23640,"1ZCIgVkeHuBl9yzQR4E0CZ","Brando;Syn Cole","Look Into My Eyes","Look Into My Eyes - Syn Cole Remix",54,171428,FALSE,0.831,-3.016,1,0.0488,0.02,0.00116,0.0941,0.83,126.047,4,8,"alt_electronic_pop",0.79
23642,"0k1vngPsfE62PogE2ntq3d","Kokiri;Jem Cooke;Todd Terry","Workout 2021 - Motivation Mix","So Free",29,186179,FALSE,0.871,-4.793,0,0.0311,0.00734,0,0.347,0.889,124.016,4,8,"alt_electronic_pop",0.68
23646,"1KFlRPAPtXublWQx91REdI","Damon Hess","Whore House From The Vaults #3","Say My Name",0,321290,FALSE,0.975,-5.829,1,0.0571,0.00226,0.0396,0.12,0.754,124.008,4,8,"alt_electronic_pop",0.63
23657,"57WUsRphWcS69G9OnTJEsg","Ali Bakgor","My Mind","My Mind",41,210650,FALSE,0.825,-8.21,1,0.0394,0.00593,0.0498,0.304,0.105,121.947,4,8,"alt_electronic_pop",0.67
23673,"7c5pqirWTfIUQqoRlLYy9G","LYOD","Horizon","Horizon",56,169543,FALSE,0.693,-8.975,1,0.0476,0.214,2.73e-06,0.0485,0.393,100.037,4,8,"alt_electronic_pop",0.45
23674,"0uKKDJ3L2ayyhrrhT4iI9v","Tale Of Us","Realm Of Consciousness Pt. III","Nova",46,442525,FALSE,0.394,-18.059,1,0.0718,0.504,0.914,0.104,0.069,123.001,4,8,"alt_electronic_pop",0.47
23676,"053bbGyTwKCwmSzE78G2Us","BLOND:ISH;Nico de Andrea;Darla Jade","Hold Tight (feat. Darla Jade)","Hold Tight (feat. Darla Jade)",50,185696,FALSE,0.862,-7.527,0,0.0297,0.0107,0.00519,0.139,0.287,118.001,4,8,"alt_electronic_pop",0.61
23684,"4sDsOUcpA53YU5HZ8A3VZT","Robin Schulz;Alida;LUM!X","In Your Eyes (feat. Alida) [LUM!X Remix]","In Your Eyes (feat. Alida) - LUM!X Remix",54,203906,FALSE,0.777,-5.472,1,0.19,0.123,3.03e-05,0.176,0.694,128.017,4,8,"alt_electronic_pop",0.45
23694,"7k9P7TAn4wpQUvCAjVj1P5","Lucas Estrada;Vigiland;Wahlstedt;Arem Ozguc;Arman Aydin","Waiting for Life (The Remixes)","Waiting for Life - Arem Ozguc & Arman Aydin Remix",50,156666,FALSE,0.941,-4.788,1,0.0712,0.00666,0.000702,0.26,0.345,125.986,4,8,"alt_electronic_pop",0.77
23712,"5uIPgZYAPggdErCVj6lY56","Ferreck Dawn;Izzy Bizu","Life","Life",56,170955,FALSE,0.728,-5.859,1,0.0506,0.0202,0.00208,0.42,0.46,125.05,4,8,"alt_electronic_pop",0.9
23718,"3OCFPScaJuLwmHJkqtVWoL","CamelPhat;Jake Bugg","Dark Matter","Be Someone",53,204567,FALSE,0.788,-8.393,0,0.0398,0.125,0.366,0.0829,0.356,121.99,4,8,"alt_electronic_pop",0.84
23721,"4TpPSDtJGuD51E66sWrxmd","Roman Müller;Ellysse Mason","Human","Human",57,145250,FALSE,0.527,-9.286,1,0.0315,0.313,0.000143,0.264,0.247,119.986,4,8,"alt_electronic_pop",0.71
23724,"5h2RkGPXXfeqASYgK86Zd2","Vijay & Sofia Zlatko;Alexia","Globe Trotter","Globe Trotter",47,179130,FALSE,0.584,-7.173,1,0.0431,0.261,0.000454,0.115,0.542,119.014,4,8,"alt_electronic_pop",0.71
23726,"3NiB3v3elOuAy4Ij51F4Sl","Maur","Deep Inside","Deep Inside",62,202633,FALSE,0.936,-5.274,0,0.0371,0.0465,0.00015,0.104,0.497,126.027,3,8,"alt_electronic_pop",0.68
23729,"5XSjmXj79UdVdT5ndQHM2x","Lulleaux","Even If You Don't","Even If You Don't",51,156203,FALSE,0.794,-4.901,0,0.0343,0.576,0.000175,0.125,0.376,120.992,4,8,"alt_electronic_pop",0.47
23735,"79oZZpI6Z8OODY8CRy5IT3","Deep Chills","Coconut Grove","Coconut Grove",53,148005,FALSE,0.725,-6.542,1,0.047,0.439,0.699,0.156,0.956,119.998,4,8,"alt_electronic_pop",0.75
23736,"37D9O4De2WL1hA6gyResgl","HNNY","Sunday","Cheer Up, My Brother",60,305776,FALSE,0.263,-14.762,0,0.0473,0.12,0.239,0.0996,0.315,107.991,4,8,"alt_electronic_pop",0.85
23743,"21VnSlwtvNKUFFHHKqt7fI","Deepend;Madism","Hold This Memory","Hold This Memory",57,160071,FALSE,0.71,-7.118,1,0.0397,0.082,1.52e-05,0.155,0.578,119.951,4,8,"alt_electronic_pop",0.72
23758,"7Fo51x6cURFo9jCzcv7WOL","DLMT","One Drink","One Drink",52,212845,FALSE,0.838,-5.097,1,0.0648,0.124,0.0192,0.0856,0.454,123.995,4,8,"alt_electronic_pop",0.66
23766,"79mxN61Rhw4zAuvWLehld3","Hadise","Düm Tek Tek","Stir Me Up",51,208375,FALSE,0.809,-5.285,1,0.35,0.0677,1.44e-05,0.114,0.449,210.095,4,8,"alt_electronic_pop",0.76
23769,"5xARo31Sdr6Kmk2g9j4t3x","Chris Lake;Cloonee","Nightmares","Nightmares",49,165024,FALSE,0.819,-6.774,1,0.0856,0.00885,0.307,0.102,0.488,128.043,4,8,"alt_electronic_pop",0.79
23783,"3AJmjefnCKNq2Vtib5qQSE","Junge Junge;Tyron Hapi","I'm The One (Remixes)","I'm The One - Tyron Hapi Remix",49,158117,FALSE,0.566,-5.697,1,0.0583,0.0749,0,0.102,0.266,100.095,4,8,"alt_electronic_pop",0.65
23809,"0pnrxdaIdL7YgUgGdPrA0J","Michael Calfan;Hannah Boleyn","Wild Night","Wild Night",53,128780,TRUE,0.848,-4.533,0,0.0678,0.0409,0.278,0.163,0.48,122.88,4,8,"alt_electronic_pop",0.68
23812,"6hHZNKWzcZ1wSf0NnagKba","LVNDSCAPE;Kaptan","Walk Away (feat. Kaptan)","Walk Away (feat. Kaptan)",45,185612,FALSE,0.778,-5.19,0,0.0291,0.265,0,0.247,0.343,97.97,4,8,"alt_electronic_pop",0.64
23818,"2zME1tNgLyHCJ29E2uSeJM","Solardo;Vintage Culture;LOWES","Adidas & Pearls","Adidas & Pearls",59,209280,FALSE,0.893,-8.24,0,0.0428,0.000875,0.00822,0.0917,0.433,125,4,8,"alt_electronic_pop",0.74
23822,"0oNMDziM8JjAo3Ec1KD5wi","Hakan Akkus","I Can't Be","I Can't Be - Radio Mix",44,194015,FALSE,0.819,-6.708,0,0.0292,0.278,0.0562,0.182,0.44,119.998,4,8,"alt_electronic_pop",0.74
23823,"1v7ieSIGSuV9mPjKnUGVs8","Deep Chills;IVIE;LODE","Run Free (The Remixes)","Run Free - LODE Remix",27,176953,FALSE,0.589,-5.75,1,0.0417,0.179,0,0.206,0.471,102.054,4,8,"alt_electronic_pop",0.22
23824,"1ek1kNO1a5EJCNIUvNs5XI","Chris Malinchak","When The World Stops Turning (Quiet Mix)","When The World Stops Turning - Quiet Mix",51,227520,FALSE,0.695,-9.012,0,0.0334,0.000465,4.14e-05,0.38,0.409,119.005,4,8,"alt_electronic_pop",0.61
23834,"6WN6igAeshqOoQu0q2GoJG","Harold van Lennep","Liberation (Re-Edit)","Liberation - Re-Edit",54,176156,FALSE,0.759,-8.549,1,0.0926,0.313,0.849,0.135,0.313,103.015,4,8,"alt_electronic_pop",0.67
23848,"43Be2rrYZERvAr8LTEaotw","Sidney Charles;DJ Sneak","House Music Rising, Vol. 1","Psyjack - DJ Sneak Remix",0,376320,FALSE,0.914,-5.181,0,0.0544,4.98e-06,0.947,0.33,0.52,124.979,4,8,"alt_electronic_pop",0.8
23855,"1LyTeIRYMHPA13p4b02NvV","Lucas Estrada;Wahlstedt;AMAYA","Naked","Naked",41,196523,FALSE,0.837,-4.571,0,0.0349,0.0517,0.000509,0.108,0.251,123.989,4,8,"alt_electronic_pop",0.81
23859,"0hk1UCickTFX2RuLJtSsTf","Knoxa;Jordan Shaw","Said Goodbye","Said Goodbye",46,191612,FALSE,0.775,-7.565,0,0.0415,0.188,0.0176,0.099,0.689,123.995,4,8,"alt_electronic_pop",0.44
23865,"6ggAYREO7PlFwI2vbOG3dp","Alle Farben;Graham Candy","Synesthesia","She Moves",57,197346,FALSE,0.497,-7.876,1,0.0739,0.291,0.000893,0.0954,0.627,116.98,4,8,"alt_electronic_pop",0.63
23871,"4IKa5EKTmhKvV1wuTJf9Eq","Karen Harding;Digital Farm Animals","Undo My Heart","Undo My Heart",50,180419,FALSE,0.873,-6.267,1,0.035,0.0352,0.0041,0.0644,0.343,122.998,4,8,"alt_electronic_pop",0.78
23873,"1ytGToyD4sNifrEV4ZDw2p","Deep Chills;HUTS","Run Free (with HUTS)","Run Free (with HUTS)",33,133220,FALSE,0.85,-4.906,1,0.287,0.00792,0.000632,0.218,0.411,117.913,4,8,"alt_electronic_pop",0.85
23885,"6m3DkpGqoeQJxfekL3ZLHJ","Hannah Wants;Clementine Douglas","Cure My Desire (feat. Clementine Douglas)","Cure My Desire (feat. Clementine Douglas)",56,179078,FALSE,0.772,-7.756,1,0.0447,0.253,0.00017,0.0566,0.401,121.982,4,8,"alt_electronic_pop",0.6
23905,"1JybHYAOzP0sWjzplbruqJ","Viva La Panda","California in Rain","California in Rain",46,181016,FALSE,0.653,-8.117,0,0.0923,0.285,0,0.0933,0.225,117.915,4,8,"alt_electronic_pop",0.89
23917,"0PGpWcKIlayTwPdz6Qstol","Klingande;Wrabel","Big Love (with Wrabel)","Big Love (with Wrabel)",45,182115,FALSE,0.761,-7.15,0,0.111,0.0418,0,0.158,0.478,124.068,4,8,"alt_electronic_pop",0.83
23940,"4mmXEnjYOCAxzXaHkUyEpc","ATFC;Lisa Millett;Dr Packer","Dr Packer's Different Strokes, Vol. 2","Sleep Talk (feat. Lisa Millett) - Dr Packer Extended Remix",26,452070,FALSE,0.664,-9.161,1,0.0649,0.00915,0.00165,0.126,0.859,119.978,4,8,"alt_electronic_pop",0.66
23946,"4Duyg2MpEmHSLqxTvvgQ26","The Godfathers Of Deep House SA","The 4th Commandment 2020 Chapter 30","This Shit Again - Nostalgic Mix",26,410373,FALSE,0.376,-14.143,0,0.073,0.014,0.917,0.111,0.467,118.009,4,8,"alt_electronic_pop",0.87
23947,"4rkgXbMWRodQ6OIup8EGcE","Klubfiller;Rob Tissera;Steve Hill;BK","Cardio Workout, Vol. 3","The Key - BK's Slam Remix Edit",26,329577,FALSE,0.92,-3.949,0,0.178,0.000653,0.518,0.0255,0.36,142,4,8,"alt_electronic_pop",0.6
23953,"3zPfyVThoCzQ6IB5CSGDTz","Gorgon City;DRAMA","You’ve Done Enough","You've Done Enough",55,213546,FALSE,0.791,-6.628,1,0.0337,0.016,0.153,0.703,0.539,125.052,4,8,"alt_electronic_pop",0.63
23964,"5K0MAKgSzTxGqiKhdwW12j","Shiba San;Black V Neck;Nautik","Ba Da Bam","Ba Da Bam",51,215238,FALSE,0.931,-5.436,1,0.0509,0.00285,0.902,0.0923,0.276,125.992,4,8,"alt_electronic_pop",0.31
23979,"0mD4CVAwzKrZad0yYCADFe","Mark Knight;Skin;Sultan + Shepard","Nothing Matters (Sultan + Shepard Remix)","Nothing Matters - Sultan + Shepard Remix",40,232745,FALSE,0.802,-6.911,0,0.0379,0.0294,0.00387,0.13,0.0786,121.996,4,8,"alt_electronic_pop",0.65
23989,"5Pj8qBEzA9i0vK6Wdt889w","Claptone;Say Yes Dog","Heartbeat","Before I Lose My Mind",62,205402,FALSE,0.51,-8.433,0,0.066,0.101,0.0202,0.0821,0.958,120.005,4,8,"alt_electronic_pop",0.7
24013,"3rquyyzec0JKU4UbGga9rP","Jay Daniel","TALA","Aja",17,278333,FALSE,0.464,-8.194,0,0.17,0.285,0.888,0.0939,0.225,118.097,4,6,"techno_experimental",0.79
24019,"65TTNPQ1YuKPYZ9RIsiXJP","Inner City","Big Fun","Big Fun - The Classic Magic Juan Mix Remake",18,372000,FALSE,0.85,-7.804,0,0.0442,0.00494,0.146,0.0447,0.686,121.921,4,6,"techno_experimental",0.7
24025,"6j2HQ1kkjgx7y7bEOq4Kgw","Kenny Larkin","Integration","Integration",17,286126,FALSE,0.745,-8.683,1,0.0385,0.000159,0.873,0.155,0.854,124.984,4,6,"techno_experimental",0.71
24046,"7t3QDBNnVJJTVTN8E6q6Ro","Moodymann","Silentintroduction","Answer Machine",17,320000,FALSE,0.888,-9.885,0,0.0775,0.00155,0.897,0.665,0.385,120,4,6,"techno_experimental",0.67
24049,"71bFTxruyaNaPQYujgR76H","Jeff Mills","SIGHT SOUND AND SPACE","Homing Device",15,279573,FALSE,0.793,-13.857,0,0.0899,0.339,0.883,0.121,0.382,127.817,4,6,"techno_experimental",0.55
24057,"65POCexjbdPA7mbSKxL0vd","Carl Craig","The Album Formerly Known As ...","A Wonderful Life - Version",36,415759,FALSE,0.586,-12.245,0,0.0348,0.394,0.886,0.0537,0.621,132.023,4,6,"techno_experimental",0.6
24069,"5IkVCNGJEh5KThGEnt8dtL","Theo Parrish","Cornbread & Cowrie Shells for Bertha","Play Thru Moon",14,383014,FALSE,0.677,-9.275,0,0.0799,0.0255,0.831,0.0629,0.538,116.124,4,6,"techno_experimental",0.8
24080,"5P4mevAaNF6fk3JI7doRtx","Omar S;Tom Bugs","The Best!","Buggin Out",13,454809,FALSE,0.381,-11.66,1,0.077,0.000753,0.893,0.0598,0.832,123,3,6,"techno_experimental",0.81
24081,"6OEdPvDY90N7jxb2KslTB8","Carl Craig","More Songs About Food and Revolutionary Art","Televised Green Smoke",13,375893,FALSE,0.448,-13.805,0,0.0561,0.00107,0.907,0.145,0.741,121.024,4,6,"techno_experimental",0.71
24083,"3iGGFpSiPHCuTUCUvHloAb","Carl Craig","Café del Mar Vol. 24","The Melody - Versus Edit Version",15,208552,FALSE,0.484,-14.844,0,0.0493,0.0123,0.869,0.0788,0.502,123.027,4,6,"techno_experimental",0.72
24085,"28nwinMYKqgReQywFElhPJ","Drexciya","Journey of the Deep Sea Dweller III","Flying Fish",15,145981,FALSE,0.697,-11,0,0.0679,3.35e-05,0.821,0.0735,0.654,134.5,4,6,"techno_experimental",0.78
24091,"4qLZMBq3hhTqc6DBb8Abc4","Inner City","Paradise","Power Of Passion",16,298506,FALSE,0.386,-19.751,0,0.0344,0.125,0.213,0.227,0.891,155.297,4,6,"techno_experimental",0.58
24092,"7CVhwXEyCQl4CNDxirAtJA","Cybotron","Clear","Enter",13,338973,FALSE,0.708,-10.751,1,0.0664,0.0392,0.0068,0.181,0.688,110.437,4,6,"techno_experimental",0.67
24098,"0uqywpeHthwmYJb8VQvDU2","Model 500","Submerge Vol.1:Detroit Techno","No U.F.Os (inst.)",14,418666,FALSE,0.808,-15.038,1,0.0959,8.22e-05,0.601,0.14,0.922,125,4,6,"techno_experimental",0.79
24105,"0H0QQXGpMJuSKW28yl5rEM","Orlando Voorn","Open Source Records Volume 9","Backlash",13,310909,FALSE,0.78,-6.739,0,0.0475,0.00504,0.849,0.0997,0.546,131.968,4,6,"techno_experimental",0.55
24107,"7coBtGI4WkeKYvrnV8qqCn","Eddie Fowlkes","Knuckle Head Series Vol 3.","You Know!",12,367194,FALSE,0.766,-7.615,1,0.0421,0.000147,0.673,0.13,0.0692,128.056,4,6,"techno_experimental",0.82
24143,"3X7Yn4wC5amr8TAINzcBNX","Kevin Saunderson;Jay Lumen","House, Tech House, Techno","The Sound - Jay Lumen Sacred Sounds Remix",12,474000,FALSE,0.946,-4.447,1,0.0636,0.000354,0.88,0.058,0.444,125.013,4,6,"techno_experimental",0.81
24150,"7N3FfUFMud1rjI6Vgw71mm","Derrick May","Innovator (Mayday)","Strings of Life",45,362946,FALSE,0.878,-6.209,1,0.065,0.153,0.811,0.0871,0.509,128.103,4,6,"techno_experimental",0.71
24186,"2XBeLxyxT0dOnMtUUAOzUG","Inner City","House Top 1000 (Mini Mix 001)","Big Fun 2017 (Mix Cut)",13,94429,FALSE,0.967,-4.052,0,0.0371,0.000437,0.242,0.0389,0.828,121.99,4,6,"techno_experimental",0.64
24200,"65EjTv04s8iJB5vBcOolqF","Seth Troxler","Lumartes","Lumartes",32,233982,FALSE,0.625,-13.118,0,0.0347,0.0176,0.833,0.125,0.199,125.002,4,6,"techno_experimental",0.69
24202,"1j1tTelvaHbmRsxsApzVM6","Omar S;Nite Jewel","Side Trakx, Vol, 5","Sky Train - Vocal Mix",39,346546,FALSE,0.204,-18.566,1,0.0468,0.337,0.717,0.12,0.71,113.973,4,6,"techno_experimental",0.83
24204,"2EJtek4uqMsnYYd36JiBSQ","Moodymann","Forevernevermore","Wednesday Night People",39,171360,FALSE,0.664,-12.857,0,0.0425,0.133,0.925,0.13,0.0555,119.581,4,6,"techno_experimental",0.61
24205,"1Txy239Azz9buzEQ9034kF","Omar S;Diviniti","The Best!","On Your Way",37,477737,FALSE,0.59,-9.865,1,0.0407,2.31e-05,0.597,0.0714,0.515,120.007,4,6,"techno_experimental",0.81
24214,"4ek5Uv4hu4iNsarheOe9wO","LOS HERMANOS","Traditions & Concepts E.P","Central Nervous System",10,413466,FALSE,0.976,-6.078,1,0.0486,0.103,0.927,0.0332,0.778,129.963,4,6,"techno_experimental",0.76
24215,"5Aa0ly1T2MqRRBg2yJXsXz","Omar S","Still Serious Nic","Lift Him Up / Flying Gorgars",10,644728,FALSE,0.484,-15.087,1,0.0653,0.000773,0.718,0.0974,0.64,120.072,4,6,"techno_experimental",0.81
24219,"2nN5V3RA1LM1NGPvFGWQMA","Omar S","Romancing the Stone","Frogs",10,542229,FALSE,0.39,-17.9,0,0.0672,0.106,0.889,0.113,0.12,121.566,4,6,"techno_experimental",0.81
24220,"1fuyHUv2TohdBHniAO6Uoi","Tres Demented;Len Faki","LF RMX 020","Brainfreeze - Len Faki Hardspace Mix",10,408188,FALSE,0.752,-8.644,0,0.0442,0.000208,0.852,0.147,0.138,127.005,4,6,"techno_experimental",0.66
24224,"0sNvIQaoVLoNY2Z9CH8Okj","Moodymann","Silence In The Secret Garden","Sweet Yesterday",10,309533,FALSE,0.393,-12.857,1,0.244,0.0158,0.000189,0.433,0.687,116.479,4,6,"techno_experimental",0.89
24227,"05FEcmCengR10SMSNjT6ll","Kevin Saunderson;Inner City;Matt Smallwood","Good Life (2013 Remixes)","Good Life - Matt Smallwood Remix",11,180000,FALSE,0.962,-3.049,0,0.0621,0.0899,0.17,0.517,0.604,123.958,4,6,"techno_experimental",0.7
24235,"3qLWZUolP56G9ZuLLdxN7z","Kevin Saunderson","The Sound (Power Mix) / The Groove That Won't Stop","Tranzister - Extended Mix",10,279245,FALSE,0.962,-12.173,1,0.0575,0.00409,0.893,0.0422,0.583,129.898,4,6,"techno_experimental",0.73
24238,"289tVi6siXA8wgUJuJ6p6t","Kevin Saunderson;Inner City;Full Intention","Big Fun [2013 (Re-Mixes Part 1)]","Big Fun - Full Intention Extended Remix",9,391418,FALSE,0.583,-6.528,0,0.0921,0.000212,0.922,0.0613,0.56,123.013,4,6,"techno_experimental",0.81
24243,"6HsvlnfPEDh6WOvMEsX3b2","A Number Of Names","Shari Vari Remixes Double Ep.","Shari Vari - Ectomorph Dark Mix",10,287217,FALSE,0.317,-13.184,0,0.0573,0.00159,0.82,0.108,0.214,132.023,4,6,"techno_experimental",0.85
24253,"6H6FA5pRMYUOOOpU5snhbu","Plastikman;Richie Hawtin","Narkosis / Spektre","Spektre - Extended Version",9,578109,FALSE,0.459,-17.605,1,0.0517,0.225,0.92,0.11,0.0882,128.003,4,6,"techno_experimental",0.65
24255,"5yKTU7i2Zk7kqVIaGI3fH5","The Other People Place","fabric presents Danilo Plessow (MCDE) [DJ Mix]","It's Your Love - Mixed",11,180626,FALSE,0.349,-13.09,0,0.0828,0.00987,0.864,0.104,0.86,127.705,4,6,"techno_experimental",0.8
24274,"5HGtDZy7hrVSUKgta1K1ej","Theo Parrish","Parallel Dimensions","Serengeti Echoes",10,714200,FALSE,0.406,-19.507,1,0.0464,0.0238,0.867,0.0845,0.0635,111.937,4,6,"techno_experimental",0.76
24277,"3UdOxbnYfouzGHhCQ3xeB6","Theo Parrish","Deviation Classics","Lost Keys",10,254942,FALSE,0.631,-11.668,1,0.0659,0.000284,0.913,0.0765,0.273,110.793,4,6,"techno_experimental",0.75
24280,"5e8X18aYodxExnQ5xFwcrB","Terrence Parker","Let Your Love Show","Let Your Love Show",10,472317,FALSE,0.752,-6.627,1,0.0968,0.0228,0.0573,0.0339,0.585,126.012,4,6,"techno_experimental",0.83
24285,"4aeMIt8jPvbdTYpqaBUN52","Richie Hawtin;Plastikman","From My Mind to Yours","Gymnastiks",10,456318,FALSE,0.847,-11.964,0,0.0473,0.00247,0.96,0.113,0.211,123.997,4,6,"techno_experimental",0.8
24288,"2vuHtF4JlqrDEK30recIF4","Terrence Parker","Life On The Back 9","Spiritual Warfare",10,439991,FALSE,0.56,-11.273,1,0.106,0.000111,0.927,0.111,0.667,123.953,4,6,"techno_experimental",0.81
24306,"2tgdXFSkV6RxLTaW6dA5s5","Robert Hood","Hoodmusic 2","School",10,383106,FALSE,0.686,-14.156,1,0.0569,7.25e-05,0.672,0.097,0.961,136.488,4,6,"techno_experimental",0.79
24318,"6iqo0fuep9lT3SKLATVDdp","Inner City","Greatest Dance Classics","Good Life",11,244773,FALSE,0.783,-12.876,0,0.0496,0.173,0.0325,0.0327,0.952,121.307,4,6,"techno_experimental",0.72
24323,"7oR6u4OKtC1EJHEFXlus5P","Claude Young","DJ-Kicks (Carl Craig)","Changing Factors",8,234133,FALSE,0.917,-13.294,1,0.162,0.262,0.852,0.0629,0.667,135.265,4,6,"techno_experimental",0.9
24325,"6FKX1hafGttQXoomGQb9R7","Robert Hood","Paradygm Shift - Volume 3","Red Machine",10,336675,FALSE,0.807,-10.032,0,0.0447,0.000157,0.728,0.0877,0.36,128.999,3,6,"techno_experimental",0.61
24344,"1K9rZwxQQIg5DszfBvcGGM","Underground Resistance","Electronic Warfare 2.0","Sabotage",9,297000,FALSE,0.457,-12.745,1,0.115,0.0372,0.897,0.0562,0.516,201.945,3,6,"techno_experimental",0.42
24352,"1uZHI2rWg7wHGIti4aYqdr","Omar S","You Want","The Sound of Neptune",35,328678,FALSE,0.72,-5.772,0,0.115,0.0028,0.0583,0.0877,0.185,123.045,4,6,"techno_experimental",0.88
24353,"6DAHXd8wn5VagzVTDG9pvq","Dopplereffekt","Climax (Original Motion Picture Soundtrack)","Superior Race",28,185600,FALSE,0.712,-11.196,1,0.151,0.0133,0.761,0.072,0.206,134.379,4,6,"techno_experimental",0.79
24355,"2WeH8E3AcxhxJ6JzVfAPNm","ONYVAA","Passeport006","006 B2",9,439236,FALSE,0.698,-15.148,1,0.0433,0.00711,0.885,0.158,0.0984,129.016,4,6,"techno_experimental",0.66
24359,"0AxJEPUG7zawpAE96Tj3ET","ONYVAA","Silk Route EP","Silk Route - Original Mix",8,442624,FALSE,0.508,-14.023,1,0.0573,0.0019,0.882,0.107,0.0382,128.001,4,6,"techno_experimental",0.73
24361,"2qXCLKpQlWWQq1A9sFRUu8","Omar S","Thank You for Letting Me Be Myself","Thank U 4 Letting Me Be Myself",35,459964,FALSE,0.518,-9.314,1,0.0591,6.81e-05,0.787,0.107,0.936,122.999,4,6,"techno_experimental",0.81
24375,"0hXZUhr7FrKaDHVIokMZfH","Derrick May","Innovator (Mayday)","Freestyle",9,266053,FALSE,0.949,-9.189,0,0.0633,2.46e-05,0.9,0.0309,0.825,134.096,4,6,"techno_experimental",0.79
24378,"5ZneBe25xYNfVtGeuTOicv","Omar S","Thank You for Letting Me Be Myself","She's Sah Hero Nik",9,212938,FALSE,0.255,-11.665,1,0.109,0.00767,0.957,0.125,0.569,121.005,4,6,"techno_experimental",0.89
24390,"4Qa6z3YWYWZvtoI8aAmo7k","Galaxy 2 Galaxy","Galaxy 2 Galaxy: A High Tech Jazz Compilation","Inspiration",8,392586,FALSE,0.517,-16.147,0,0.0415,0.105,0.755,0.235,0.296,138.543,4,6,"techno_experimental",0.66
24393,"26X6cHqqfUz9i9YKkZO8Dq","Jeff Mills","Three Ages","Roman Age",9,242506,FALSE,0.549,-17.226,1,0.0324,0.541,0.833,0.129,0.831,122.883,4,6,"techno_experimental",0.7
24411,"14T9W9rhv3Gj021FHfyhnD","Model 500;Aisha Jamiel","Deep Space","The Flow",9,248946,FALSE,0.805,-7.465,0,0.0621,0.007,0.0117,0.46,0.484,112.373,4,6,"techno_experimental",0.63
24420,"1dcCbOhMl5LKAj27DrINGN","Surgeon","Midnight Club Tracks II","Midnight Club Tracks II, Pt. 1",7,408358,FALSE,0.983,-6.204,0,0.0509,0.000169,0.895,0.0437,0.37,133.989,4,6,"techno_experimental",0.7
24425,"2ce7t3lClsTauOQqsmeYh4","Carl Craig;Francesco Tristano;Les Siècles;François-Xavier Roth","Sandstorms (Versus Version)","Sandstorms - Versus Version",7,391868,FALSE,0.476,-14.996,1,0.038,0.0326,0.822,0.0923,0.0775,120.003,4,6,"techno_experimental",0.4
24430,"6O0gkgGJUsT5uX4w8agNOO","Model 500","Classics","Ocean To Ocean - Instrumental",8,403466,FALSE,0.705,-13.912,1,0.0811,0.0126,0.887,0.215,0.399,124.751,4,6,"techno_experimental",0.68
24433,"3kN6xEX254D9uJh9UnxPSu","Carl Craig","More Songs About Food and Revolutionary Art","Suspiria",7,245146,FALSE,0.544,-13.538,1,0.0569,3.2e-06,0.924,0.332,0.206,105.165,4,6,"techno_experimental",0.39
24438,"4G9WGAZzGHEVasdllxqjFv","Rhythim Is Rhythim;Derrick May;Mayday","Innovator - Soundtrack For The Tenth Planet","Sinister",8,397800,FALSE,0.924,-10.171,0,0.0687,0.000318,0.935,0.0503,0.78,132.594,4,6,"techno_experimental",0.79
24442,"0UxINZ9R6LuUsU9o016EW3","Model 500","Classics","Electric Entourage",8,408000,FALSE,0.742,-14.771,1,0.0589,0.00433,0.889,0.153,0.821,133.551,4,6,"techno_experimental",0.76
24447,"0GdmMZKnhohyObB68eHTzv","Cybotron","Clear","The Line",9,301440,FALSE,0.868,-12.483,1,0.0446,0.0354,0.0113,0.0736,0.863,134.649,4,6,"techno_experimental",0.67
24455,"7l9HIihZ6ktmmYUCRv5fr8","Aril Brikha","Palma Ep","Palma - Original Mix",9,518095,FALSE,0.917,-13.125,0,0.0402,0.0625,0.825,0.0909,0.758,126.004,4,6,"techno_experimental",0.77
24461,"5cmma0QVY6aG5IyJYJcmjK","Aril Brikha","Loveland 20 Year Anniversary Collection","Zon",8,519666,FALSE,0.848,-10.42,0,0.0719,0.0603,0.926,0.112,0.329,124.993,4,6,"techno_experimental",0.79
24469,"6TrSoNlSqKpZaQFdauwQqw","Terrence Parker","Terrence Parker Presents: Disco Revisited","Gonna Rock You All Night - Original Mix",8,447285,FALSE,0.894,-10.153,0,0.0437,0.00227,0.79,0.184,0.745,125.031,4,6,"techno_experimental",0.82
24495,"6RXR3QADZ01gL9HRoNNgxq","Terrence Parker","The Emancipation Of My Soul","A Track For Love - Original Mix",8,357030,FALSE,0.628,-17.592,1,0.0648,0.00125,0.932,0.0581,0.319,123.059,4,6,"techno_experimental",0.81
24497,"6kqa34UdMHBvR2VOBLSxE0","Drexciya","Journey of the Deep Sea Dweller III","Unknown Journey IV",8,204331,FALSE,0.871,-8.618,1,0.0438,0.00049,0.00568,0.348,0.391,140.022,4,6,"techno_experimental",0.67
24504,"4MCpoV8h67xJlaz1japyZc","Octave One","Octivation EP","Paradise",4,325230,FALSE,0.822,-13.982,0,0.0418,0.00728,0.907,0.0786,0.656,124.594,4,6,"techno_experimental",0.57
24511,"2g8Q9yXcljFAU6oPZYZjgc","Delano Smith","I Fly EP","Ancestors - Main Mix",9,353826,FALSE,0.595,-9.366,1,0.0735,0.0049,0.665,0.051,0.722,124.989,4,6,"techno_experimental",0.81
24518,"07Sqi12AJGECPxYI1U5iMw","Inner City;Steffanie Christi'an","We All Move Together","Stop & Stare",9,157482,FALSE,0.833,-5.538,0,0.0586,0.0101,7.05e-05,0.108,0.385,122.041,4,6,"techno_experimental",0.66
24519,"6r2Rg67Q3McN5H80XFzjbp","Inner City","Praise","Praise",9,315246,FALSE,0.649,-14.83,0,0.0395,0.0112,0.00508,0.0532,0.549,124.903,4,6,"techno_experimental",0.58
24523,"3pqjsZidlH5MyJFWa3eQZj","Delano Smith","Detroit Love Vol. 1 - Mixed By Stacey Pullen","They're Coming - Mixed",9,163864,FALSE,0.286,-23.464,0,0.0593,0.0619,0.939,0.0823,0.428,123.074,4,6,"techno_experimental",0.8
24534,"6Dh6nTzrGg1IsEL6K8PwSP","Inner City","Fascinating Rhythms (Sound Systems & Dancefloor)","Big Fun",7,207666,FALSE,0.935,-11.603,0,0.05,0.0822,0.284,0.0763,0.964,120.13,4,6,"techno_experimental",0.68
24542,"0dCr81Sdt7dfWVK3LT7Vbx","Drexciya","Journey of the Deep Sea Dweller IV","Unknown Journey IX",8,141932,FALSE,0.993,-7.485,0,0.0719,0.00461,0.0188,0.066,0.473,130.581,4,6,"techno_experimental",0.52
24553,"09bXbLLy0fJDb4ggSDFdDs","Underground Resistance","Nocturbulous Behavior - The Mix","The Seawolf",25,134066,FALSE,0.93,-13.13,1,0.0472,0.0175,0.921,0.224,0.623,136.165,4,6,"techno_experimental",0.61
24570,"1a3xqnHcLEw4hGSqH2cgAZ","Octave One","The Collective","Empower - Original Mix",6,394504,FALSE,0.844,-9.865,0,0.0956,0.00921,0.868,0.117,0.187,132.061,4,6,"techno_experimental",0.77
24572,"207OMD0Q5bZQAGzT5Gx3hU","Blake Baxter","The H-Factor","H-Factor",7,341466,FALSE,0.996,-6.123,1,0.0635,0.0176,0.924,0.0797,0.42,140.047,4,6,"techno_experimental",0.76
24585,"7oWLMzcLDmtB1EyToQmxli","K-Hand","On A Journey","I Remember When",4,563879,FALSE,0.55,-11.706,1,0.0371,0.00602,0.0288,0.0743,0.836,133.996,4,6,"techno_experimental",0.7
24591,"70t1A145JZQnHhNWudTlB0","Suburban Knight","Nocturbulous Behavior - The Mix","Infra Red Spectrum",6,230400,FALSE,0.988,-12.301,0,0.0506,0.00316,0.901,0.098,0.34,135.609,4,6,"techno_experimental",0.7
24603,"1XcqcFqbGS27KDskh8UJ1T","Dopplereffekt","Gesamtkunstwerk","Plastiphillia 2",28,138800,FALSE,0.828,-13.378,1,0.0517,0.0462,0.698,0.0856,0.61,128.125,4,6,"techno_experimental",0.8
24609,"6m1IAMCbpGECDzCc1qQ3Fa","Kelli Hand;Jacob Korn","Uncanny Valley 002","Dance Away",7,407816,FALSE,0.574,-10.93,1,0.233,0.000196,0.384,0.101,0.442,120.006,4,6,"techno_experimental",0.82
24638,"6CCBKHm2BRWcHwHeXZHOWe","Psyche/BFC","Psyche/BFC - DELUXE DIGITAL VERSION","Please Stand By",6,303000,FALSE,0.824,-9.451,0,0.067,0.0222,0.941,0.107,0.276,119.84,4,6,"techno_experimental",0.64
24641,"0EWnft6FsFofJSSuyPJ97u","Omar S;Simon Black","I'll Do It Again","The Type I Like",5,334709,FALSE,0.173,-18.004,1,0.177,0.00346,0.916,0.0781,0.388,120.997,4,6,"techno_experimental",0.85
24657,"6R473LH1ND9OCsknfIQaap","Fanon Flowers","Hunt Patterns 2","Hunt Patterns 6",6,329330,FALSE,0.92,-10.84,1,0.0706,0.535,0.927,0.114,0.686,126.997,1,6,"techno_experimental",0.76
24658,"6p1inbzplbCFx6ooaiKzAs","Tres Demented","20 Fucking Years Of Planet E: We Ain't Dead Yet","Shez Satan",7,295240,FALSE,0.696,-6.739,0,0.201,0.00609,0.0389,0.118,0.366,120.008,4,6,"techno_experimental",0.96
24669,"0pPXrVCVqtPNxo8XUqHDKN","Omar S","It Can Be Done but Only I Can Do It","Over You Too",5,687894,FALSE,0.411,-15.035,0,0.119,0.00369,0.913,0.0585,0.534,120.01,4,6,"techno_experimental",0.81
24671,"6mUa7JwBsl3urryFa66jrq","ONYVAA;Mattia Trani;Dj Exos","Climax EP","Climax - Dj Exos remix 2",5,324000,FALSE,0.947,-10.126,0,0.0632,0.000674,0.91,0.11,0.612,140,4,6,"techno_experimental",0.5
24678,"4l9mQAcjMYyqe9xpxWVBnt","Kevin Saunderson;e-Dancer","Heavenly Revisited Album","Heavenly",7,200122,FALSE,0.942,-6.097,0,0.0348,0.000286,0.892,0.201,0.688,126.007,4,6,"techno_experimental",0.57
24685,"0FQ1PivvHi1Huyb08BovCM","Omar S","You Want","Mandela Gold",6,309097,FALSE,0.714,-9.343,0,0.0622,4.5e-06,0.935,0.0759,0.483,123.266,4,6,"techno_experimental",0.86
24691,"0lFxxJ24GQMmjRoWf4CbaE","Jeff Mills","AND Then There Was Light Sound Track","Trigger Happy Level",7,254426,FALSE,0.846,-14.241,1,0.0435,0.00312,0.744,0.167,0.0317,120.014,4,6,"techno_experimental",0.5
24701,"2ZKF8jc6zt1jb28AXZWnfW","Galaxy 2 Galaxy","Galaxy 2 Galaxy: A High Tech Jazz Compilation","Hi-Tech Jazz",29,336160,FALSE,0.741,-12.522,1,0.0428,0.008,0.614,0.0909,0.504,126.448,4,6,"techno_experimental",0.64
24703,"4x8or2YedkW1d1EqnSlSx3","Moodymann","Sinner: KDJ-48","I'll Provide",28,364680,TRUE,0.659,-11.379,1,0.0552,0.00424,0.486,0.14,0.535,122.001,4,6,"techno_experimental",0.88
24716,"3v830vuEbG5iX9drGk9Hge","Aaron Carl","Flash","Justa Groove",6,303397,FALSE,0.868,-8.89,0,0.33,0.00502,0.884,0.103,0.933,127.03,4,6,"techno_experimental",0.97
24725,"142D7NKJix5rmCnryDdVrY","Moodymann","Telephone","Forevernevermore - Remix",5,330732,FALSE,0.574,-16.33,1,0.0718,0.135,0.434,0.0888,0.416,120.954,4,6,"techno_experimental",0.73
24738,"2Wgp8j6Y1QoGEE1qxAeXQN","Derrick May","Innovator (Mayday)","Salsa Life",6,329093,FALSE,0.992,-5.761,0,0.0835,0.0063,0.907,0.47,0.862,130.92,4,6,"techno_experimental",0.66
24745,"6frUmrBTIa82iDqP8j0XI6","Kevin Saunderson","History Elevate Remixed","Just Want Another Chance - John Tejada Remix",6,401280,FALSE,0.615,-9.077,0,0.056,0.0135,0.903,0.107,0.631,126.011,4,6,"techno_experimental",0.81
24773,"1P03S1WpmThfnA8agCAGUt","Juan Atkins","The Berlin Sessions","Session 2",4,660666,FALSE,0.893,-14.169,1,0.0811,0.0023,0.877,0.108,0.465,127.955,4,6,"techno_experimental",0.76
24775,"2WnzBfryUtpvaP1WC1KJBg","Carl Craig","Sessions","Angel",7,429735,FALSE,0.446,-21.133,0,0.0893,0.00121,0.746,0.128,0.0395,120.011,4,6,"techno_experimental",0.81
24780,"2fiful22McKsVmRBOI1ABA","Model 500","Classics","Sound Of Stereo",7,411226,FALSE,0.937,-10.217,1,0.0694,3.78e-05,0.765,0.0583,0.721,118.774,4,6,"techno_experimental",0.73
24784,"5qfEmjeLreWeSI0Sntk9f0","Carl Craig","Deviation Classics","Sandstorms - C2 2011 Version",7,474424,FALSE,0.685,-13.318,1,0.0359,0.00215,0.897,0.106,0.374,119.142,4,6,"techno_experimental",0.58
24792,"6EbaxPXy48vu7EaY82q3hw","Carl Craig","DJ-Kicks (Carl Craig)","DJ-KiCKS Track - (At Les)",5,559466,FALSE,0.632,-15.738,1,0.0923,0.000671,0.818,0.334,0.37,134.987,4,6,"techno_experimental",0.79
24816,"18QDw3hCsKrkPDyTme2kEJ","Aril Brikha","Forever Frost","Tundra - Original Mix",5,406000,FALSE,0.862,-11.073,0,0.0476,0.0206,0.912,0.0312,0.896,125.995,4,6,"techno_experimental",0.75
24817,"2HUv4wOAGheO7eLgEoysFO","Aril Brikha","Pattern Recognition","Pattern Recognition",5,556590,FALSE,0.696,-10.696,1,0.0671,0.011,0.926,0.109,0.167,126.019,4,6,"techno_experimental",0.8
24819,"2b483uWxZQ7wjTBANcIVgx","Aril Brikha","Deeparture in Time - Revisited","Way Back",6,511266,FALSE,0.783,-8.732,0,0.0506,0.00337,0.613,0.107,0.248,134.816,4,6,"techno_experimental",0.74
24830,"2VR7xcUgrPl34hlZgZhjGK","Carl Craig;Jerome Sydenham","Angel Remixes","Angel - Jerome Sydenham Vocal Dub",5,538322,FALSE,0.755,-10.756,1,0.0368,0.0583,0.939,0.113,0.335,127.003,4,6,"techno_experimental",0.8
24839,"4vJQmGIcPJKkD3nmD2pDgG","Theo Parrish","Parallel Dimensions","So Now What",5,567266,FALSE,0.575,-13.858,0,0.108,0.0445,0.783,0.117,0.16,99.866,4,6,"techno_experimental",0.46
24847,"3RB3Bp1OA8jX3SNcpFpzxw","Terrence Parker","Emancipation of My Soul","Emancipation of My Soul - Terrence Parker's 1996 Remix",4,446113,FALSE,0.37,-14.805,0,0.0498,0.166,0.487,0.149,0.32,120.013,4,6,"techno_experimental",0.44
24853,"12uW7uFVE4wRt0hQetrTvl","Plastikman;Richie Hawtin","Closer","Headcase",15,592986,FALSE,0.188,-24.781,1,0.049,0.202,0.964,0.108,0.201,123.989,4,6,"techno_experimental",0.8
24855,"46NmN9EgRufJgORAihnwWG","The Other People Place","Lifestyles Of The Laptop Café","Sunrays",31,495813,FALSE,0.472,-11.698,1,0.224,0.166,0.83,0.0657,0.941,126.033,4,6,"techno_experimental",0.92
24873,"2N1vE6dO6wlZvUGKEwN3tC","Aril Brikha","Forever Frost","Glaciär/For Minou - Original Mix",6,473910,FALSE,0.79,-11.754,1,0.0549,0.00127,0.898,0.0728,0.479,126.02,4,6,"techno_experimental",0.8
24878,"2FWGtZjzkBeclzYk7Z2rGj","Aril Brikha","Prisma","More Restrained",7,397874,FALSE,0.567,-15.406,0,0.0478,0.255,0.937,0.0836,0.144,128.993,3,6,"techno_experimental",0.8
24882,"4yjqRcuowDVl77jkl5Fxyk","Terrence Parker","God Is Love","Standing in the Light",4,466187,FALSE,0.364,-12.732,0,0.0758,0.0133,0.838,0.126,0.663,120.037,4,6,"techno_experimental",0.81
24889,"1giYZTqlSKHv7CTIyw0A6E","Terrence Parker","GOD Loves Detroit","GOD Will Provide",5,412680,FALSE,0.779,-7.1,0,0.0546,0.00205,0.936,0.0467,0.991,122.005,4,6,"techno_experimental",0.81
24900,"4cySojfOiZ9KXfOvQPLK9J","Robert Hood","The Greatest Dancer","The Greatest Dancer",36,283971,FALSE,0.836,-6.402,0,0.128,0.0022,0.743,0.088,0.499,135.379,4,6,"techno_experimental",0.72
24913,"1QHFs2PZZG6nKJXB2tVtMZ","Delano Smith","Detroit Lost Tapes","One Day",5,403287,FALSE,0.601,-13.727,1,0.0748,0.0271,0.899,0.106,0.729,127.021,4,6,"techno_experimental",0.81
24916,"1viLe1wmYGwxIj5QOKOB5N","Delano Smith","An Odyssey","Inspiration",5,469240,FALSE,0.56,-9.238,0,0.135,0.00432,0.841,0.101,0.762,124.98,4,6,"techno_experimental",0.98
24936,"1dCr21NK23sbqsPl16GiZ6","Drexciya","Grava 4","Ociya Syndor",7,307760,FALSE,0.508,-16.304,0,0.0642,0.000889,0.927,0.0862,0.455,134.523,4,6,"techno_experimental",0.82
24939,"1HZYkeIHKWKsr1S8Z5mZUR","Robert Hood","Sven Väth - The Sound of the 20th Season (DJ Mix)","Reflector - Mixed",7,285709,FALSE,0.865,-7.525,1,0.0593,0.00379,0.843,0.283,0.11,126.021,4,6,"techno_experimental",0.7
24940,"0S6SYhqNVAq4xKZRSGLMkb","Drexciya","Journey of the Deep Sea Dweller II","Journey Home",7,291205,FALSE,0.676,-10.783,1,0.0466,0.000533,0.883,0.0556,0.943,129.689,4,6,"techno_experimental",0.75
24956,"3YcFHqSpQLGawYKTIhA3H1","Inner City","80s Music Mix","Good Life",5,244773,FALSE,0.783,-12.876,0,0.0496,0.173,0.0325,0.0327,0.952,121.307,4,6,"techno_experimental",0.72
24961,"4Cg03GyW6gQTnsWYtHootS","Robert Hood","Point Blank","Who Taught You Math",5,375400,FALSE,0.547,-14.724,0,0.0717,0.109,0.917,0.0747,0.519,133.145,4,6,"techno_experimental",0.8
24968,"09kPO649VaKzqvbac5W0Wl","Robert Hood","Shonky In the Hood","Who Taught You Math (Shonky Remix)",6,401860,FALSE,0.754,-9.957,1,0.0452,0.0101,0.889,0.137,0.744,128.976,4,6,"techno_experimental",0.61
24972,"3BAY4dhQ5Fchny1p49OYXv","Inner City","Ahnonghay EP","Ahnonghay - Original Reese Mix",6,426333,FALSE,0.877,-12.101,1,0.0652,0.026,0.804,0.0682,0.723,122.016,4,6,"techno_experimental",0.74
24990,"2ujn3C3DMiNF4GIb4MKn5W","Inner City","Good Life - The Best Of Inner City","Paradise",5,245160,FALSE,0.729,-11.32,0,0.0383,0.00294,0.0258,0.408,0.807,121.68,4,6,"techno_experimental",0.73
24994,"0DJ7UYtFh3vSpMz7El1Ngg","Inner City","Praise","Unity - Reese North Of Watford Mix",6,452264,FALSE,0.713,-15.055,1,0.0384,0.000116,0.886,0.356,0.717,125.898,4,6,"techno_experimental",0.67
25013,"2BHa53M6XzPMb3sBONBWG7","Bee Gees","Best Viral Tunes","More Than A Woman - From ""Saturday Night Fever"" Soundtrack",0,196213,FALSE,0.703,-6.24,1,0.0379,0.175,8.4e-05,0.571,0.673,106.164,4,9,"global_dance_urban",0.26
25015,"4Ky2iE37SBYir2GVOsW69u","Bee Gees","Viral Şarkılar","More Than A Woman - From ""Saturday Night Fever"" Soundtrack",0,196213,FALSE,0.703,-6.24,1,0.0379,0.175,8.4e-05,0.571,0.673,106.164,4,9,"global_dance_urban",0.18
25024,"2nh3U9fkXRXj8mEywrzZxE","Diana Ross","80s Bangers Vol. 1","I'm Coming Out",1,325266,FALSE,0.92,-4.457,1,0.0516,0.182,0.122,0.0903,0.739,110.141,4,9,"global_dance_urban",0.17
25028,"6oRYkFeQO0qhLw7PC4iRqz","Cyndi Lauper","Christmas Time","Hard Candy Christmas",0,231981,FALSE,0.361,-8.364,1,0.0235,0.742,0,0.0978,0.334,93.777,4,9,"global_dance_urban",0.17
25029,"27p5NVI8VIEnQvtr3DUCiY","Kool & The Gang","Artsy & Colourful","Celebration",0,298640,FALSE,0.782,-5.633,1,0.0657,0.139,0.0357,0.0495,0.899,120.763,4,9,"global_dance_urban",0.09
25036,"3olXS7r5RD0pxmBEnI7GGV","Lionel Richie","80s Bangers Vol. 2","Dancing On The Ceiling",0,272280,FALSE,0.874,-6.456,1,0.0521,0.121,0,0.394,0.709,133.214,4,9,"global_dance_urban",0.34
25043,"5CGziaEatzKez145qf7Xj2","Irene Cara","Nyårsmusik","Flashdance... What A Feeling - '95 Version",53,229213,FALSE,0.748,-6.159,0,0.0353,0.204,5.66e-06,0.138,0.662,129.03,4,9,"global_dance_urban",0.39
25045,"3tgVp3M5fgSNhEUE1iMILQ","Bee Gees","Karneval 2022 100%","Night Fever - From ""Saturday Night Fever"" Soundtrack",0,212800,FALSE,0.779,-7.057,0,0.0251,0.0178,0.00178,0.104,0.841,109.133,4,9,"global_dance_urban",0.36
25049,"2DTJCl4QX9NZwF1dCLQkqr","Barry White","Disco Boogie Mood","You're The First, The Last, My Everything - Single Version",0,212866,FALSE,0.717,-6.504,1,0.0376,0.00696,0.000408,0.139,0.808,130.948,4,9,"global_dance_urban",0.26
25055,"3pf96IFggfQuT6Gafqx2rt","Boney M.","Take The Heat Off Me","Sunny",69,242240,FALSE,0.868,-6.427,0,0.106,0.088,0.124,0.129,0.804,121.82,4,9,"global_dance_urban",0.27
25062,"30Blk5ivxogelO1rsp5tBg","Martin Solveig;Roy Woods","pov: it's 2020","Juliet & Romeo",0,204514,FALSE,0.722,-6.222,1,0.0334,0.0376,0.000151,0.0651,0.818,122.021,4,9,"global_dance_urban",0.18
25072,"2byj1f7sfew1edzk5NrHoe","Rick James","Workout Hits 2023","Super Freak",0,204600,FALSE,0.796,-6.866,0,0.0527,0.079,0,0.0503,0.944,132.528,4,9,"global_dance_urban",0.29
25077,"2ssl3oeVptDKx5PY59Sbm2","Womack & Womack","Best of 80s","Teardrops",49,230840,FALSE,0.808,-7.502,1,0.0401,0.0426,0.248,0.119,0.966,133.237,4,9,"global_dance_urban",0.32
25081,"2CjmX9aRcnD1UKAkWPz0jf","Chaka Khan","R'n'B Studying","Where Are You Tonite",0,296400,FALSE,0.494,-14.759,0,0.041,0.198,2.26e-05,0.0616,0.86,89.901,4,9,"global_dance_urban",0.28
25082,"0jdPUGPxzjKB3A4qqflyMH","The Knocks;Rivers Cuomo;Royal & the Serpent","Here to Forever - All New Indie","Sound the Alarm",0,171587,FALSE,0.788,-3.064,0,0.0436,0.0164,0.000306,0.541,0.774,101.006,4,9,"global_dance_urban",0.42
25106,"2cX2coZS1PYBfPs8wgbdWE","Bee Gees","How Can You Mend A Broken Heart","More Than A Woman - From ""Saturday Night Fever"" Soundtrack",76,196213,FALSE,0.703,-6.24,1,0.0379,0.175,8.4e-05,0.571,0.673,106.164,4,9,"global_dance_urban",0.21
25118,"1ZitTmSr7Qj4M6LPHnxI5c","Four Tops","Classic Christmas Music 2022","Little Drummer Boy",0,465573,FALSE,0.782,-7.787,1,0.0391,0.0418,0.0228,0.233,0.623,120.068,4,9,"global_dance_urban",0.19
25128,"3cdvpzOwafSUPewl5M2jZL","Four Tops","60s Christmas Party","I Can't Help Myself (Sugar Pie, Honey Bunch)",0,163680,FALSE,0.726,-4.85,1,0.0284,0.188,0,0.0624,0.964,126.813,4,9,"global_dance_urban",0.28
25130,"6f0BCLXP3ZZYnl8TmaoWCd","The Supremes","Rockin' Around The Christmas Tree 2022","Silver Bells - Stereo",0,179266,FALSE,0.344,-10.95,1,0.0272,0.586,9.84e-06,0.144,0.304,75.683,3,9,"global_dance_urban",0.3
25133,"4XWalzsKuGxujpmYN1JMvJ","The Supremes","pov: you hear the bells jingle","Silver Bells - 2015 Mix",0,222213,FALSE,0.277,-9.627,1,0.03,0.513,0,0.125,0.254,148.853,3,9,"global_dance_urban",0.27
25139,"2yB0vv1uJONVlnMOO8x8EV","Culture Club","Best Of Karneval","Karma Chameleon - Remastered 2002",0,256200,FALSE,0.867,-2.207,1,0.036,0.237,0,0.12,0.916,92.136,4,9,"global_dance_urban",0.34
25140,"4bmFTB79L8PUgBgNvXL3ra","The Supremes","A Very 60s Christmas","Little Bright Star - Stereo",0,146000,FALSE,0.774,-6.769,1,0.0564,0.549,0,0.103,0.553,115.007,4,9,"global_dance_urban",0.29
25143,"5EgFVmxJrYV6w3KyZGUa0x","The Supremes","Classic Christmas Music 2022","Children's Christmas Song - Stereo",0,170506,FALSE,0.666,-9.749,1,0.0381,0.392,0,0.231,0.734,115.868,4,9,"global_dance_urban",0.28
25162,"5jkFvD4UJrmdoezzT1FRoP","Boney M.","Nightflight to Venus","Rasputin",65,351573,FALSE,0.893,-6.509,1,0.036,0.289,0.00816,0.222,0.966,126.143,4,9,"global_dance_urban",0.34
25170,"1Jj6MF0xDOMA3Ut2Z368Bx","Cyndi Lauper","She's So Unusual: A 30th Anniversary Celebration (Deluxe Edition)","Time After Time",72,243066,FALSE,0.436,-9.321,1,0.0282,0.576,1.19e-06,0.0908,0.324,130.439,4,9,"global_dance_urban",0.32
25187,"5KrTvamlrpSDcv5Hbxl4l8","Hot Chocolate","Supa Chill","Pretty Girls",0,145866,FALSE,0.632,-6.415,1,0.0546,0.0922,0.000115,0.263,0.879,95.104,4,9,"global_dance_urban",0.23
25201,"3XDeeP9wBZzGhIPZmLfEEx","Culture Club","Colour By Numbers","Karma Chameleon",61,252760,FALSE,0.552,-12.385,1,0.0337,0.214,0,0.206,0.928,92.056,4,9,"global_dance_urban",0.26
25209,"4GhtDORJiSRYxj6M1bv0vX","Billy Ocean","Billy Ocean (Expanded Edition)","Love Really Hurts Without You",70,179013,FALSE,0.907,-3.732,1,0.0343,0.00221,1.15e-05,0.0838,0.961,140.982,4,9,"global_dance_urban",0.21
25221,"4LrqQJeqKbObLdsEego2um","Tobee","Ballermann Party Mix - Alle Après Ski Hütten Hits der letzten Jahre","Lotusblume",1,220000,FALSE,0.998,-3.628,1,0.0658,0.0101,0,0.352,0.934,139.985,3,9,"global_dance_urban",0.27
25234,"4sAqdPUG9RkPWLWnCXxuk7","Tobee","DJ Cashi präsentiert Mallora Closing 2022 powered by Xtreme Sound","Mallorca Kinder",0,202715,FALSE,0.997,-2.23,1,0.144,0.0241,0,0.387,0.333,133.966,3,9,"global_dance_urban",0.27
25236,"3bC5OWxckQeSNk9aWfIBjT","Andy Gibb;Olivia Newton-John","Best 70s Rock Tunes","I Can't Help It",0,250013,FALSE,0.412,-8.475,1,0.0286,0.435,1.09e-06,0.103,0.328,135.447,4,9,"global_dance_urban",0.36
25242,"2fdkKkohnJafytqQ96Mz7F","Andy Luxx","Ballermann Party Mix - Alle Après Ski Hütten Hits der letzten Jahre","Uschi, Otze, Erna (Wir feiern auch mit Werner)",0,200440,FALSE,0.984,-1.54,1,0.0648,0.0616,0,0.423,0.909,140.039,4,9,"global_dance_urban",0.25
25243,"37ZnNeWO8cd0bR3Ls1W425","Andy Luxx","Après Ski Megahits 2023","Uschi, Otze, Erna (Wir feiern auch mit Werner)",0,201016,FALSE,0.981,-1.514,1,0.068,0.0652,0,0.442,0.91,140.028,4,9,"global_dance_urban",0.28
25254,"6qnULXVFGfFqPj0Hpj0tIG","Le Youth","Underwater / Other Voices","Underwater",60,297635,FALSE,0.679,-6.068,1,0.0294,0.00745,0.0811,0.0532,0.321,123.019,4,9,"global_dance_urban",0.21
25261,"5B4gUqNKYgU38ULSWP5Bzj","BLOND:ISH;Francis Mercier;Amadou & Mariam","Sete","Sete",63,209760,FALSE,0.827,-3.902,0,0.0643,0.0199,0.00828,0.351,0.814,125.008,4,9,"global_dance_urban",0.34
25274,"6vWZ3AWJZSU4GImoBJFcon","Kideko","Toolroom Amsterdam 2022","Free",5,162380,FALSE,0.9,-6.293,0,0.0386,0.00617,0.516,0.322,0.77,126.01,4,9,"global_dance_urban",0.32
25276,"05fHQeRbCSjKVS6z0WbQKJ","Paul Young","From Time To Time - The Singles Collection","Every Time You Go Away - Radio Edit",70,267000,FALSE,0.721,-8.959,1,0.0402,0.187,7.41e-06,0.216,0.844,164.252,4,9,"global_dance_urban",0.2
25284,"4MjhHVpKVaJjIHyxnMGUyh","Peter Wackel","DJ Cashi präsentiert Mallora Closing 2022 powered by Xtreme Sound","Es regnet Bier",1,213161,FALSE,0.965,-2.717,0,0.19,0.0221,0,0.347,0.791,137.966,4,9,"global_dance_urban",0.44
25285,"27Fz7aFTrEKeD9ymy3CK0j","Peter Wackel;Chriss Tuxi","Karneval 2022 100%","Joana",0,204386,FALSE,0.906,-4.856,1,0.0336,0.174,1.35e-06,0.176,0.961,126.043,4,9,"global_dance_urban",0.21
25289,"6rXn4Pm2CXg2RRxPvdLZHz","Peter Wackel","Après Ski Megahits 2023","Ich verkaufe meinen Körper",0,193106,FALSE,0.997,-2.362,0,0.235,0.0806,0,0.283,0.335,139.953,4,9,"global_dance_urban",0.42
25293,"1Dwn6ejwOZZrdVHFiwst0D","Tavares","Disco Boogie Mood","Heaven Must Be Missing An Angel - Pt. 1",1,415333,FALSE,0.711,-11.712,1,0.0511,0.00177,0.0125,0.128,0.889,117.159,4,9,"global_dance_urban",0.14
25296,"7FWsSCMaDRXubEZOqxwtAJ","Rose Royce","Disco Boogie Mood","Car Wash - Single Version",0,198520,FALSE,0.625,-8.185,0,0.184,0.227,4.59e-05,0.0335,0.828,114.928,4,9,"global_dance_urban",0.35
25302,"6mTnH6xSYwKohtsO9RFzcc","Eric Prydz;Empire of the Sun","Liberate (Remixes)","We Are Mirage",62,379500,FALSE,0.792,-6.723,0,0.0361,0.000521,0.75,0.494,0.0871,127.956,4,9,"global_dance_urban",0.43
25306,"0F2BxpbxH8Yc3pLub48hrb","Eric Prydz","Pjanoo","Pjanoo - Radio Edit",68,157432,FALSE,0.874,-4.949,0,0.0295,0.000563,0.812,0.112,0.836,125.99,4,9,"global_dance_urban",0.27
25309,"7MF7QAodbGzNYav5ZfIhAY","Gladys Knight & The Pips","Imagination (Expanded Edition)","Midnight Train to Georgia",71,279333,FALSE,0.379,-12.058,0,0.0454,0.271,2.81e-05,0.1,0.448,92.006,4,9,"global_dance_urban",0.34
25310,"3m0y8qLoznUYi73SUBP8GI","Ray Parker Jr.","Ghostbusters (Original Motion Picture Soundtrack) [2016]","Ghostbusters",69,245253,FALSE,0.846,-5.017,1,0.0372,0.0103,0.000281,0.26,0.738,115.636,4,9,"global_dance_urban",0.13
25322,"6QRHr540RPyPgWNyCtX0Y5","Zapp","All the Greatest Hits","Mega Medley",39,248600,FALSE,0.788,-7.09,1,0.15,0.197,9.09e-05,0.39,0.765,111.738,4,9,"global_dance_urban",0.37
25327,"4gitetlGHZ9LfuJhwUhEhF","Olivia Newton-John","Physical (Deluxe Edition)","Physical - Remastered 2021",69,225992,FALSE,0.728,-8.473,0,0.0436,0.127,0.00114,0.114,0.74,124.066,4,9,"global_dance_urban",0.32
25389,"6uopsC7wCZfSZc4TfyjazT","Almklausi","Ballermann Party Mix - Alle Après Ski Hütten Hits der letzten Jahre","Eine Skifahrt die ist lustig",0,190014,FALSE,0.989,-3.711,1,0.13,0.0421,0,0.413,0.516,141.039,4,9,"global_dance_urban",0.29
25402,"4UQH52FfgGpzDShKDbBvEA","Patrice Rushen","Straight From The Heart","Forget Me Nots - Remastered",64,284506,FALSE,0.459,-6.962,0,0.0427,0.079,0.0593,0.0532,0.962,113.818,4,9,"global_dance_urban",0.17
25407,"0OSAJEA0ekX6pr2nuiPzX7","iio;Nadia Ali","Poetica (feat. Nadia Ali)","Rapture (feat.Nadia Ali)",56,253586,FALSE,0.855,-8.403,1,0.0377,0.0722,0.0185,0.199,0.601,123.943,4,9,"global_dance_urban",0.33
25427,"0m4jVVZrsv0bLkAr1uM6UG","Captain & Tennille","Make Your Move","Do That To Me One More Time",68,256666,FALSE,0.524,-8.227,1,0.0255,0.563,0.000131,0.0913,0.51,90.262,4,9,"global_dance_urban",0.25
25430,"1HUTQRf1kFERMNNVvCU5R4","CHIC","Risqué (2018 Remaster)","My Forbidden Lover - 2018 Remaster",34,274960,FALSE,0.819,-12.712,0,0.0587,0.143,0,0.298,0.807,108.338,4,9,"global_dance_urban",0.4
25436,"7qL0ktZOvAZ5anQ9rDpbru","Lorenz Büffel;Anna-Maria Zimmermann","Ein Lied für diese Welt","Ein Lied für diese Welt",35,233142,FALSE,0.884,-3.649,1,0.0341,0.101,0,0.0818,0.375,140.035,4,9,"global_dance_urban",0.23
25441,"3OMIYDXn48Zbb29wRZzgsM","Lorenz Büffel","Der Baumgart Marsch - Made in Colonia","Der Baumgart Marsch - Made in Colonia",35,203285,FALSE,0.93,-3.521,1,0.35,0.0163,0,0.251,0.636,133.179,3,9,"global_dance_urban",0.4
25448,"26ekeYholcU9RYnWtpJfUQ","Tim Toupet","Best Of Karneval","So ein schöner Tag (Fliegerlied) - Party Mix",0,208786,FALSE,0.977,-3.097,1,0.269,0.178,0,0.134,0.806,135.767,4,9,"global_dance_urban",0.29
25456,"2x4TC1471wNt67jA5bH6Pi","Akcent","How Many Times","How Many Times",25,227992,FALSE,0.772,-5.851,1,0.0488,0.0111,1.18e-05,0.0854,0.452,94.039,4,9,"global_dance_urban",0.31
25464,"37nxLdGbmgEYQYrqe14xOp","Dan Hartman","Streets Of Fire","I Can Dream About You",63,249560,FALSE,0.5,-14.105,1,0.0513,0.0515,0,0.0373,0.903,112.989,4,9,"global_dance_urban",0.26
25467,"2NVpYQqdraEcQwqT7GhUkh","Chaka Khan","Epiphany: The Best of Chaka Khan, Vol. 1","Ain't Nobody",67,280853,FALSE,0.878,-7.109,1,0.0434,0.189,0.000104,0.14,0.816,104.282,4,9,"global_dance_urban",0.25
25488,"2MJMOHpIQVZl6JvUvUnopC","Maze;Frankie Beverly","Maze (Remastered)","While I'm Alone - Remastered",36,276826,FALSE,0.766,-7.579,0,0.0474,0.486,0,0.128,0.936,155.521,4,9,"global_dance_urban",0.35
25492,"1mskmld5ZKEhRaNvYVPoqZ","Laura Branigan","Branigan","Gloria",65,289853,FALSE,0.743,-6.807,1,0.0289,0.107,0.293,0.149,0.84,131.343,4,9,"global_dance_urban",0.26
25503,"6h0JI3F1i7oQnJcI1xCodk","Akcent","Rita","Rita",38,172467,FALSE,0.695,-5.39,0,0.0687,0.0176,0.0753,0.127,0.591,95.989,4,9,"global_dance_urban",0.25
25521,"4tELPC3XSTG4KXntjidNfZ","Tapps","RE-Turn","Burning With Fire",33,389553,FALSE,0.907,-6.182,1,0.0437,0.00106,0.084,0.0875,0.768,134.945,4,9,"global_dance_urban",0.29
25523,"50RwbhBO3Ug6INE7Dj2yCI","The Isley Brothers","Bedroom Classics, Volume 3 [Digital Version]","Smooth Sailin' Tonight - Single Version; Remastered",34,239746,FALSE,0.41,-11.848,1,0.0477,0.282,0,0.0987,0.528,76.291,4,9,"global_dance_urban",0.3
25537,"604fn74h7g6SeX9uqP3nOQ","Szumek;Majki","Podrabiany Rolex","Podrabiany Rolex - Extended Mix",33,182400,TRUE,0.805,-6.492,1,0.356,0.293,0.000155,0.0822,0.864,150.063,4,9,"global_dance_urban",0.29
25539,"0AGuYcLlnbR7AOQSbTGzIz","Bayer Full","Blondyneczka (The Best)","Bo to jest moja muzyka",33,232960,FALSE,0.573,-8.937,0,0.0303,0.0799,0.000111,0.291,0.562,201.077,4,9,"global_dance_urban",0.32
25542,"4nkGwi71JA1qMPptDPK9gA","The Bar-Kays","Thanksgiving Party","Soul Finger",0,141360,FALSE,0.467,-14.99,1,0.0312,0.148,0.883,0.334,0.852,115.871,4,9,"global_dance_urban",0.22
25552,"4lgEtC1W3xZSRFoJuPLmkk","Le Youth","Virgo","Virgo",50,324000,FALSE,0.871,-8.068,1,0.0386,0.279,0.894,0.131,0.0719,121.994,4,9,"global_dance_urban",0.18
25553,"4Cv6ongCvJy9JfSkWVnb5D","Kool & The Gang","Something Special","Get Down On It",64,293666,FALSE,0.389,-15.362,0,0.0569,0.0753,1.2e-05,0.0471,0.968,111.52,4,9,"global_dance_urban",0.3
25561,"65RSeqWjiCufFg7vjTuouG","Lifelike;Lawrens","Girls (Radio Edit)","Girls - Radio Edit",41,160000,FALSE,0.87,-6.165,0,0.0713,0.00288,0.000162,0.11,0.899,119.964,4,9,"global_dance_urban",0.37
25571,"3HWaSYU8Q3XNuJlF6nLrfq","Silent Circle","No.1 (Jubiläums Edition)","Touch in the Night",55,319813,FALSE,0.812,-4.568,1,0.0379,0.0375,0.0138,0.108,0.865,122.083,4,9,"global_dance_urban",0.26
25575,"40hIuxoe1aHcfnjOjl6Tkj","Tina Turner","Open Arms","The Best - Edit",62,253592,FALSE,0.701,-10.46,1,0.0275,0.0341,0.00479,0.114,0.824,103.789,4,9,"global_dance_urban",0.15
25576,"2sHmscm6NClVLvPtqk1A73","The Limit","Pure... '80s Soul Grooves","Say Yeah",32,264653,FALSE,0.753,-9.196,1,0.0543,0.0105,0,0.337,0.785,123.463,4,9,"global_dance_urban",0.31
25579,"5SJiLp24UI4w9PW0LnpdBG","Earth, Wind & Fire","Pure... 80's Dance Party","Let's Groove",33,243333,FALSE,0.769,-6.331,0,0.0568,0.156,0,0.258,0.866,125.184,4,9,"global_dance_urban",0.23
25588,"65rBh62qzwkFzBRIWibU1e","Tanja Lasch","100% LIEBE","Marie",32,219956,FALSE,0.818,-3.852,1,0.0464,0.0426,0,0.141,0.516,122.03,4,9,"global_dance_urban",0.33
25599,"4C5LdhWdqJujGwtbI1l5fi","Fantasy","Lieder unseres Lebens","Wovon träumst du denn",33,221277,FALSE,0.89,-4.603,1,0.0518,0.144,0,0.0885,0.416,122.16,4,9,"global_dance_urban",0.33
25621,"1VTMnL02a5mShVJxbZWunu","Culture Club","At Worst...The Best Of Boy George And Culture Club","Victims",34,295333,FALSE,0.312,-14.24,1,0.0333,0.431,0,0.111,0.371,126.75,4,9,"global_dance_urban",0.23
25639,"2Jgwq9odlFwXJjgfGgrtrb","Andre","Ta szalona Karolina (Radio Edit)","Ta szalona Karolina - Radio Edit",32,182449,FALSE,0.923,-4.462,1,0.0696,0.00258,0.000249,0.228,0.959,147.019,4,9,"global_dance_urban",0.17
25652,"2GuIRSthEpYN5MO6PGD7Vx","Polo & Pan","Dorothy","Dorothy",59,316372,FALSE,0.427,-10.819,1,0.0509,0.0245,0.405,0.0953,0.439,118.008,4,9,"global_dance_urban",0.28
25654,"30q3JG3LlFpk8XypDDq6DR","BLOND:ISH;Shawni","Wizard of Love (Radio Edit)","Wizard of Love - Radio Edit",53,236303,FALSE,0.511,-8.366,1,0.0451,0.0549,0.45,0.102,0.446,120.017,1,9,"global_dance_urban",0.21
25662,"3RhoJBbU3aXy4hO9cFQZEL","Moonwalk","Solaris - EP","Enigma",47,377953,FALSE,0.769,-8.88,1,0.0483,0.00136,0.906,0.108,0.108,124.015,4,9,"global_dance_urban",0.39
25663,"2zJ5nuyOQi4jBvToG3HHys","Roger Sanchez;Oliver Heldens","Another Chance","Another Chance",55,254130,FALSE,0.913,-5.744,0,0.049,0.0212,0.0254,0.376,0.0441,128.01,4,9,"global_dance_urban",0.21
25672,"6BDWITl9HpvfD0Kacsmcu3","Billy Preston","Ultimate Collection: Billy Preston","I'm Never Gonna Say Goodbye",34,221826,FALSE,0.376,-10.072,1,0.0271,0.599,0,0.107,0.208,141.77,4,9,"global_dance_urban",0.29
25677,"2KQySo7KY4nQ52XwaR94Tc","Janusz Laskowski","Wszystko chłopcy jest O.K.","Śnił mi się rodzinny dom",32,179493,FALSE,0.73,-6.954,0,0.0389,0.41,0.000115,0.0757,0.867,79.982,4,9,"global_dance_urban",0.24
25700,"4QcDkuGQx9824a6X9BZF4e","Martin Solveig;Ina Wroldsen","Places","Places",62,202745,FALSE,0.854,-3.86,0,0.0457,0.248,0.00188,0.149,0.62,121.995,4,9,"global_dance_urban",0.27
25703,"4XP2xY8tUYed1cceuh24Q8","The Knocks;Studio Killers","Bedroom Eyes (feat. Studio Killers)","Bedroom Eyes (feat. Studio Killers)",58,178420,FALSE,0.786,-3.725,1,0.0761,0.0035,6.99e-05,0.179,0.414,109.019,4,9,"global_dance_urban",0.26
25720,"7bvuyE21cfzzM3JzRNtyp7","Ikke Hüftgold;Lorenz Büffel","Asamoah","Asamoah",31,192733,FALSE,0.944,-2.854,1,0.0441,0.0127,0,0.208,0.682,134,4,9,"global_dance_urban",0.24
25721,"7pGboneNRAZ5zwT7M3WayC","Alex Gaudino;Crystal Waters","Destination Calabria","Destination Calabria - UK Radio Edit",60,181946,FALSE,0.933,-7.681,1,0.0516,0.000165,0.00621,0.0636,0.291,128.078,4,9,"global_dance_urban",0.43
25723,"0aNwPLqn7nT8DvT1jUQDw6","Gladys Knight & The Pips","The Essential Gladys Knight & The Pips","Baby, Don't Change Your Mind",33,194000,FALSE,0.759,-7.735,1,0.0546,0.537,3.56e-05,0.105,0.773,113.012,4,9,"global_dance_urban",0.37
25730,"3fGNEVwPUykuWKsFFx2xAX","The Main Ingredient","Rolling Down a Mountainside","Rolling Down a Mountainside",32,274693,FALSE,0.869,-5.092,1,0.0822,0.443,0.0742,0.318,0.623,122.92,4,9,"global_dance_urban",0.27
25736,"2aUL3K9oSKea7rzFJRcFlQ","MiłyPan","Discopolot","Królowa",30,210460,FALSE,0.823,-9.701,1,0.12,0.0538,4.96e-05,0.0489,0.968,138.013,4,9,"global_dance_urban",0.24
25741,"6cfNBFSKFB59wO8xIFZ0qI","Ivan komarenko","Tango saute","Dom na wiślanym brzegu",31,209093,FALSE,0.758,-7.31,0,0.0675,0.497,0,0.0506,0.849,106.978,4,9,"global_dance_urban",0.21
25750,"68yqiuPVxrT9OySWFDwDDd","The C90s;Flight Facilities","Shine A Light","Shine A Light - Flight Facilities Remix",51,349962,FALSE,0.672,-10.185,1,0.0475,0.0149,0.455,0.074,0.818,104.996,4,9,"global_dance_urban",0.17
25752,"6HUnAzGo1zYfdX4ZW1yiZh","Tale Of Us;Kiasmos","Endless (Remixes)","Notte senza fine - Kiasmos Remix",49,388153,FALSE,0.448,-16.847,1,0.0454,0.228,0.913,0.107,0.231,120.009,4,9,"global_dance_urban",0.37
25755,"5tfqO6elC42ZwXfIN1aSDk","Jamie Jones;AMÉMÉ","Pliva","Pliva",51,244570,FALSE,0.886,-6.999,1,0.0516,0.00306,0.531,0.0523,0.774,123.007,4,9,"global_dance_urban",0.24
25761,"6tfmaOWBVvzYALzkwdBHj2","Adana Twins","Picture: Adana Twins","C3PO",33,458836,FALSE,0.932,-9.681,1,0.0488,0.0898,0.918,0.111,0.039,123.999,4,9,"global_dance_urban",0.22
25769,"68nGAedFipeAmAM12v0pT4","Room 5","Music & You","Sunset Café",31,326493,FALSE,0.699,-8.738,0,0.042,0.000641,0.711,0.855,0.625,124.502,4,9,"global_dance_urban",0.55
25782,"7EDhnC7KDEWhEf8usTF20d","Capitan Folk","Będę Cię Kochał","Będę Cię Kochał",30,210400,FALSE,0.793,-6.776,0,0.179,0.0108,0,0.212,0.887,150.062,4,9,"global_dance_urban",0.24
25793,"3Ph1IPNjUSGqOWZmlrjA9d","Kings Of Tomorrow;Julie Mc Knight","Technics : House","Finally",0,313349,FALSE,0.728,-8.629,1,0.0725,0.0497,0.000213,0.184,0.895,124.993,4,9,"global_dance_urban",0.24
25794,"2n2Dh09XwR2HZ2CSY1XMqc","Dejw","No chętnie","No chętnie - Radio Edit",31,182465,FALSE,0.767,-8.2,1,0.0488,0.000424,0,0.365,0.766,146.047,4,9,"global_dance_urban",0.47
25797,"2OH7gEuDmtdlUce6y0u7EP","Teddy Pendergrass","Life Is A Song Worth Singing (Expanded Edition)","Only You",30,303826,FALSE,0.749,-8.892,0,0.0804,0.298,0.00332,0.242,0.722,120.866,4,9,"global_dance_urban",0.22
25807,"4YsRwnLY33wmIoBHtQ0GsC","Akcent","King of Disco","King Of Disco",33,223240,FALSE,0.971,-2.925,0,0.0289,0.0498,0,0.139,0.918,128.008,4,9,"global_dance_urban",0.46
25811,"1BMFet4vUoOgpLYIl3kVMQ","Tensnake;Purple Disco Machine","Coma Cat (Purple Disco Machine Re-Work)","Coma Cat - Purple Disco Machine Re-Work",59,208544,FALSE,0.978,-4.868,0,0.0589,0.0151,0.714,0.309,0.756,122.017,4,9,"global_dance_urban",0.16
25812,"7gUMShP1l20tC0xf17Zplk","Christopher Cross","Christopher Cross","Ride Like the Wind",67,275506,FALSE,0.707,-13.66,0,0.0478,0.347,0.000716,0.0997,0.806,124.335,4,9,"global_dance_urban",0.41
25820,"1xA6ciTZn37GIUv9mkuRpC","Fair Play","Ładne oczy (Radio edit)","Ładne oczy - Radio edit",29,254891,FALSE,0.932,-5.65,0,0.0358,0.0749,0.00175,0.352,0.953,138.006,4,9,"global_dance_urban",0.36
25824,"1j5g43pBvRsnhJvL9NTJH3","B-qll","Czy to czujesz?","Czy to czujesz",29,198207,FALSE,0.931,-3.434,1,0.0409,0.0691,0,0.251,0.818,138.551,4,9,"global_dance_urban",0.35
25837,"5JhDVEBy4Jz5JXvKTqLQDR","Magik Band","Przeboje Magika vol.2","Góraleczka 2020 - Radio Edit",30,221538,FALSE,0.831,-6.732,0,0.0425,0.215,0.00576,0.313,0.963,143.058,4,9,"global_dance_urban",0.18
25839,"1GbMjBm3Uno08eazazlrg0","Allessa","Weihnachten Playlist","Schenk mir dein Herz zum Weihnachtsfest",0,191380,FALSE,0.654,-4.563,1,0.0291,0.396,0,0.102,0.401,163.795,4,9,"global_dance_urban",0.24
25852,"1tdYpQ1jS6Y1Y43B3LxoFb","Akcent;Lidia Buble;Ddy Nunes","Around the World","Kamelia",25,203582,FALSE,0.714,-6.063,1,0.0519,0.00459,0,0.241,0.489,97.001,4,9,"global_dance_urban",0.36
25855,"7fCR5jaisnPxIHcvyUKAv9","Axwell;Shapov;Years","Belong","Belong - Axwell & Years Remode Edit",44,217500,FALSE,0.881,-3.102,1,0.0388,0.0273,0,0.104,0.215,127.958,4,9,"global_dance_urban",0.29
25864,"0KTJspEB47vrZxcvIZhzKp","Heatwave","Too Hot to Handle (Expanded Edition)","Sho'Nuff Must be Luv",31,245813,FALSE,0.295,-13.302,0,0.0241,0.502,0,0.0753,0.316,83.001,4,9,"global_dance_urban",0.2
25882,"1QQNUZppO50TQvd1hmpCMZ","Zespół Starling","Serduszko puka w rytmie cha-cha","Najtrudniejszy pierwszy krok",30,154586,FALSE,0.695,-5.975,1,0.0511,0.699,0,0.234,0.862,123.177,4,9,"global_dance_urban",0.31
25884,"5dcIjv7GMNMSaQ7nAkoFNM","AA Apres-Ski!","Apres-Ski Lawine 2010","Hey wir wolln die Eisbärn sehn",29,188946,FALSE,0.931,-5.096,1,0.0439,0.00386,2.6e-05,0.087,0.626,137.972,4,9,"global_dance_urban",0.21
25889,"3GTYJ4wz7INtvf1uryZ7DR","Crazibiza;HOP;House of Prayers","Amsterdam After Disco, Vol. 5","Stomp - HOP Remix",0,271219,FALSE,0.9,-3.802,0,0.07,0.00472,0.923,0.0421,0.22,123.011,4,9,"global_dance_urban",0.17
25897,"5u8btv2ohdDQMNJlbVWPDm","Fantasy","Casanova","Sag nie mehr vielleicht",30,200146,FALSE,0.811,-5.602,1,0.0418,0.276,0,0.0583,0.579,123.985,4,9,"global_dance_urban",0.12
25907,"2s7KTNJh06AEuc86Nvttz7","Boney M.","The Magic Of Boney M. (Special Remix Edition)","Ríos de Babylonia",39,247960,FALSE,0.788,-7.871,1,0.0265,0.0536,0.0124,0.317,0.963,116.241,4,9,"global_dance_urban",0.28
25915,"0aejKLmsNrQxiynowxFT5N","Bayera","Bo z Tobą","Bo z Tobą",29,201739,FALSE,0.925,-4.2,0,0.0808,0.113,0,0.0565,0.852,137.979,4,9,"global_dance_urban",0.19
25924,"46Liv0Pkip7IL14eJeHHbu","Harold Melvin & The Blue Notes;Teddy Pendergrass","To Be True (Expanded Edition) (feat. Teddy Pendergrass)","To Be True (feat. Teddy Pendergrass)",31,279426,FALSE,0.432,-14.698,1,0.0796,0.166,0,0.129,0.523,177.466,4,9,"global_dance_urban",0.3
25947,"7juldJ3Bp7nwj4G8mCEM1R","Marcin Siegienczuk","Top Hits Disco Polo Vol6","Martini z Lodem",29,205984,FALSE,0.816,-6.912,0,0.0369,0.000577,0.00207,0.309,0.883,126.969,4,9,"global_dance_urban",0.25
25969,"4q3PJE85zkind6pucyNq9g","Lionel Richie","The Definitive Collection","Angel",44,221853,FALSE,0.81,-10.647,1,0.0407,0.0107,0,0.0927,0.609,128.001,4,9,"global_dance_urban",0.39
25974,"4Argn9jaXH4GYQFer2X749","Tim Toupet","Tote Enten (Xtreme Sound Party Mix)","Tote Enten (Xtreme Sound Party Mix)",29,202648,FALSE,0.998,-2.045,0,0.186,0.101,0,0.0571,0.884,133.888,4,9,"global_dance_urban",0.37
25978,"1CsRaGhy1gE30iG5UTzZ25","Luka Rosi;Marcin Miller","Winogrona","Winogrona",29,217946,FALSE,0.768,-8.411,1,0.163,0.00596,0,0.357,0.947,139.97,4,9,"global_dance_urban",0.25
25981,"2o3WT6RdrJcjRcXzLYfiMg","The Intruders","Cowboys to Girls","Friends No More",31,177120,FALSE,0.431,-9.661,1,0.0305,0.697,0,0.25,0.535,175.555,3,9,"global_dance_urban",0.32
27023,"5ami95W9OOWQPwrBb5tud5","Pendulum","Immersion","Watercolour - Full Version; Single",58,304106,FALSE,0.896,-5.696,0,0.103,0.000174,0.039,0.323,0.169,174.065,4,12,"high_energy_rave",0.53
27034,"6GM93QLita5nZknl6G2s4M","Noisia;Mefjus","The Resonance IV","Concussion - Mefjus Remix",44,226046,FALSE,0.98,-0.488,1,0.25,0.000282,0.841,0.566,0.396,172.039,4,12,"high_energy_rave",0.7
27070,"3VPBqHUd17ZvEgabW9ZOUU","Maduk;Veela","Ghost Assassin EP","Ghost Assassin - Original Mix",50,221624,FALSE,0.923,-4.477,1,0.0475,0.00809,4.06e-05,0.0929,0.0798,176.001,4,12,"high_energy_rave",0.82
27071,"39wGAAxg1ymlJ1r6acT6Wb","Noisia;Subtension","The Resonance IV","The Entangled - Subtension Remix",27,219692,FALSE,0.917,-5.785,0,0.072,0.000155,0.886,0.0689,0.0369,173.409,5,12,"high_energy_rave",0.7
27088,"7Lh28afkQhTfCNa8IjRVJN","Chase & Status;Sub Focus;Takura","No More Idols (Platinum Edition)","Flashing Lights",24,250413,FALSE,0.808,-5.139,0,0.048,0.0233,0,0.282,0.274,140.04,4,12,"high_energy_rave",0.49
27098,"4DYnegJUaYhTU0gBMvm1RC","Shapeshifter","Ritual (Under Your Spell) / The Roxxy","Ritual (Under Your Spell)",26,345055,FALSE,0.889,-6.11,1,0.0908,0.00422,0.152,0.109,0.217,159.984,4,12,"high_energy_rave",0.52
27126,"5EAc78vmm6ycypFqT5rsNc","DJ Zinc;Dynamite MC","Drop Beats Not Bombs","Creeper",23,301899,FALSE,0.614,-9.197,1,0.0327,0.00281,6.71e-05,0.157,0.656,87.995,4,12,"high_energy_rave",0.64
27129,"4fjprVQCBGaOVKahwHEHrB","Black Sun Empire;State of Mind","Until The World Ends","Bad",23,319534,FALSE,0.925,-1.82,1,0.0811,0.000283,0.655,0.315,0.375,172.069,4,12,"high_energy_rave",0.53
27130,"4IQiuJmUs1KzqR9RiFjXo4","Noisia","Outer Edges","Collider",35,286522,FALSE,0.936,-4.171,1,0.0737,0.00405,0.774,0.178,0.3,122.833,4,12,"high_energy_rave",0.44
27162,"0yNF0v2ozoM1qoCCMzZjlv","Delta Heavy","Paradise Lost","White Flag",48,183120,FALSE,0.61,-3.06,0,0.0347,0.00395,0,0.101,0.222,87.06,4,12,"high_energy_rave",0.47
27181,"7rzjYyILDQGOAm8kBFrZoh","BCee;Leo Wood;Whiney","Sincerely Yours (Whiney Remix)","Sincerely Yours - Whiney Remix",22,289655,FALSE,0.576,-3.488,0,0.0636,0.00864,0.00028,0.058,0.156,86.998,4,12,"high_energy_rave",0.75
27194,"4AHhH0EJ4DVw9BnyyWZn8u","Chase & Status","No More Idols (Platinum Edition)","End Credits - VIP Mix",21,293600,FALSE,0.862,-4.139,1,0.0355,0.000125,0.0231,0.136,0.435,175.02,4,12,"high_energy_rave",0.7
27211,"0Q6lB3BAkx9ZjLzj0f1fYA","Matrix & Futurebound;Calum Scott;Nick Talos","Light Us Up (feat. Calum Scott) [Nick Talos Remix]","Light Us Up (feat. Calum Scott) - Nick Talos Remix",41,221042,FALSE,0.77,-3.627,1,0.0363,0.245,0,0.171,0.574,105.028,4,12,"high_energy_rave",0.59
27232,"4tElcYfEro42oZe7X6AbEf","Sub Focus;Wilkinson;Empara Mi","Portals","Freedom - Sub Focus & Wilkinson",52,242946,FALSE,0.837,-4.083,1,0.0458,0.0213,8.63e-06,0.298,0.0395,174.096,4,12,"high_energy_rave",0.7
27245,"0VvJPS59eFneAp22e3mWI3","Netsky","2","911",21,203917,FALSE,0.924,-4.124,0,0.0832,0.00039,0.669,0.295,0.66,174.089,4,12,"high_energy_rave",0.5
27250,"76W3fLYn2e4fUeDQJaFdml","DJ Fresh;Diplo;Dominique Young Unique","Earthquake (DJ Fresh vs. Diplo) [Remixes] (feat. Dominique Young Unique)","Earthquake (DJ Fresh vs. Diplo) (feat. Dominique Young Unique) - Edit",36,189994,FALSE,0.853,-0.418,1,0.115,0.00331,0.00417,0.0354,0.199,164.025,4,12,"high_energy_rave",0.56
27273,"0wRaNYdWeApIlXogpoyB9S","Lenzman;Akemi Fox","NQ State of Mind","Fallin' - Lenzman Remix",20,270909,FALSE,0.895,-4.764,0,0.0814,0.00237,0.00935,0.0888,0.365,84.976,4,12,"high_energy_rave",0.42
27277,"00k6JaeZZxi2OgRReZUn3P","Keeno","All The Shimmering Things","Tree Houses",20,310444,FALSE,0.881,-4.131,1,0.0402,7.79e-05,0.861,0.322,0.056,173.981,4,12,"high_energy_rave",0.59
27278,"4aTaoe2EJygah6fQj8XGrs","LSB","A New Day","Tripped",20,446496,FALSE,0.624,-4.928,1,0.0627,0.00668,0.903,0.114,0.0624,173.982,4,12,"high_energy_rave",0.51
27288,"6B9mcMqfCvjoB9GD3xxL1Z","Pendulum","Propane Nightmares","Propane Nightmares",19,313866,FALSE,0.964,-4.1,0,0.0845,0.000257,0.148,0.172,0.241,174.018,4,12,"high_energy_rave",0.48
27301,"2vS2LgcY2FclC21sJ4ukJm","Kove;Ben Duffy","Echoes","Echoes",53,194482,FALSE,0.952,-1.977,0,0.038,0.00825,0.0713,0.198,0.152,87.016,4,12,"high_energy_rave",0.61
27303,"0bqJDrb7zRLOiCnUm7MXZW","Hybrid Minds;Fred V","Drowning In You","Drowning In You",45,217931,FALSE,0.885,-2.284,1,0.0601,0.00671,0.000377,0.139,0.0539,173.974,4,12,"high_energy_rave",0.6
27304,"2z0FdOJ757ehCVORtbmMBk","Bensley","Slow Motion / Hit The Lights","Slow Motion",44,212571,FALSE,0.829,-3.375,0,0.0545,0.000516,0.0378,0.109,0.0847,87.487,4,12,"high_energy_rave",0.45
27311,"7iJPTFkKt6DHZwKMBoCMC2","Annix;Simula","The Light","The Light",19,198171,FALSE,0.964,-1.078,1,0.378,0.00578,2.84e-05,0.242,0.567,174.881,4,12,"high_energy_rave",0.37
27322,"6a6OOyfgG47xC6QksjFXf3","Pendulum","Synthesized","Watercolour - Radio Edit",19,207746,FALSE,0.879,-4.419,0,0.0849,7.75e-05,0.0145,0.0894,0.256,174.052,4,12,"high_energy_rave",0.71
27334,"7ByumM7K2aj9xWd7X4Ytfb","Hybrid Minds;Koven","Liquicity Festival 2022","In Your Arms",19,252413,FALSE,0.85,-2.912,1,0.0395,0.153,0.00886,0.0764,0.0627,86.997,4,12,"high_energy_rave",0.72
27336,"063eLID38Tx73viJ4RPklt","Calyx & TeeBee","1x1","A Day That Never Comes",20,249648,FALSE,0.988,-0.551,1,0.254,0.00361,0.0532,0.35,0.287,117.944,5,12,"high_energy_rave",0.29
27337,"2NbXGn7cwK8i8357zrU5n4","Aries;GOLD Dubs;Bladerunner;Navigator;Cheshire Cat;Gray","Jungle Style - Remixes Part 3","Bust Them Up - Gray Remix",20,282557,TRUE,0.803,-3.009,1,0.162,0.00795,9.98e-05,0.356,0.438,88.984,4,12,"high_energy_rave",0.74
27344,"4LfGDWBS4Mlt9mBPVzr99o","Hybrid Minds;Holly Drummond","Mountains","New Orleans",19,344046,FALSE,0.671,-6.556,0,0.079,0.0658,0.812,0.0654,0.26,173.025,4,12,"high_energy_rave",0.77
27358,"4cdTUcdzvpbVz9BJazc1ou","Pola & Bryson;Zitah","Tell You What I Did","Tell You What I Did",52,209655,FALSE,0.899,-2.417,0,0.0501,0.0566,0.49,0.106,0.418,173.965,4,12,"high_energy_rave",0.71
27359,"5ltG2LrJ7Zy7GmpaE89CNh","Metrik","Universal Language","Infinity",20,231747,FALSE,0.924,-3.947,0,0.0393,0.00959,0.00579,0.0958,0.099,173.971,4,12,"high_energy_rave",0.62
27373,"5kLAcA8AEzTN5kmVJ5mPXP","Artificial Intelligence","The Series","Savour",18,273488,FALSE,0.706,-5.682,0,0.0476,0.0196,0.808,0.153,0.0825,85.999,4,12,"high_energy_rave",0.81
27389,"1lZi0ulnmx8lbFucUpMhnF","Sigma;Labrinth","Collide (Original Motion Picture Soundtrack)","Higher",19,181026,FALSE,0.838,-4.416,0,0.0756,0.011,0,0.164,0.532,84.753,4,12,"high_energy_rave",0.5
27390,"65eHqT5IOK9fzyz7stK2Lz","Delta Heavy;Jem Cooke;Protostar","Only in Dreams (Remixes)","Take Me Home (feat. Jem Cooke) (Protostar Remix)",18,234246,FALSE,0.893,-2.947,0,0.0635,0.00562,0,0.0939,0.136,177.956,4,12,"high_energy_rave",0.67
27413,"6NouCcegPiF2XClwVIUqjQ","Jubei;dBridge","These Things VIP / Dillirious VIP","These Things VIP",18,334883,FALSE,0.788,-4.166,1,0.122,0.000646,0.58,0.737,0.399,172.019,4,12,"high_energy_rave",0.31
27422,"4hTTZRVyYUIPfRXiZxcWDv","Keeno;Louisa Bass","Life Cycle","Scripted",19,292251,FALSE,0.81,-5.974,0,0.0407,0.00454,0.463,0.395,0.0869,175.027,4,12,"high_energy_rave",0.88
27428,"6pF8ahqCohb5dEXCeUFxdl","Murdock","Stronger","Ruby Moon",19,226046,FALSE,0.799,-4.727,0,0.0741,0.00209,0.00407,0.0808,0.507,171.986,4,12,"high_energy_rave",0.61
27436,"3DcwhrHTOUwnaZnDwBsh3J","Danny Byrd;Hannah Symons;Turno","Starting It Over (feat. Hannah Symons)","Starting It Over - Turno Remix",19,279418,FALSE,0.995,-0.03,1,0.117,0.00534,0.855,0.367,0.493,172.029,4,12,"high_energy_rave",0.7
27447,"65mHBUQvgwRbHcPojHjWq4","Ed Solo","Welcome To The Jungle, Vol. 6: The Ultimate Jungle Cakes Drum & Bass Compilation","Anye Up",18,200914,FALSE,0.866,-3.226,1,0.0503,7.45e-06,0.936,0.152,0.739,174.996,4,12,"high_energy_rave",0.61
27450,"59OTmT50LsfZVqExj9nCHL","Dirtyphonics;Sullivan King","Vantablack","Sight Of Your Soul",46,197200,FALSE,0.805,-2.52,1,0.0471,0.000555,0.000137,0.0746,0.325,74.931,4,12,"high_energy_rave",0.71
27453,"5wp6dhW0dCOO0TG4MGCIPT","Friction;Flowidus;Raphaella","By Your Side","By Your Side",54,206616,FALSE,0.837,-3.686,0,0.0302,0.00358,0.00702,0.0373,0.208,174.023,4,12,"high_energy_rave",0.55
27475,"3W4NiqntZpGNHHgp9dqANW","BCee","Northpoint","Keep Moving On",18,306452,FALSE,0.926,-4.482,1,0.064,0.000176,0.785,0.466,0.217,169.99,4,12,"high_energy_rave",0.62
27480,"5yfsQpYeFMwohoeI5a2Ntj","Mind Vortex","Against the Grain EP","Against the Grain",18,293553,FALSE,0.947,-2.607,1,0.0582,0.000152,0.891,0.177,0.201,174.046,4,12,"high_energy_rave",0.52
27492,"6AeBguXmaP7gOCSoyhLJ7M","LTJ Bukem","Producer 05","A Couple of Beats",18,318500,FALSE,0.964,-7.639,0,0.0464,8.7e-05,0.902,0.0914,0.72,145.122,4,12,"high_energy_rave",0.72
27498,"1Hvbb6qTLStfPrzT7FwY2y","Ed Solo;Skool Of Thought","Random Acts of Kindness","Always There",18,352058,FALSE,0.792,-5.503,0,0.044,0.000803,0.709,0.0484,0.405,175.994,4,12,"high_energy_rave",0.73
27505,"4jdhCmbAYxK7cpcgbvMovW","A.M.C","Energy VIP","NITRO VIP",18,311724,FALSE,0.962,-0.061,1,0.256,0.000292,0.801,0.734,0.314,173.984,4,12,"high_energy_rave",0.6
27513,"2Csh5mBrKsQz7STqTg1ow6","Logistics;Holly Drummond","Electric Sun","Still Life",18,254627,FALSE,0.699,-4.174,0,0.055,0.00269,0.258,0.0763,0.222,173.994,4,12,"high_energy_rave",0.65
27515,"1IwGdWa813R3qTzTYebUGV","BCee","This Time Next Year","A Little Too Much",18,264927,FALSE,0.961,-4.457,1,0.0512,0.0665,0.345,0.108,0.858,173.983,4,12,"high_energy_rave",0.79
27519,"4umiLE5Jq1dLTX5GmBCQBH","Serum;Voltage","Cricket Bat VIP","Cricket Bat - VIP",18,271542,FALSE,0.996,0.052,1,0.0701,0.00764,0.899,0.377,0.747,87.484,4,12,"high_energy_rave",0.58
27521,"6U3KzIa82ZCKAROmpg7PqT","A.M.C","ENERGY","The End",18,316534,FALSE,0.995,0.651,1,0.216,0.000282,0.213,0.788,0.4,172.021,4,12,"high_energy_rave",0.57
27525,"60dW1qwlxVIpUbEi3t40Tb","Tantrum Desire","Nationwide Rocker EP","Airhead",18,234901,FALSE,0.96,-1.847,1,0.0556,0.00469,0.554,0.486,0.644,173.999,4,12,"high_energy_rave",0.67
27527,"5FFRRIEK7YW7tNU0Qlb6bN","DJ Patife;Vangeliez;MC Fats;Stamina MC","Living Together","Living Together",17,370920,FALSE,0.792,-6.17,0,0.0752,0.0481,0.239,0.0615,0.0867,171.992,4,12,"high_energy_rave",0.44
27529,"4fo9WjN4z2FNSuujcYYT95","Loadstar","Passenger / Bomber","Passenger (Radio Edit)",18,189369,FALSE,0.973,-2.445,1,0.0313,0.000819,0.0389,0.0503,0.101,172.821,4,12,"high_energy_rave",0.75
27532,"2V4i1g632jChClwPLPVQe2","Top Cat;Harley D","Return of the Champion Deejay","Pirate Radio - Harley D Remix",18,222068,FALSE,0.971,0.475,1,0.241,0.00519,0.000377,0.333,0.6,174.052,4,12,"high_energy_rave",0.42
27536,"21WfC9R92iolnqg0gduHsX","Tantrum Desire","Resistance","Resistance",17,287360,FALSE,0.966,-3.213,0,0.0592,0.0067,0.883,0.0919,0.445,173.99,4,12,"high_energy_rave",0.61
27538,"4UehWFWYqxZ3g0042cwyP2","Camo & Krooked;Tali","History of the Future / Verve","History of the Future",19,261756,FALSE,0.94,-4.48,1,0.0938,2.54e-05,0.769,0.818,0.393,174.935,4,12,"high_energy_rave",0.57
27546,"3kxgnaaJowyIo8Qnwx6w3f","Drumsound & Bassline Smith;Fleur","Wall of Sound","One In A Million",18,172053,FALSE,0.845,-3.534,0,0.0484,0.00636,0,0.449,0.511,173.977,4,12,"high_energy_rave",0.48
27557,"7uBZSQP9x6kbaRgpK1Q2aw","Hybrid Minds","Cinnamon (Hybrid Minds Remix)","Cinnamon - Hybrid Minds Remix",51,302117,FALSE,0.917,-2.479,0,0.0412,0.0164,0.00917,0.0791,0.0798,84.967,4,12,"high_energy_rave",0.58
27567,"4iFb4UOm9eWp39XBRwyhKl","Break;Kyo","Past North","Past North",18,269529,FALSE,0.944,-2.073,0,0.07,0.000146,0.153,0.176,0.258,173.988,4,12,"high_energy_rave",0.5
27576,"6o5BG898qYEsIWXiXakPPb","Chase & Status;Ed Thomas;Calibre","Blk & Blu (Remixes)","Blk & Blu - Calibre Remix",17,365232,FALSE,0.787,-5.171,0,0.0413,0.0436,0.777,0.0923,0.134,173.018,4,12,"high_energy_rave",0.6
27579,"6r1VRlk954efeVvlSdyivk","Chase & Status;BackRoad Gee","What Came Before","When It Rains (feat. BackRoad Gee)",45,268826,TRUE,0.978,-2.749,0,0.279,0.168,0.000183,0.14,0.501,87.494,4,12,"high_energy_rave",0.49
27581,"1B97STRzQrTku2TdMpNUzV","Goldie;Swindle","The Journey Man","Horizons",18,428698,FALSE,0.754,-6.213,1,0.0488,0.137,0.0459,0.201,0.239,161.074,4,12,"high_energy_rave",0.75
27590,"18OdXTizUl4EmeAuTkTSZ1","Keeno","All The Shimmering Things","Jungle Ballet",18,274782,FALSE,0.84,-4.73,1,0.0475,0.000837,0.858,0.0918,0.124,173.005,4,12,"high_energy_rave",0.61
27591,"3GULFcQLjmCgJNixVdmXtl","Ed Rush;Optical","Wormhole","Mystery Machine",17,448293,FALSE,0.629,-7.393,0,0.321,0.177,0.851,0.188,0.0599,170.045,4,12,"high_energy_rave",0.53
27603,"6yxD2phmsoBgIs3sZOR1d1","Fred V & Grafix","Sugar","Sugar",17,196280,FALSE,0.643,-6.874,0,0.0455,0.175,6.07e-06,0.0719,0.304,92.011,4,12,"high_energy_rave",0.72
27607,"0HYGLvNBfQ0F0WvpXCPgVh","Fred V;Audioscribe","Lose Yourself Again","Lose Yourself Again",44,212513,FALSE,0.874,-5.253,1,0.0393,0.0242,0.0444,0.0879,0.169,174.026,4,12,"high_energy_rave",0.54
27610,"2P6NN55yGEoJdunJ5ZjfCF","Pola & Bryson","This Time Last Year","Raid",17,319075,FALSE,0.642,-6.492,0,0.042,0.00489,0.88,0.361,0.0347,172.998,4,12,"high_energy_rave",0.8
27616,"6tHlqPgT2Hpnsvn3erQSEF","Serum","Black Metal","Black Metal",17,287295,FALSE,0.888,-3.351,0,0.0643,0.00429,0.581,0.681,0.214,177.995,4,12,"high_energy_rave",0.65
27640,"1RsgKUa0dp0BhIBTgUGBfv","Shapeshifter","Found In You","Found In You",17,315196,FALSE,0.718,-7.456,0,0.0488,0.0272,0.00422,0.0871,0.135,174.984,4,12,"high_energy_rave",0.29
27645,"3yFcLNGdh3kvcoWoIlwPWw","Logistics","Spacejams","Kaleidoscope",18,407706,FALSE,0.937,-10.369,0,0.076,0.00033,0.746,0.111,0.712,174.035,4,12,"high_energy_rave",0.74
27651,"41scpcxZZ8riNgfmgSohGE","Hybrid Minds;Catching Cairo","Supernova","Supernova",46,297931,FALSE,0.818,-2.034,0,0.0353,0.0133,0.138,0.129,0.293,174.001,4,12,"high_energy_rave",0.71
27652,"5CNH1fectMnNkRmq6hMmIN","1991","Midnight","Midnight",49,204577,FALSE,0.839,-4.371,1,0.0372,0.00873,0.666,0.103,0.276,174.019,4,12,"high_energy_rave",0.57
27656,"0zGHWnTtESiQrWwnCA1yBM","Teddy Killerz","Night Train","Night Train",45,288095,FALSE,0.991,-1.014,1,0.231,0.00134,0.866,0.137,0.0354,174.997,4,12,"high_energy_rave",0.49
27660,"2Ug1U9UQiDL0sabsvcp3kR","S.P.Y","Grey Days / Shadows Of The Mind","Grey Days",17,304296,FALSE,0.844,-4.633,1,0.0489,0.00477,0.923,0.119,0.13,113.348,5,12,"high_energy_rave",0.71
27666,"212lB4YXq6BmFGIUwTgE8j","Keeno;Ellie Madison;Whiney","I Wonder (Whiney Remix)","I Wonder - Whiney Remix",17,260909,FALSE,0.88,-3.605,0,0.0396,0.0047,0.122,0.155,0.14,86.518,4,12,"high_energy_rave",0.74
27674,"5OHYKFo6amGtxOVvHdAvU4","SpectraSoul","Delay No More","Memento",16,353791,FALSE,0.704,-7.39,0,0.05,0.000474,0.699,0.676,0.038,170.004,4,12,"high_energy_rave",0.73
27677,"3r58AMXrlLI9EG5zkPKq7o","LTJ Bukem","Earth, Vol. 2","Cosmic Interlude",17,447000,FALSE,0.848,-4.827,1,0.0357,0.0281,0.701,0.0749,0.225,111.913,4,12,"high_energy_rave",0.77
27678,"4gzpnqZiNAX35p7bA6dBug","Ed Solo;Deekline;Rubi Dan","Jungle Cakes, Vol. 19","Zunga",17,272228,FALSE,0.956,-1.643,0,0.0368,0.000866,0.0407,0.0407,0.624,87.498,4,12,"high_energy_rave",0.75
27681,"0iPadptHFBrYN4QHAj0ipH","Nasty Habits;DJ DB;Goldie","DB 10","Liquid Fingers - Goldie Remix",17,251951,FALSE,0.854,-8.648,0,0.0922,0.136,0.852,0.115,0.572,182.923,4,12,"high_energy_rave",0.46
27706,"0WRJOtOojgRSe0KSBoiOH6","Delta Heavy","Hydra","Hydra",46,270344,FALSE,0.961,-1.247,1,0.0427,0.000525,0.722,0.0769,0.234,174.021,4,12,"high_energy_rave",0.29
27710,"7o0ucA1yNNZTdCwclllu90","Taxman","Ganja / Ratty Badboy","Ganja",16,273488,FALSE,0.976,-0.868,1,0.0441,9.92e-05,0.667,0.426,0.0397,171.93,4,12,"high_energy_rave",0.73
27711,"4ifJz6lPHMyc0HUJUfAJfN","Nu:Tone","Little Spaces","Girl On A Bike",16,252719,FALSE,0.966,-3.059,0,0.0443,0.000664,0.903,0.116,0.305,174.046,4,12,"high_energy_rave",0.78
27716,"7FhADeacN2vgRDm4OarGaY","A.M.C","ENERGY","Reanimate",17,276410,FALSE,0.99,-0.587,1,0.0658,0.000133,0.82,0.361,0.314,173.95,4,12,"high_energy_rave",0.44
27718,"6sRK2xZbvJvTMFyuIzBHzR","Calibre","Shelflife Six","When Sunday Goes",16,386110,FALSE,0.689,-9.983,0,0.0697,0.00136,0.927,0.0742,0.212,174.924,4,12,"high_energy_rave",0.53
27727,"0I4aFVZYsyW1gNjzGm7eTT","Photek","Solaris","Infinity",16,511506,FALSE,0.904,-5.78,0,0.142,8.41e-06,0.898,0.767,0.115,127.129,3,12,"high_energy_rave",0.46
27743,"5fGYsQIipt0ZYwEtcedXDm","High Contrast","Tough Guys Don't Dance","Tread Softly",17,370986,FALSE,0.968,-4.208,0,0.0842,6.56e-05,0.553,0.667,0.092,173.081,4,12,"high_energy_rave",0.63
27747,"6V1HxUCEpwj3NUrsbWk60J","Congo Natty;Rebel MC;Tenor Fly;Top Cat;General Levy;Tippa Irie;Sweetie Irie;Daddy Freddy;Benny Page","Aries & Kelvin 373 present Born On Road x Jungle Cakes - Welcome To The Jungle (DJ Mix)","UK Allstars - Congo Natty Meets Benny Page Remix - Mixed",16,59325,FALSE,0.932,-7.291,1,0.277,0.0762,2.5e-06,0.17,0.699,88.969,4,12,"high_energy_rave",0.71
27749,"5uHVN85zTonOfL1IXWB2h2","DJ Patife;Jair Oliveira","Cool Steps Drum 'n' Bass Grooves","Grooves, Rítmos, Sons e Vinhetas",16,206960,FALSE,0.719,-6.797,1,0.0427,0.00549,0.24,0.157,0.392,176.162,4,12,"high_energy_rave",0.66
27750,"2RjWCcfCOMzKeRJzeoe4h6","Noisia;The Upbeats","Dead Limit","Dead Limit",44,361395,FALSE,0.975,-2.008,1,0.287,0.004,0.787,0.125,0.0691,172.106,4,12,"high_energy_rave",0.55
27755,"7pVA4JwDYBxOewVJlstOhQ","Fourward","Unbreakable","Unbreakable",47,182068,FALSE,0.985,-3.46,1,0.335,0.0429,0.71,0.39,0.35,174.015,4,12,"high_energy_rave",0.36
27761,"4qDs6ab3HIV2E0cYfpZqJA","Pendulum","The Island","The Island",30,569973,FALSE,0.936,-3.518,0,0.0868,3.38e-05,0.102,0.242,0.235,126.033,4,12,"high_energy_rave",0.71
27765,"7M7kfDUAgKAN50JR93mlpU","Commix","Commix Presents Dusted (Selected Works 2003 - 2008)","Everything",16,345492,FALSE,0.944,-4.337,1,0.0728,0.000411,0.902,0.0937,0.563,174.018,4,12,"high_energy_rave",0.53
27767,"7mBYQknbFc801zeluhR2A3","Delta Heavy","Apollo EP","Apollo",16,286896,FALSE,0.945,-3.79,1,0.0432,1.55e-05,0.73,0.562,0.101,174.025,4,12,"high_energy_rave",0.6
27768,"3BD7A0icJmeYxvVFvFVuD0","Lenzman;F. Orren","Golden Age","Never Enough",16,315218,FALSE,0.957,-3.922,1,0.0829,0.000472,0.693,0.327,0.214,173.993,4,12,"high_energy_rave",0.4
27803,"7hXVlVoYvSUMwz8XuXfK58","Sub Focus;Rudimental;Chronixx;Maverick Sabre","Trouble","Trouble",49,233586,FALSE,0.828,-4.855,0,0.0477,0.0128,0.00401,0.112,0.365,172.047,4,12,"high_energy_rave",0.8
27810,"03xuXIMIE7xJuZb3TWUUmn","Document One;Levela","In My Mind","In My Mind",16,207586,FALSE,0.756,-2.454,1,0.0601,0.00228,0.662,0.101,0.272,173.995,4,12,"high_energy_rave",0.7
27834,"0cgsmSXBqsxE4r3uKyc7Ym","High Contrast;Clare Maguire","Who's Loving You","Who's Loving You - Pt. 1",16,220887,FALSE,0.906,-3.109,0,0.0324,0.00333,0.0458,0.118,0.155,130.038,4,12,"high_energy_rave",0.38
27839,"7rmwtEyVrmLOT0ibOGTB7Y","Ed Solo;Stickybuds","Welcome To The Jungle: Drum & Bass X Jungle: Mixed By Deekline, Ed Solo & Serial Killaz","Take My Love For Granted",16,289772,FALSE,0.91,-6.504,0,0.0547,0.00706,0.0124,0.535,0.918,176.011,4,12,"high_energy_rave",0.64
27847,"6iAbI3AogENU7GcSdxMrts","The Prototypes","Drum & Bass Arena Winter Selection 2013","Abyss - VIP",16,285257,FALSE,0.955,-3.399,1,0.205,0.00337,0.845,0.35,0.0588,174.993,4,12,"high_energy_rave",0.63
27869,"2wOnY5bQD1TsDHH382Ybta","Serum","Hillbilly","Hillbilly",16,290657,FALSE,0.986,0.398,0,0.502,0.253,0.00182,0.0527,0.345,175.329,4,12,"high_energy_rave",0.38
27874,"5vs6NMakhnZQ6uEeGoLuUF","Hugh Hardie;Kyan","Hospital: We Are 18","Tearing Me Apart",16,378407,FALSE,0.959,-2.891,0,0.0609,6.11e-05,0.746,0.061,0.579,173.975,4,12,"high_energy_rave",0.55
27875,"00btR3u8FwO3Ip97Az3nZM","Metrik","Drum & Bass Summer Slammers: 2012 Sampler","Engine Room",16,267793,FALSE,0.903,-3.801,1,0.0506,6.06e-06,0.796,0.0805,0.561,173.996,4,12,"high_energy_rave",0.91
27879,"3iZDh1sAcKZyDBNdhCMcHk","Calibre","Even If","Rose - Original Mix",15,311023,FALSE,0.744,-7.652,0,0.0554,0.00272,0.938,0.16,0.424,174.962,4,12,"high_energy_rave",0.36
27883,"44GTVX4jZXdfYCydhQTRoL","Bachelors of Science;Brooklyn","Science Fiction","Wicked Ways",16,370000,FALSE,0.864,-6.359,0,0.0448,0.00576,0.791,0.169,0.448,174.988,4,12,"high_energy_rave",0.37
27896,"694i3FSDRTbgaVpzFJNQBv","Drumsound & Bassline Smith","I Can Never Get Enough","I Can Never Get Enough",16,253793,FALSE,0.938,-1.026,1,0.06,0.00194,0.201,0.0916,0.129,87.006,4,12,"high_energy_rave",0.74
27897,"1YERiRv9sKs6tYVKE60LkU","Flowidus","Skint x Elevate Records the Drum and Bass Remixes","Find Your Love",15,211851,FALSE,0.895,-4.47,0,0.0539,0.00347,0.333,0.0803,0.678,173.973,4,12,"high_energy_rave",0.47
27898,"0zFtgrIsMye2fIUr3o5AJI","Drumsound & Bassline Smith","Clap Your Hands","Clap Your Hands - Dubstep Mix",16,309520,FALSE,0.953,-4.105,1,0.0575,0.0527,0.00532,0.579,0.066,140.013,4,12,"high_energy_rave",0.54
27900,"3IWy6MPyWKPFAQ5x6YAkrc","Kanine;Anna Rickards","Figure It Out","Figure It Out",51,299796,FALSE,0.672,-8.276,1,0.0537,0.00459,0.266,0.0877,0.148,172.002,4,12,"high_energy_rave",0.67
27904,"1WsoyRjbGo3aNFtKgQYXH0","Annix;Rider Shafique","Equinox","Equinox",16,220800,FALSE,0.827,-4.03,1,0.114,0.0364,0.0187,0.357,0.0822,87.469,4,12,"high_energy_rave",0.37
27921,"3H32512Q1pPx8mYae2zoHp","Makoto;Karina Ramage","I Don't Wanna Wake Up","I Don't Wanna Wake Up",15,253843,FALSE,0.896,-6.219,0,0.0419,0.285,0.0366,0.0936,0.189,86.913,4,12,"high_energy_rave",0.51
27924,"1HbH5Er03lllJnQuloK2Cn","InsideInfo;Mefjus;The Upbeats","Footpath / Leibniz","Footpath",15,336551,FALSE,0.987,-2.392,1,0.536,0.000316,0.777,0.699,0.252,173.844,4,12,"high_energy_rave",0.71
27931,"2cgnQY07PusFBMF7WQmUav","Kanine","Warface","Detonate",15,241428,FALSE,0.993,-1.193,0,0.145,0.000408,0.168,0.306,0.579,87.505,4,12,"high_energy_rave",0.5
27933,"2mYeto3MW4IHMhMQShECLj","BOP","Hospital Mixtape: Lens (DJ Mix)","Surfing The Anxiety Waves (Mixed)",16,45878,FALSE,0.977,-8.521,0,0.0657,0.00118,0.912,0.0872,0.36,157.906,4,12,"high_energy_rave",0.61
27936,"3zHWt6lPS3u7Sf549r8UR4","René LaVice;BullySongs","Play with Fire","Part of Me (feat. BullySongs)",15,249797,FALSE,0.768,-2.081,1,0.0494,0.000928,0.033,0.0922,0.0317,172.857,4,12,"high_energy_rave",0.51
27941,"7bEQbsJDm91IqAqzbwAgwt","Delta Heavy","Oscillator / Fun House","Fun House",16,224757,FALSE,0.985,-2.302,0,0.134,0.00113,0.367,0.131,0.208,174.135,4,12,"high_energy_rave",0.51
27952,"1aTufp89NnAN0cyMWdLxFQ","Dirtyphonics;Bossfight","Evil Inside","Evil Inside",36,190400,FALSE,0.99,-1.596,1,0.539,0.000128,0.123,0.27,0.266,150.137,4,12,"high_energy_rave",0.86
27954,"5r1SN9oydMavI39zqAwBoK","Bensley","All Night","All Night",41,248372,FALSE,0.961,-1.675,1,0.0763,0.00232,0.0158,0.334,0.202,172.005,4,12,"high_energy_rave",0.68
27957,"2A4Ij58MiGtsYOHBAJ8Wph","Sub Focus;Alice Gold","Torus","Out The Blue",48,277840,FALSE,0.912,-5.271,0,0.0478,0.0032,0.00343,0.209,0.261,174.021,4,12,"high_energy_rave",0.61
27994,"1WkfdqLDOXvVSNFrO5wlLB","Peshay","Full Metal Jacket (2017 Remaster)","The Nocturnal (Back on the Firm) - 2017 Remaster",15,447306,FALSE,0.93,-5.337,0,0.0713,0.000373,0.855,0.178,0.197,108.953,5,12,"high_energy_rave",0.6
27999,"4HJlg5yHdpaSIbqiuCH62b","High Contrast","Night Gallery","Ambient Recovery",16,258920,FALSE,0.7,-6.414,1,0.0262,0.0859,0.0222,0.0931,0.367,122.01,4,12,"high_energy_rave",0.71
28005,"0hJy4BGWgVsqbrYGoyMW2y","ILLENIUM;Skylar Grey","Worst Day","From The Ashes (with Skylar Grey)",0,253983,FALSE,0.789,-4.516,1,0.0566,0.0243,0.000231,0.226,0.159,154.858,4,15,"underground_heavy_hybrid",0.46
28006,"0iajFCLXYYqX2XS6q4ptsF","ILLENIUM;Teddy Swims","Worst Day","All That Really Matters",0,244235,FALSE,0.666,-4.909,1,0.0512,0.117,1.81e-06,0.0934,0.227,169.965,4,15,"underground_heavy_hybrid",0.47
28014,"19m23w2ANVhtB7rApM6pbN","SLANDER;William Black","Back To U","Back To U",57,214400,TRUE,0.499,-6.627,1,0.049,0.645,0,0.109,0.272,149.79,4,15,"underground_heavy_hybrid",0.54
28034,"0pzGsgrMvEtHZW6XzpY6Cs","Miles Away;Claire Ridgely","Bring Me Back","Bring Me Back",52,219000,FALSE,0.619,-4.774,1,0.0317,0.164,2.13e-06,0.118,0.25,139.988,4,15,"underground_heavy_hybrid",0.5
28042,"0NOTuMyPJpC8alL1LeIbuQ","ILLENIUM;Teddy Swims","Daily Pop Mix","All That Really Matters",0,244235,FALSE,0.666,-4.909,1,0.0512,0.117,1.81e-06,0.0934,0.227,169.965,4,15,"underground_heavy_hybrid",0.38
28047,"0wfP2B33qCSh1ovHsmOhNP","ILLENIUM;Sueco;Trippie Redd","#Multiverse, If the Multiverse Is Real","Story of My Life",0,191124,FALSE,0.892,-4.029,1,0.0433,0.0539,0,0.117,0.369,96.991,4,15,"underground_heavy_hybrid",0.38
28055,"1iaTDu4PCIWQQOwwwqq5qW","Said The Sky;Kwesi","Wide-Eyed","All I Got",54,315724,FALSE,0.578,-6.786,1,0.0455,0.158,0.00479,0.575,0.102,144.731,4,15,"underground_heavy_hybrid",0.57
28056,"6H0zRPEV1ezBHOidNXSt1D","ILLENIUM;Nevve","Fractures (feat. Nevve)","Fractures (feat. Nevve)",55,245250,FALSE,0.711,-3.064,1,0.0432,0.373,0.00179,0.139,0.266,159.837,4,15,"underground_heavy_hybrid",0.45
28058,"0aDYbKm7Cwe3rkjihsj7S6","Far Out;Karra","Constellation","Constellation",50,172804,FALSE,0.842,-4.159,1,0.0855,0.172,1.44e-06,0.339,0.33,149.922,4,15,"underground_heavy_hybrid",0.54
28069,"4AoUdMZGoPZZQxVFnoVQEl","SLANDER;Tiësto;Dylan Matthew","Love Is Gone (Tiësto Remix)","Love Is Gone - Tiësto Remix",56,169846,FALSE,0.765,-3.578,1,0.0479,0.00264,0,0.438,0.0398,130.105,4,15,"underground_heavy_hybrid",0.4
28094,"5jbyNzbiXyioX8q462Bb76","Flux Pavilion;Rosie Oddie","10's Dance Classics","Gold Love - LAXX Remix",0,241766,FALSE,0.918,-3.475,0,0.0351,0.00198,0.38,0.216,0.0359,108.725,3,15,"underground_heavy_hybrid",0.37
28099,"04jV9kpwWbr4HHfxfK4sSu","Steel Pulse","Supa Chill","Your House (Dub Version) - Remix",0,228653,FALSE,0.487,-9.706,0,0.0962,0.00288,0.319,0.787,0.786,77.106,4,15,"underground_heavy_hybrid",0.6
28101,"5LuQvkBG365ue36BMujtSz","Dabin;Trella","Between Broken","Starbright",50,243027,FALSE,0.67,-4.993,1,0.0397,0.025,3.78e-06,0.358,0.107,160.05,4,15,"underground_heavy_hybrid",0.54
28103,"3BMpJkaH1nSLqlw7Vr2THM","Krewella;Nucleya","Good On You","Good On You",34,159198,FALSE,0.725,-5.644,0,0.0432,0.0524,5.97e-06,0.256,0.192,109.951,4,15,"underground_heavy_hybrid",0.38
28115,"3zYcdTFPsQrh4az4YY1wmg","Pixel Terror","Millennia","Millennia",53,166800,FALSE,0.802,-5.358,0,0.162,0.0403,0,0.284,0.423,200.05,4,15,"underground_heavy_hybrid",0.63
28118,"2gBQ35qqBE75t00kV221Xy","Krewella;Yellow Claw;Taylor Bennett","New World","New World",51,161963,FALSE,0.768,-4.356,0,0.0774,0.0314,0,0.0839,0.718,162.976,4,15,"underground_heavy_hybrid",0.37
28120,"1ta0POvr2Sw7SQOJwAlGce","DAY 7","Dream Away","Dream Away",40,210064,FALSE,0.331,-11.849,0,0.0272,0.481,0.358,0.065,0.0581,111.987,4,15,"underground_heavy_hybrid",0.7
28133,"3g6iY0xTspOgH74iSThAEW","Abandoned;Nilka","Sunlight","Sunlight",46,216091,FALSE,0.662,-6.08,0,0.0521,0.279,0,0.121,0.182,145.078,4,15,"underground_heavy_hybrid",0.43
28148,"5TYQmDyGd1FSzsJyyO89Yk","Max Romeo;The Upsetters","Twisted Halloween Hits","Chase The Devil",0,206306,FALSE,0.62,-6.083,1,0.207,0.183,0,0.0822,0.745,150.243,4,15,"underground_heavy_hybrid",0.73
28149,"4DvrZuPYLe5c2s4NcCmqWN","Israel Vibration","Supa Chill","The Same Song (12"" Version)",0,420186,FALSE,0.422,-8.139,1,0.336,0.00884,0.0122,0.0352,0.555,123.004,4,15,"underground_heavy_hybrid",0.65
28165,"1xddmaN7Ivc2SQ940oBskZ","ILLENIUM;Matt Maeson","Heavenly Side","Heavenly Side",51,240000,FALSE,0.748,-5.632,1,0.0538,0.0129,0,0.0917,0.191,134.176,4,15,"underground_heavy_hybrid",0.65
28172,"6IhHyxeOqS6LKgP2Lawj55","Seven Lions;Vancouver Sleep Clinic","Call On Me (feat. Vancouver Sleep Clinic)","Call On Me (feat. Vancouver Sleep Clinic)",56,293122,FALSE,0.695,-5.507,1,0.0447,0.0794,0,0.122,0.105,145.738,4,15,"underground_heavy_hybrid",0.55
28177,"6rdoaL3Xt0OStKddsht0sG","DJ Noiz;Bina Butta;Kennyon Brown","Lady Love (Remix)","Lady Love - Remix",50,231126,FALSE,0.663,-4.901,1,0.0468,0.114,0.00143,0.182,0.575,110.986,4,15,"underground_heavy_hybrid",0.53
28192,"6fyCVdU5lJT9ErO9QicFWC","Inhaler","These Are The Days","These Are The Days",60,222297,FALSE,0.955,-5.64,1,0.0455,0.00935,0.000149,0.642,0.761,140.055,4,15,"underground_heavy_hybrid",0.54
28200,"4hAb4pbqgfgwraiHongYZR","Dion Timmer","Shiawase","Shiawase",53,217787,FALSE,0.952,-2.004,1,0.217,0.0403,0.000252,0.665,0.351,74.98,4,15,"underground_heavy_hybrid",0.6
28216,"30PysXbn5cVodLBPGV2FWb","Krewella;Nucleya;MOTi","zer0 (The Remixes, Pt. 1)","Good On You - MOTi Remix",38,156190,FALSE,0.8,-4.665,0,0.0773,0.00341,0,0.514,0.271,126.026,4,15,"underground_heavy_hybrid",0.29
28225,"4YEakHI6sat9bV875QBNcW","Blanke;Donna Tella","Stuck On You (feat. Donna Tella)","Stuck On You (feat. Donna Tella)",42,194383,FALSE,0.851,-4.046,0,0.0544,0.0744,1.3e-05,0.135,0.368,73.032,4,15,"underground_heavy_hybrid",0.56
28236,"3oScR09PETzUhMmzc9aDqx","SLANDER;Kiiara","Nothing Hurts Like Goodbye (with Kiiara)","Nothing Hurts Like Goodbye (with Kiiara)",53,202285,FALSE,0.683,-7.759,1,0.0491,0.0152,2.05e-05,0.134,0.19,140.057,4,15,"underground_heavy_hybrid",0.74
28252,"6jQPolTBq89z9AHrMrmYpS","SLANDER;Eric Leva","Superhuman","Superhuman",54,268611,FALSE,0.727,-6.415,1,0.0437,0.028,0,0.949,0.16,127.908,4,15,"underground_heavy_hybrid",0.55
28278,"6ZI5UgjEGb82o1XaAZKLJ2","Hi I'm Ghost","Death Rail","Death Rail",45,151112,FALSE,0.992,-1.525,0,0.66,0.00162,1.34e-06,0.0458,0.112,78.616,4,15,"underground_heavy_hybrid",0.58
28284,"0bMzCNqq4U5pQakqcyfJHR","Jason Ross;HOLT","Hate This Kind of Love (feat. HOLT)","Hate This Kind of Love (feat. HOLT)",41,226857,FALSE,0.794,-4.81,1,0.058,0.106,0,0.103,0.439,104.906,4,15,"underground_heavy_hybrid",0.29
28290,"3qdalnFVTJdRheIRZyuNmP","BaianaSystem;Buguinha Dub;Curumin;Edgar","Futuro Dub","Sonar (Adubado)",34,174538,FALSE,0.82,-7.885,0,0.048,0.113,0.897,0.147,0.588,99.922,4,15,"underground_heavy_hybrid",0.68
28296,"31BHt76G3xMjwvdIpCFKre","Augustus Pablo","Calling 1000 Dreadlocks","Rocking Warrior",0,228000,FALSE,0.578,-13.871,0,0.242,0.529,0.289,0.517,0.767,67.916,4,15,"underground_heavy_hybrid",0.37
28311,"6BRtWlr1VmsiPjIFnvg9Qv","Krewella","New World Pt. 1","Calm Down",47,190077,TRUE,0.475,-6.402,0,0.0403,0.229,1.17e-05,0.0465,0.162,124.846,4,15,"underground_heavy_hybrid",0.47
28315,"62PQEEbjT0MfZAHv5rLeKk","Mendum","NCS: Infinity","Elysium",46,294861,FALSE,0.512,-7.398,0,0.0462,0.139,1.93e-06,0.391,0.198,139.072,4,15,"underground_heavy_hybrid",0.52
28329,"3G9Ngx2uvZkBNrGClRxX6f","N3WPORT;Meggie York","Runaway","Runaway",38,213333,FALSE,0.623,-4.628,1,0.0384,0.109,1.86e-05,0.113,0.174,90.001,4,15,"underground_heavy_hybrid",0.38
28343,"16qGlEtbDQW4IFcRsIjmwm","BaianaSystem;VANDAL","O Futuro Não Demora","CertoPeloCertoh",34,165160,FALSE,0.72,-6.841,1,0.31,0.327,0,0.287,0.874,149.995,4,15,"underground_heavy_hybrid",0.4
28345,"3MZm4t1kRJ2e5JyaYQpjrF","Jackie Mittoo","The Keyboard King at Studio One","Black Organ",34,191506,FALSE,0.598,-9.047,0,0.181,0.391,0.238,0.0598,0.983,145.219,4,15,"underground_heavy_hybrid",0.66
28369,"6iT8cVghfrFncA3G94mmyU","Abandoned;GalaxyTones;DNAKM","Luna","Luna",39,200624,FALSE,0.706,-7.784,0,0.0521,0.519,0.0967,0.139,0.245,127.934,4,15,"underground_heavy_hybrid",0.64
28376,"2QC2PTvF3yONXlvih301aR","Moore Kismet;WYN","Rumor","Rumor",46,278808,FALSE,0.644,-4.579,0,0.113,0.191,0.000762,0.137,0.48,127.95,4,15,"underground_heavy_hybrid",0.33
28391,"0M8vucCtuYpN41Apt7A2mp","WE ARE FURY;Elijah Cruise","Poem of a Killer","Poem of a Killer",46,203586,FALSE,0.825,-5.655,0,0.123,0.0428,6.56e-05,0.253,0.162,144.784,4,15,"underground_heavy_hybrid",0.53
28398,"2x32AXP8HKNZ6sXwUdbDmY","Culture","420 Reggae","The International Herb",31,199920,FALSE,0.559,-8.746,0,0.266,0.065,0,0.0639,0.666,127.698,4,15,"underground_heavy_hybrid",0.51
28410,"4DByODaX53FL51bjyJNInS","Fairlane;TRØVES","Crumble","Crumble",38,189600,FALSE,0.709,-6.428,1,0.264,0.327,0.000469,0.133,0.27,199.913,4,15,"underground_heavy_hybrid",0.46
28423,"4r9qyANhnnv7q2ENG2ggre","Trivecta;Jay Mason","Sail Away (feat. Jay Mason)","Sail Away (feat. Jay Mason)",41,252200,FALSE,0.727,-4.815,1,0.0475,0.0179,0,0.417,0.282,150.059,4,15,"underground_heavy_hybrid",0.55
28433,"0YoQlQpZ8igWtXsS5K7ztJ","SLANDER;Armin van Buuren;Dylan Matthew","Love Is Gone - Armin van Buuren Remix","Love Is Gone - Armin van Buuren Remix",47,196153,FALSE,0.936,-5.563,0,0.0363,0.00932,0.0646,0.0971,0.17,129.964,4,15,"underground_heavy_hybrid",0.6
28434,"0Uyi3DHJMoGURtYihR6LAN","Trivecta;Sarah de Warren","The Way Back Up","Half A World Away (feat. Sarah de Warren)",39,267200,FALSE,0.687,-6.085,1,0.0455,0.257,0,0.104,0.11,150.074,4,15,"underground_heavy_hybrid",0.63
28444,"4zVA3cDdUlycQK8hfZpMTk","Seven Lions;JT Roach","Beyond The Veil","Beyond The Veil (feat. JT Roach)",0,291079,FALSE,0.842,-8,1,0.0322,0.193,0.146,0.0713,0.0385,110.016,4,15,"underground_heavy_hybrid",0.47
28451,"2TXNzTUp1KMUMD7pYMWkCY","Just A Gent;Nevve","Open Spaces","Open Spaces",50,206399,FALSE,0.385,-9.661,0,0.0855,0.0674,1.07e-05,0.076,0.131,100.038,4,15,"underground_heavy_hybrid",0.36
28454,"08EDz6781IVLc3qMn3VneT","Eliminate","Mula","Mula",48,216800,FALSE,0.841,-1.212,0,0.0742,0.0304,0.00177,0.0347,0.188,149.996,4,15,"underground_heavy_hybrid",0.34
28458,"1UvLYkSfgqGbEgykqBWGx6","Porter Robinson","Nurture","Sweet Time",47,251509,FALSE,0.728,-8.625,1,0.0497,0.192,0.0292,0.0944,0.439,84.976,4,15,"underground_heavy_hybrid",0.52
28488,"7nk1q5s4z6zdspR4NBZCot","Monkey Jhayam;Prince Fatty;Shniece McMenamin","Prince Fatty Presents: The Rolê Of Monkey Man","Vem Comigo (90% Of Me Is You)",29,255462,FALSE,0.643,-10.069,0,0.068,0.249,0.00332,0.115,0.822,80.948,4,15,"underground_heavy_hybrid",0.52
28491,"32XyUNQGL33AqoRBNlW4OS","BaianaSystem","BaianaSystem","Oxe, Como Era Doce",31,247226,FALSE,0.695,-10.241,1,0.036,0.0186,0.00351,0.456,0.564,106.032,4,15,"underground_heavy_hybrid",0.53
28512,"6vIUovlj8NGi1JfnzVUUBI","Krewella","Get Wet","Human",45,195533,FALSE,0.808,-3.852,0,0.0526,0.0363,0,0.227,0.198,140.077,4,15,"underground_heavy_hybrid",0.49
28519,"6YkoLoloyKV14kg87C2c10","Blvk Sheep","Insanity","Insanity",38,188499,FALSE,0.575,-9.16,0,0.127,0.0314,0.0201,0.335,0.128,135.216,4,15,"underground_heavy_hybrid",0.6
28534,"77z5bT7KYcOJioVQ7zQyNG","Jkyl & Hyde","Chemical Corridor","Arpf*cks",27,219428,TRUE,0.819,-0.896,1,0.059,0.00748,0.846,0.107,0.0665,139.886,4,15,"underground_heavy_hybrid",0.5
28535,"5sBZXoRrk1P2AQb38NH4Et","Tritonal","Tritonia 400","Tritonia - Intro",0,59165,FALSE,0.664,-13.418,1,0.251,0.141,4.86e-05,0.426,0.249,86.729,1,15,"underground_heavy_hybrid",0.56
28536,"1pG91KqhQR2otR6fdNwgNf","Disciples","Switch","Di Saat Badai",29,212826,FALSE,0.613,-7.019,1,0.0416,0.566,1.14e-05,0.0914,0.534,94.015,4,15,"underground_heavy_hybrid",0.23
28555,"0kBx3jLYQlL3oTUI3loBug","HALIENE;Maratone;Illitheas","Make It To Tomorrow (illitheas Remix)","Make It To Tomorrow - Illitheas Remix",0,286956,FALSE,0.955,-6.685,0,0.403,0.0086,0.00374,0.342,0.0441,137.999,4,15,"underground_heavy_hybrid",0.53
28564,"1AcoISuZA2tq5uFOwRA7yu","SLANDER;RIOT","You Don't Even Know Me","You Don't Even Know Me",49,226000,FALSE,0.903,-0.484,0,0.0385,0.00243,8.31e-05,0.0996,0.0406,150.074,4,15,"underground_heavy_hybrid",0.6
28565,"6zQyEMgmMkHXaNdLEiu7fW","INHUMAN;Kid Bookie","Penumbra EP","wake up. kill. repeat.",45,215235,FALSE,0.864,-3.044,1,0.262,0.0181,0.000213,0.108,0.217,144.812,4,15,"underground_heavy_hybrid",0.68
28574,"6Rzv2CVwDi7hYnVU5wKcXe","MitiS;Ray Volpe;Linney","Don’t Look Down (feat. Linney)","Don’t Look Down (feat. Linney)",50,243400,FALSE,0.776,-6.215,0,0.0571,0.0195,1.56e-06,0.491,0.175,149.914,4,15,"underground_heavy_hybrid",0.46
28576,"1Tye6LTBg8tGv67jygbg6n","MitiS;Amidy","Together EP","It's All You",48,196000,FALSE,0.6,-5.845,1,0.0306,0.535,0,0.127,0.157,150.184,4,15,"underground_heavy_hybrid",0.39
28577,"7ikxeH5UEtVb5okhmgk60g","Oliverse","Dimension EP","Get High",50,238400,FALSE,0.979,-1.476,0,0.148,0.00113,0.0202,0.277,0.398,75,4,15,"underground_heavy_hybrid",0.27
28585,"3mtJfeHl9dp6Rq5fXPIErc","Danakil","Microclimat","Mon île",28,313173,FALSE,0.338,-11.797,0,0.0577,0.0379,8.33e-06,0.0756,0.706,143.058,4,15,"underground_heavy_hybrid",0.32
28586,"6NWEQmLBJ1G9rnv1jCZp8Z","Titus1","Vortex Club","Vortex Club",27,200000,FALSE,0.97,-1.239,1,0.124,0.000118,0.698,0.102,0.0593,74.997,4,15,"underground_heavy_hybrid",0.49
28587,"7nTDFaGqZtkA0KDEays8vu","BaianaSystem;Bule Bule;Rapadura","OXEAXEEXU","Oxe",30,198213,FALSE,0.912,-3.823,0,0.153,0.316,1.25e-06,0.0785,0.568,107.999,4,15,"underground_heavy_hybrid",0.26
28598,"1aWA6FHwqGqH7b8XbKeiG0","The Gladiators","Trenchtown Mix Up","Looks Is Deceiving - 2000 Digital Remaster",28,152533,FALSE,0.545,-7.582,1,0.113,0.153,1.12e-05,0.231,0.713,79.24,4,15,"underground_heavy_hybrid",0.55
28600,"4VC6Ihh1epJiQPiiMpJXDE","Barrington Levy","Poor Man Style","Don't Give Up",17,198440,FALSE,0.467,-10.936,1,0.0953,0.0551,1.64e-05,0.0662,0.837,140.569,4,15,"underground_heavy_hybrid",0.28
28606,"1DegLHuaZdLmOvhUgsNV9I","Kayzo;RIOT","Wake Up","Wake Up",52,316420,FALSE,0.939,-2.449,1,0.071,0.00102,0.00559,0.131,0.391,160.014,4,15,"underground_heavy_hybrid",0.49
28617,"2NyaaTM7BOAPQaFRIqdE4c","Culture Code;Michael Zhonga","Electricity","Electricity",39,194351,FALSE,0.755,-5.324,1,0.0321,0.0555,0,0.0884,0.268,125.918,4,15,"underground_heavy_hybrid",0.46
28626,"20f06VeRkb2nqOwuV3eYik","DM Galaxy;Tyler Fiore","Paralyzed","Paralyzed",44,229776,FALSE,0.871,-4.263,1,0.0549,0.0027,0.00338,0.16,0.144,140.015,4,15,"underground_heavy_hybrid",0.56
28629,"76Vru4DRz1zPrr1lpdVYaR","Tritonal","Tritonia 399","Tritonia (Tritonia 399) - Round Up",21,58197,FALSE,0.78,-9.573,1,0.288,0.0318,0,0.428,0.244,73.557,5,15,"underground_heavy_hybrid",0.74
28639,"1sTIyJ58UqaMxjGllmkzx2","BaianaSystem","OXEAXEEXU","Tubarão",28,142333,FALSE,0.925,-4.205,1,0.0429,0.0125,0.836,0.153,0.704,131.065,4,15,"underground_heavy_hybrid",0.39
28646,"0ygPHoBZbtcUzcAuTNjAvC","Cidade Verde Sounds","Leve","Leve",27,228458,FALSE,0.561,-8.507,0,0.0441,0.392,0,0.0719,0.797,128.014,4,15,"underground_heavy_hybrid",0.56
28647,"4lHElVXnT9H9laiY2HCoJg","Produto Nacional","A Mão do Justo","Esperança",28,199093,FALSE,0.533,-8.553,1,0.0629,0.055,3.57e-05,0.0535,0.749,79.93,4,15,"underground_heavy_hybrid",0.53
28649,"7oK0wrAHhSYofdxg3wD8tE","Cidade Verde Sounds","Missão de Paz","Fazendeiro de Apartamento",27,220373,FALSE,0.543,-7.983,1,0.111,0.1,0,0.246,0.499,77.215,4,15,"underground_heavy_hybrid",0.49
28655,"7KhPHo1KWoA7AMOedW5Pw1","Excision;Space Laces","Apex","Rumble",43,282834,FALSE,0.892,-2.529,1,0.0666,0.000209,0.809,0.101,0.033,112.639,3,15,"underground_heavy_hybrid",0.46
28662,"707qqokrSYnzJO5FoGIvFL","Champagne Drip;Lucii","Me and You","Me and You",56,226285,FALSE,0.756,-4.921,1,0.0299,0.00423,0.00313,0.195,0.138,139.93,4,15,"underground_heavy_hybrid",0.48
28684,"0t4Cj30e0YENYFhZ3ED7kG","Johnny Osbourne","Johnny Osbourne - Most Wanted","Fally Ranking",28,226853,FALSE,0.692,-6.44,0,0.0484,0.0165,0,0.08,0.96,132.45,4,15,"underground_heavy_hybrid",0.68
28688,"0bIgZAoXlENJVhVCt838Az","Danakil","Dialogue de sourds","Samouraïs de l'Occident",27,309653,FALSE,0.644,-6.011,0,0.0508,0.0731,0,0.28,0.497,142.035,4,15,"underground_heavy_hybrid",0.36
28690,"6FCMH0TNyH3zUG2Ng3cFYy","Third World","Forgotten 70's Hits","Now That We Found Love - 12"" Version",28,222546,FALSE,0.658,-10.792,1,0.11,0.0155,2.53e-06,0.0658,0.773,118.428,4,15,"underground_heavy_hybrid",0.46
28707,"4EwSqnjnXCG7NqY08RRSKq","Zeds Dead;ILLENIUM","Where The Wild Things Are","Where The Wild Things Are",50,299240,FALSE,0.672,-5.888,0,0.0586,0.00877,1.04e-06,0.196,0.133,164.197,4,15,"underground_heavy_hybrid",0.52
28712,"3BCvKuuw1GCKGlwjgfrOoH","Fairlane;Syence;Kwesi","Replay","Replay",39,230400,FALSE,0.8,-4.034,1,0.0766,0.256,0,0.0711,0.195,100.129,4,15,"underground_heavy_hybrid",0.7
28715,"24JrqCPlzo18UYTT9MRRy5","Slippy;London Thor","Everything & Nothing At All","Dawn",49,196363,FALSE,0.756,-6.137,0,0.053,0.131,1.18e-05,0.204,0.0948,132.008,4,15,"underground_heavy_hybrid",0.31
28717,"6EEdLx1s2gjgE4EHQXsQfk","INHUMAN;D-Jahsta","The Lovecraftian Horrors","Blasphemy (feat. D-Jahsta)",35,267441,TRUE,0.931,-2.559,1,0.379,0.0912,0.0144,0.124,0.163,69.537,4,15,"underground_heavy_hybrid",0.61
28731,"2NMdjMrdycTgwwOV1HSg6y","GG Magree","Already Dead","Already Dead",45,139925,TRUE,0.852,-3.972,1,0.0515,0.0404,0,0.173,0.549,162.842,4,15,"underground_heavy_hybrid",0.38
28740,"1mOTkpuObmqNYrSxxsj9Ll","Barrington Levy","Original Ragga Muffin, Pt. 1","On the Telephone",27,226246,FALSE,0.438,-7.85,0,0.107,0.000859,0.00572,0.127,0.517,78.652,4,15,"underground_heavy_hybrid",0.6
28769,"2rAH5DmorvybHnY6wqFaIA","Virtual Riot","Simulation","REDLINE",43,174857,FALSE,0.993,-1.866,0,0.0977,0.00281,0.332,0.38,0.534,140.025,4,15,"underground_heavy_hybrid",0.44
28771,"2Ms30hRxAxBpoZmh6WZvoo","ILLENIUM;Thirty Seconds To Mars","Fallen Embers (Deluxe Version)","Wouldn’t Change A Thing",43,187000,FALSE,0.852,-4.002,1,0.0596,0.054,0,0.111,0.191,157.934,4,15,"underground_heavy_hybrid",0.62
28792,"6yvANotr5Vy1D1vxLsjZzC","Horace Andy","Serious Times","Crazy",27,298840,FALSE,0.547,-11.135,1,0.235,0.137,2.83e-06,0.088,0.603,170.694,4,15,"underground_heavy_hybrid",0.28
28803,"3HltbvkfjVeyjESx3JbuLD","Tristam","WLUWD","Violence",40,213677,FALSE,0.546,-7.708,1,0.0405,0.714,3.34e-06,0.0897,0.274,154.533,4,15,"underground_heavy_hybrid",0.53
28809,"4alPbFkCasI3admYNY3JvO","Hairitage","Double Dipping","Double Dipping",40,172800,TRUE,0.993,-0.394,1,0.474,0.105,0.101,0.473,0.198,75.018,4,15,"underground_heavy_hybrid",0.64
28826,"7tQyxRUBcy0XVZbATedxBU","William Black;Dia Frampton","Pieces","Haven",41,251200,FALSE,0.786,-4.205,0,0.0376,0.0583,0,0.104,0.344,149.999,4,15,"underground_heavy_hybrid",0.34
28839,"37SlHGuQaLZnCou4v6RCAZ","Mungo's Hi Fi;Eva Lazarus","More Fyah","Bad Gyal",25,168200,FALSE,0.572,-9.848,0,0.177,0.0121,0.00159,0.114,0.28,140.14,4,15,"underground_heavy_hybrid",0.34
28843,"53dpKoCti2d3fSDalvMuk5","Black Uhuru","Guess Who's Coming To Dinner","Plastic Smile",26,432533,FALSE,0.423,-11.869,1,0.0584,0.00459,0.0582,0.0458,0.866,133.673,4,15,"underground_heavy_hybrid",0.56
28854,"06jPOtcs4L8QpgJxixFiBT","Seven Lions;Jason Ross;Crystal Skies;Jonathan Mendelsohn","Foolish Of Me (feat. Jonathan Mendelsohn)","Foolish Of Me (feat. Jonathan Mendelsohn)",47,186666,FALSE,0.689,-5.455,0,0.0745,0.146,0,0.326,0.347,179.99,4,15,"underground_heavy_hybrid",0.54
28856,"2U7k19rKiQDBkB5zy632n4","Culture Code;Dani Poppitt","Crying U Out","Crying U Out",43,195200,FALSE,0.573,-7.224,1,0.0701,0.0223,2.52e-05,0.472,0.122,150.325,4,15,"underground_heavy_hybrid",0.5
28861,"1HCfu0muPAsWAknx1YleI2","Carbin;hayve;Emily Makis","Murderer","Murderer",35,201465,FALSE,0.915,-1.727,1,0.252,0.00628,0.00144,0.135,0.318,174.015,4,15,"underground_heavy_hybrid",0.43
28872,"0ZKOjWGqV7vHl9WKOtDb5V","Zeds Dead;DROELOE","We Are Deadbeats (Vol. 4)","Stars Tonight",54,173413,FALSE,0.877,-5.486,0,0.0781,0.139,0.764,0.186,0.477,155.054,4,15,"underground_heavy_hybrid",0.58
28874,"2SwoHOkk5X3GJUP6KeuB1d","Spag Heddy","The Classics","The Master - VIP",46,190635,FALSE,0.868,-3.326,0,0.11,0.00366,0.237,0.17,0.295,173.945,4,15,"underground_heavy_hybrid",0.54
28890,"33OvldxXEXdFIDA5fL2r6k","Cidade Verde Sounds;Oriente;Pele MilFlows","Umdo12","Meu Espirito Voa",25,245240,FALSE,0.489,-6.763,1,0.0974,0.539,0,0.103,0.577,93.963,4,15,"underground_heavy_hybrid",0.52
28894,"3AcCDWlvIXSJf5P8NsF8s2","Mad Professor;Alika","Mad Professor Meets Alika","The Nyabinghy Chant",26,194186,FALSE,0.44,-10.68,0,0.254,0.152,2.25e-06,0.0875,0.778,80.501,4,15,"underground_heavy_hybrid",0.48
28906,"6ptxa6he2S0XKmbcuaiskL","Flux Pavilion","UK Garage & Dubstep Beats","Freeway - Flux Pavilion and Kill the Noise Remix",35,165558,FALSE,0.746,-6.425,0,0.22,0.0718,0.0261,0.101,0.15,139.905,4,15,"underground_heavy_hybrid",0.36
28907,"29Ow3vHlsyZnCVIkDWu9sH","MYRNE;JPB;Yung Fusion","NCS: The Best of 2016","Feels Right",27,199187,FALSE,0.948,-2.503,0,0.307,0.053,8.68e-05,0.882,0.677,89.928,4,15,"underground_heavy_hybrid",0.58
28915,"6v7Q2q1qJnrQLYtq65C4oS","Animadrop","Nobody Like Me","Nobody Like Me",39,294750,FALSE,0.794,-5.019,0,0.219,0.0499,0.804,0.131,0.0772,75.862,5,15,"underground_heavy_hybrid",0.39
28920,"1pSrJ6CpaOtoDTNgubJ6Zx","Krewella;RetroVision","Drive Away (RetroVision Remix)","Drive Away (RetroVision Remix)",42,205153,TRUE,0.951,-3.963,1,0.072,0.0373,0.000348,0.234,0.232,129.954,4,15,"underground_heavy_hybrid",0.54
28922,"6TN7hDpwOrOaBtNJldRZz1","Jason Ross;Dia Frampton","Atlas","Stay (feat. Dia Frampton)",39,199058,FALSE,0.791,-4.91,1,0.054,0.594,1.21e-05,0.155,0.353,169.878,4,15,"underground_heavy_hybrid",0.45
28925,"3TNUCQeXAALQrTw7ANSEoB","Tritonal;EMME","Tritonia 400","Out Of The Dark (Tritonia 400)",0,450735,FALSE,0.958,-5.341,1,0.0637,0.00375,0.522,0.709,0.0762,122.975,4,15,"underground_heavy_hybrid",0.43
28928,"4YsKbWkeQD3SoKVhbJ5fPu","Tritonal;Rosie Darling","Tritonia 400","Never Be The Same (Tritonia 400)",0,318742,FALSE,0.917,-4.529,1,0.0573,0.00382,4.66e-05,0.357,0.353,127.989,4,15,"underground_heavy_hybrid",0.73
28933,"5U2AVtmid4XPXxAy0m1KkC","Monkey Jhayam;Roberto Romero Malfatti","Guiança","Desengano da Trindade",25,261947,FALSE,0.631,-7.037,1,0.0358,0.222,1.19e-06,0.111,0.371,81.013,4,15,"underground_heavy_hybrid",0.52
28939,"39R6AMEo5Do3AKcldkakEN","Maroon Town","Don Drummond","Bullit",26,210270,FALSE,0.512,-10.377,0,0.0466,0.00584,0.553,0.123,0.97,145.044,4,15,"underground_heavy_hybrid",0.52
28948,"5qSIn5VR4Yp1xcb7krEJQy","BaianaSystem;Céu","OXEAXEEXU","O Que Não Me Destrói Me Fortalece",27,232773,FALSE,0.571,-6.756,0,0.0303,0.0585,0.000707,0.126,0.655,119.054,4,15,"underground_heavy_hybrid",0.72
28950,"1u3SkEgGroT2Kcfnd4v4ON","Ekali;mossy.","Crystal Eyes","Stay Hollow (with mossy.)",50,184888,FALSE,0.675,-5.841,1,0.06,0.131,0.394,0.371,0.065,135.025,4,15,"underground_heavy_hybrid",0.47
28963,"1K6gyNdEjiap8P5IBELG6t","Rameses B","Children","Children",49,204310,FALSE,0.942,-3.122,1,0.0401,2.47e-05,0.934,0.148,0.235,173.984,4,15,"underground_heavy_hybrid",0.66
28971,"2GhwDDUHbfHF6YOwm9xilY","FelMax","Chapel","Chapel",38,201562,FALSE,0.956,-3.759,1,0.0349,0.000395,0.877,0.242,0.0389,127.993,4,15,"underground_heavy_hybrid",0.5
28977,"3YmXbD4Tet9ctaCijuVJnC","Jason Ross;L8NCY","Atlas","Slow It Down (feat. L8NCY)",41,251200,FALSE,0.742,-5.071,1,0.0455,0.167,2.18e-05,0.0838,0.119,150.227,4,15,"underground_heavy_hybrid",0.5
28987,"4zCsxXUpgTlpSYEkctuDnZ","Ondubground;Chill Bump;Crenoka","Ondubground X Chill Bump","Fangs",24,242923,FALSE,0.45,-11.913,1,0.173,0.243,0.0526,0.231,0.279,141.99,4,15,"underground_heavy_hybrid",0.51
29019,"3bEkAkaKjxaC7DubsfCo1t","ILLENIUM;Skylar Grey","From The Ashes (with Skylar Grey)","From The Ashes (with Skylar Grey)",67,253983,FALSE,0.789,-4.516,1,0.0566,0.0243,0.000231,0.226,0.159,154.858,4,15,"underground_heavy_hybrid",0.46
29020,"17Efhyf4A96n0EFXKeB7Ya","ILLENIUM;Bahari","ASCEND","Crashing (feat. Bahari)",57,230000,FALSE,0.681,-6.138,1,0.0458,0.342,0,0.186,0.273,95.995,4,15,"underground_heavy_hybrid",0.43
29058,"4o7Rszx7VVCzrCr1RPlPot","SVDDEN DEATH","VOYD Vol. I","Behemoth",54,192000,TRUE,0.893,-0.595,0,0.191,0.0142,0.142,0.0768,0.555,139.933,4,15,"underground_heavy_hybrid",0.41
29062,"6OyAdrIqlulqr7hEpo7QSL","NURKO;Chandler Leighton","Disappearing Now","Disappearing Now",48,291428,FALSE,0.713,-4.517,0,0.0559,0.252,1.48e-06,0.158,0.239,153.758,4,15,"underground_heavy_hybrid",0.53
29071,"79vU0Pi3QPooBHNCiVfLqX","Culture Code;Alexis Donn","You & I","You & I",47,209577,FALSE,0.713,-6.488,1,0.0341,0.0238,0,0.125,0.517,141.999,4,15,"underground_heavy_hybrid",0.43
29072,"5kkGFMcYcX1h3sQkyJcLHo","Culture Code;Amanda Collis","Fairytale","Fairytale",48,193000,FALSE,0.628,-6.765,1,0.0544,0.0334,0,0.173,0.448,97.042,4,15,"underground_heavy_hybrid",0.54
29077,"0aDYbKm7Cwe3rkjihsj7S6","Far Out;Karra","Constellation","Constellation",50,172804,FALSE,0.842,-4.159,1,0.0855,0.172,1.44e-06,0.339,0.33,149.922,4,15,"underground_heavy_hybrid",0.46
29088,"4pWawf1Rq4qHDv4Ktqjg2D","ILLENIUM;MAX","Awake","Beautiful Creatures (feat. MAX)",56,240508,FALSE,0.826,-4.577,0,0.0796,0.0668,0.00074,0.367,0.216,117.048,4,15,"underground_heavy_hybrid",0.46
29107,"10hG4ZlpIUGvcZESL6Uhxx","ILLENIUM;Joni Fatora","Ashes","Fortress",51,203661,FALSE,0.852,-4.928,1,0.058,0.194,0.000645,0.694,0.471,141.949,4,15,"underground_heavy_hybrid",0.43
29113,"5TQDtOeQ3IU2VqKbCn6Rwq","ARMNHMR;RUNN","Falling Apart","Falling Apart",52,238344,FALSE,0.692,-4.96,1,0.0313,0.164,1.58e-05,0.184,0.197,144.959,4,15,"underground_heavy_hybrid",0.57
29118,"0Vc3nfRMdvY5iX6AHVWSMN","ILLENIUM;Liam O'Donnell;T-Mass;LZRD","Ashes (Remixes)","It's All on U - T-Mass & LZRD Remix",53,204778,FALSE,0.784,-4.139,0,0.0485,0.039,3.89e-05,0.0691,0.41,154.924,4,15,"underground_heavy_hybrid",0.33
29119,"2gBQ35qqBE75t00kV221Xy","Krewella;Yellow Claw;Taylor Bennett","New World","New World",51,161963,FALSE,0.768,-4.356,0,0.0774,0.0314,0,0.0839,0.718,162.976,4,15,"underground_heavy_hybrid",0.43
29125,"6yaihZ7YizWwJ61Cu6Kktl","Whales;Fraxo;Lox Chatterbox","Dead To Me Slow + Reverb","Dead To Me - Original Mix",42,230282,FALSE,0.766,-4.358,0,0.222,0.11,0,0.102,0.221,148.079,4,15,"underground_heavy_hybrid",0.68
29126,"4d42YQbGZxwYq7YZiCkTDb","ILLENIUM;Dia Frampton","Awake","Needed You",52,305571,FALSE,0.717,-4.293,0,0.0363,0.158,0.000403,0.089,0.336,140.103,4,15,"underground_heavy_hybrid",0.58
29138,"5NWyhQjPTh37ygOq4UHYZk","Said The Sky;Parachute;Will Anderson","Sentiment","Emotion Sickness",56,202493,FALSE,0.7,-4.888,1,0.0378,0.0214,0,0.112,0.235,168.044,4,15,"underground_heavy_hybrid",0.67
29160,"6UEJtAnGHnK5tVhoPHD6tU","Krewella","Get Wet","Enjoy the Ride",49,211693,FALSE,0.873,-1.145,1,0.164,0.237,2.63e-06,0.078,0.485,127.993,4,15,"underground_heavy_hybrid",0.59
29165,"1nxolqTzRn39brCPRk5f8v","ILLENIUM;Thirty Seconds To Mars","Wouldn’t Change A Thing","Wouldn’t Change A Thing",54,187000,FALSE,0.852,-4.002,1,0.0596,0.054,0,0.111,0.191,157.934,4,15,"underground_heavy_hybrid",0.59
29174,"4JDV87IELfaz9tS9UKJOKN","INF1N1TE;Semidubs","CLOSE MY EYES","CLOSE MY EYES",39,172000,FALSE,0.957,-3.703,0,0.276,0.419,0.00836,0.25,0.648,74.645,4,15,"underground_heavy_hybrid",0.58
29193,"2OYgoG7jqfMXsUaQfgROtw","NURKO;Dayce Williams","Eternity (feat. Dayce Williams)","Eternity (feat. Dayce Williams)",50,229694,FALSE,0.71,-7.1,1,0.0472,0.177,0,0.116,0.369,146.97,4,15,"underground_heavy_hybrid",0.59
29200,"5Ce9z7GqSknXccyppRxNLY","Ookay","Thief","Thief",57,239711,FALSE,0.797,-2.954,1,0.0608,0.00476,0.00833,0.11,0.212,149.925,4,15,"underground_heavy_hybrid",0.57
29204,"5RkJMrhW5aU2zMuJcZUNmh","Feint","Do Better","Do Better",52,186206,FALSE,0.912,-2.444,1,0.0624,0.172,0.000131,0.0911,0.395,174.101,4,15,"underground_heavy_hybrid",0.43
29214,"0qH4xYxCrvqO86YyLbkTrB","ILLENIUM;Natalie Taylor","Fallen Embers","Fragments",50,210000,FALSE,0.783,-5.081,1,0.0589,0.101,3.45e-06,0.181,0.344,175.956,4,15,"underground_heavy_hybrid",0.58
29227,"6UDwGDAfyHhHq2JTFbGfpv","Bear Grillz;Stryer;Meg & Dia","Float","Float",46,174666,FALSE,0.767,-3.617,0,0.0417,0.122,0,0.12,0.0587,89.914,4,15,"underground_heavy_hybrid",0.58
29234,"4ajgjf5LuCBLS0b8pOxNIo","Highlnd;Rachel Lorin","How To Love","How To Love",43,212000,FALSE,0.873,-4.043,0,0.134,0.0709,0.000291,0.338,0.371,90.073,4,15,"underground_heavy_hybrid",0.59
29238,"457p7UH7hoHrbA2iI4PSCA","Krewella","Get Wet","Live for the Night",50,206480,TRUE,0.843,-2.224,1,0.113,0.0138,0,0.124,0.533,127.932,4,15,"underground_heavy_hybrid",0.67
29239,"3SH8GHdwJGXnoEmnCbPpJQ","Zeds Dead;Blanke","The Machines","The Machines",57,202666,FALSE,0.888,-0.746,0,0.161,0.00391,0.00435,0.437,0.373,179.949,4,15,"underground_heavy_hybrid",0.59
29254,"0adZjn5WV3b0BcZbvSi0y9","Tristam","Bone Dry","Bone Dry",48,285000,FALSE,0.857,-5.901,1,0.265,0.372,0.000314,0.0727,0.318,159.997,4,15,"underground_heavy_hybrid",0.43
29266,"3UH9f1BgM6HZh7pd0z5jbw","Far Out;Alina Renae","Chains","Chains",44,194476,FALSE,0.837,-4.926,0,0.0787,0.0477,0.474,0.13,0.331,141.937,4,15,"underground_heavy_hybrid",0.53
29267,"6iT8cVghfrFncA3G94mmyU","Abandoned;GalaxyTones;DNAKM","Luna","Luna",39,200624,FALSE,0.706,-7.784,0,0.0521,0.519,0.0967,0.139,0.245,127.934,4,15,"underground_heavy_hybrid",0.25
29275,"2bCjaF7cRm53Wdq9RtkYJu","Zeds Dead;Dragonette;DNMO","Northern Lights (Remixes)","Neck And Neck - DNMO Remix",60,182400,FALSE,0.591,-7.407,0,0.0337,0.0188,0.0766,0.126,0.37,150.044,4,15,"underground_heavy_hybrid",0.32
29276,"3PvhJcV5xv7E1ImIfbRYeM","Kill The Noise;Feed Me","OCCULT CLASSIC","I Do Coke",52,226973,TRUE,0.895,-3.846,0,0.233,0.00224,0.0794,0.804,0.533,106.945,4,15,"underground_heavy_hybrid",0.32
29278,"0jitsmziKMI9MpzENnB0Tc","ILLENIUM;BANNERS","Fallen Embers (Deluxe Version)","Hurts Like This",49,238095,FALSE,0.795,-4.567,0,0.0955,0.0411,0,0.0898,0.415,126.06,4,15,"underground_heavy_hybrid",0.23
29279,"0h2ZSu1j6YFsGj85eSyrI4","Crankdat;Bandlez","Ground Shake","Ground Shake",49,185379,FALSE,0.984,-2.187,1,0.0658,0.000666,0.00804,0.163,0.214,145.074,4,15,"underground_heavy_hybrid",0.26
29286,"2cFbDTppIxkKRfDltzKGnx","Sonic Journey","Crying For Love","Crying For Love",45,209986,FALSE,0.756,-6.963,1,0.0331,0.00269,0.000783,0.0976,0.472,150.043,4,15,"underground_heavy_hybrid",0.55
29288,"4Y3hmcRgFw88qJnXGzCwkq","Last Heroes;Man Cub;KC","Start It Over (feat. KC)","Start It Over (feat. KC)",46,195600,FALSE,0.838,-5.128,1,0.139,0.00575,0,0.0708,0.268,100.01,4,15,"underground_heavy_hybrid",0.29
29293,"0fUF5bxAbaEkZeRatGvnG0","Spag Heddy","The Classics","Permanent",46,233800,FALSE,0.957,-0.673,0,0.0802,0.00359,0.0312,0.318,0.343,173.977,4,15,"underground_heavy_hybrid",0.25
29298,"2JmbEZudT2eA3kUp5nXGZf","Dodge & Fuski;Virus Syndicate","All Killer No Filler EP","Flat Line",47,144000,FALSE,0.945,-0.942,1,0.306,0.0289,0,0.362,0.861,149.95,4,15,"underground_heavy_hybrid",0.49
29301,"7Ay1JeXkSBpZRMB6dYHc3k","Kai Wachi;Dylan Matthew","Run","Run",54,217624,FALSE,0.581,-7.078,0,0.0384,0.0508,3.13e-06,0.114,0.216,149.78,4,15,"underground_heavy_hybrid",0.25
29330,"4kDZlKBNDgUCMKXui3ZGhL","Animadrop","When A Champion Falls","When A Champion Falls",45,245250,FALSE,0.84,-3.749,1,0.21,0.00195,0.238,0.0516,0.0385,160.066,3,15,"underground_heavy_hybrid",0.64
29338,"0YoQlQpZ8igWtXsS5K7ztJ","SLANDER;Armin van Buuren;Dylan Matthew","Love Is Gone - Armin van Buuren Remix","Love Is Gone - Armin van Buuren Remix",47,196153,FALSE,0.936,-5.563,0,0.0363,0.00932,0.0646,0.0971,0.17,129.964,4,15,"underground_heavy_hybrid",0.26
29349,"1Wt8OoQoQ2DsoPHs0TdOHn","Seven Lions;Vancouver Sleep Clinic","Beyond The Veil","Call On Me (feat. Vancouver Sleep Clinic)",0,293122,FALSE,0.698,-5.498,1,0.0449,0.0801,0,0.122,0.105,145.987,4,15,"underground_heavy_hybrid",0.49
29352,"6wUK8WB3cbNUAAGjNmKy3M","Kayzo;Bad Omens","Suffocate","Suffocate",57,179200,TRUE,0.961,-1.726,1,0.3,0.0144,0.00141,0.175,0.664,150.065,4,15,"underground_heavy_hybrid",0.53
29368,"5oMLOe7ams9wPzBiQLt6Na","Danny Olson;Jadelyn","Fix You","Fix You",42,336000,FALSE,0.6,-6.89,1,0.0406,0.0117,0.00505,0.114,0.0874,140.035,4,15,"underground_heavy_hybrid",0.48
29380,"2nSvBHxMZz5buzG93DM2xr","12th Planet;Bandlez;Barely Alive;Chibs;Dirtyphonics;Disciple;Dodge & Fuski;Eliminate;Fox Stevenson;Infekt;Modestep;MVRDA;Myro;Oliverse;PhaseOne;SampliFire;Terravita;Virus Syndicate;Virtual Riot","Disciple Alliance Vol. 5","We Don't Play",47,298400,FALSE,0.937,-5.453,0,0.158,0.00418,7.58e-06,0.406,0.339,150.096,4,15,"underground_heavy_hybrid",0.5
29387,"5GjxlgXBgCMbp0zHLFUaug","Awakend;Isaac Warburton","Walked Through Fire","Walked Through Fire",44,214883,FALSE,0.632,-7.463,1,0.047,0.004,2.33e-06,0.0926,0.116,169.765,4,15,"underground_heavy_hybrid",0.44
29390,"0Uyi3DHJMoGURtYihR6LAN","Trivecta;Sarah de Warren","The Way Back Up","Half A World Away (feat. Sarah de Warren)",39,267200,FALSE,0.687,-6.085,1,0.0455,0.257,0,0.104,0.11,150.074,4,15,"underground_heavy_hybrid",0.5
29397,"3TSk2ns9rVF8kiYOSuNx3r","Seven Lions;GG Magree","Beyond The Veil","Falling Fast (feat. GG Magree)",0,294340,FALSE,0.755,-5.546,1,0.0362,0.00129,0.000229,0.243,0.0588,150.091,4,15,"underground_heavy_hybrid",0.29
29415,"45CwQAnBujkKzbDKX5wJmv","Adventure Club;NURKO;Dayseeker","Colorblind (feat. Dayseeker)","Colorblind (feat. Dayseeker)",48,199285,FALSE,0.57,-5.123,1,0.032,0.169,0,0.271,0.266,140.037,4,15,"underground_heavy_hybrid",0.48
29418,"6fhGeOhCuAECkSf1P1gaTe","Floatinurboat","NCS: The Best of 2016","Spirit Of Things",39,253330,FALSE,0.638,-7.576,0,0.0414,0.0123,0.0147,0.0814,0.404,75.007,4,15,"underground_heavy_hybrid",0.44
29419,"1UvLYkSfgqGbEgykqBWGx6","Porter Robinson","Nurture","Sweet Time",47,251509,FALSE,0.728,-8.625,1,0.0497,0.192,0.0292,0.0944,0.439,84.976,4,15,"underground_heavy_hybrid",0.48
29422,"5MAM4PXb95MPl2JWSlMI6L","Rootkit;Anna Yvette","Against The Sun","Against The Sun",50,212288,FALSE,0.663,-5.869,0,0.074,0.0313,0.0101,0.0737,0.147,174.04,4,15,"underground_heavy_hybrid",0.45
29430,"6YkoLoloyKV14kg87C2c10","Blvk Sheep","Insanity","Insanity",38,188499,FALSE,0.575,-9.16,0,0.127,0.0314,0.0201,0.335,0.128,135.216,4,15,"underground_heavy_hybrid",0.5
29448,"77z5bT7KYcOJioVQ7zQyNG","Jkyl & Hyde","Chemical Corridor","Arpf*cks",27,219428,TRUE,0.819,-0.896,1,0.059,0.00748,0.846,0.107,0.0665,139.886,4,15,"underground_heavy_hybrid",0.72
29453,"4sJAm5WXrKBycKF20bgEqB","Krewella","Be There","Be There",38,199755,FALSE,0.729,-4.525,1,0.0314,0.0909,2.02e-05,0.367,0.318,144.994,4,15,"underground_heavy_hybrid",0.69
29456,"3HKiR4t12GW18bnPUVhx5l","Seven Lions;Wooli;Trivecta;Nevve","Island (feat. Nevve)","Island (feat. Nevve)",51,278400,FALSE,0.836,-3.323,0,0.0466,0.0456,0.00238,0.369,0.248,150.128,4,15,"underground_heavy_hybrid",0.69
29458,"60tozXf2pmq28TPNE1KB38","ILLENIUM;SKYLR;Ryan Exley","Ashes (Remixes)","Without You - Ryan Exley Remix",43,380800,FALSE,0.499,-7.4,0,0.0379,0.0379,7.24e-06,0.078,0.125,149.733,4,15,"underground_heavy_hybrid",0.44
29475,"6b6HudhUkFIvlDjyuhiEBE","Sikdope;LOUD ABOUT US!","Slow It Down","Slow It Down",48,188800,TRUE,0.904,-4.159,0,0.0712,0.00541,0.647,0.158,0.0999,149.883,4,15,"underground_heavy_hybrid",0.46
29480,"6qLM7FY8SPWYIyKKhzzVO0","PEEKABOO","Here With Me","Here With Me",55,223999,FALSE,0.59,-2.502,0,0.0691,0.0495,0.206,0.144,0.103,90.047,4,15,"underground_heavy_hybrid",0.5
29483,"6MDBkIEBEodrBPG5CPb8IG","Porter Robinson","Nurture","do-re-mi-fa-so-la-ti-do",47,214930,FALSE,0.602,-10.032,0,0.0334,0.0958,0.579,0.136,0.695,172.065,4,15,"underground_heavy_hybrid",0.48
29487,"6Rzv2CVwDi7hYnVU5wKcXe","MitiS;Ray Volpe;Linney","Don’t Look Down (feat. Linney)","Don’t Look Down (feat. Linney)",50,243400,FALSE,0.776,-6.215,0,0.0571,0.0195,1.56e-06,0.491,0.175,149.914,4,15,"underground_heavy_hybrid",0.44
29494,"7ikxeH5UEtVb5okhmgk60g","Oliverse","Dimension EP","Get High",50,238400,FALSE,0.979,-1.476,0,0.148,0.00113,0.0202,0.277,0.398,75,4,15,"underground_heavy_hybrid",0.65
29501,"71kkmlYkfgbrFNozWnquQi","Dabin;Lowell","Holding On","Holding On",43,217347,FALSE,0.69,-5.171,1,0.0394,0.0515,9.04e-06,0.112,0.284,145.013,4,15,"underground_heavy_hybrid",0.43
29506,"4yNoaxUJjnP50AXYoAZx4S","Flux Pavilion;Matthew Koma","Tesla","Emotional",51,235275,FALSE,0.865,-4.672,0,0.0944,0.0027,0.276,0.107,0.411,149.85,4,15,"underground_heavy_hybrid",0.61
29507,"6OK7OQyyvNPd2XQIHCB1wz","ARMNHMR;Bella Renee","Saving Lives","Saving Lives",46,267676,FALSE,0.646,-4.467,1,0.0307,0.349,9.41e-05,0.339,0.149,141.985,3,15,"underground_heavy_hybrid",0.53
29509,"3wgu3Yq2tqdJH9nmUt3kfx","LIONE;Heather Sommer","Glimmer","Glimmer",44,261126,FALSE,0.891,-2.712,0,0.0344,0.00233,0.0258,0.123,0.406,93.026,4,15,"underground_heavy_hybrid",0.4
29512,"1XoMhaVxtcVukieSHOpBtn","Skrux","You & Me - Single","You & Me",47,252590,FALSE,0.888,-5.395,0,0.0887,0.14,0.604,0.171,0.149,139.77,4,15,"underground_heavy_hybrid",0.5
29513,"5GmhrrcziQz36B3R4AyJYE","Seven Lions;Skyler Stonestreet","Where I Won't Be Found","Freesol",48,210884,FALSE,0.727,-5.171,0,0.0984,0.0987,9.35e-06,0.118,0.424,74.827,4,15,"underground_heavy_hybrid",0.75
29516,"6WHPsTSYhFLeX0GkvIUeCU","Animadrop;CHENDA","Go Beyond","Go Beyond",35,380245,FALSE,0.872,-4.362,0,0.109,0.273,0.00192,0.104,0.0556,119.941,4,15,"underground_heavy_hybrid",0.5
29520,"3UqVIJeExhrTP6al1RpHii","Hellberg;Magsy","Let You Down (feat. Magsy)","Let You Down (feat. Magsy)",44,144055,FALSE,0.66,-6.446,1,0.0325,0.0765,8.55e-06,0.124,0.708,130.033,3,15,"underground_heavy_hybrid",0.61
29525,"1mgsWGf69P448vP0md1Z8e","ARMNHMR;NURKO;Micah Martin","Won't Make A Sound","Won't Make A Sound",47,276480,FALSE,0.728,-4.373,1,0.0384,0.259,0,0.109,0.191,142.095,4,15,"underground_heavy_hybrid",0.61
29529,"2CAqzumDVPlw6oNM8G24ty","Riot Ten;SHARPS;Hashu","AD INFINITUM","G.T.F.O.T.W. (feat. Hashu)",44,198620,TRUE,0.913,-3.672,1,0.0768,0.0108,1.16e-06,0.132,0.268,145.012,4,15,"underground_heavy_hybrid",0.61
29534,"3ZrDQ6aVf4mzhKIjYqOUQU","Bear Grillz;Riot Ten;Bok Nero","Friends: The Album","Run It (feat. Bok Nero)",37,147200,TRUE,0.94,-3.823,0,0.33,0.023,5.76e-05,0.165,0.279,150.168,4,15,"underground_heavy_hybrid",0.61
29538,"0nejfXN5tjdICWIdfakXWx","Porter Robinson;Urban Cone","Worlds","Lionhearted",50,266106,FALSE,0.74,-6.925,1,0.034,0.0244,0.00219,0.174,0.349,119.993,4,15,"underground_heavy_hybrid",0.56
29544,"76Vru4DRz1zPrr1lpdVYaR","Tritonal","Tritonia 399","Tritonia (Tritonia 399) - Round Up",21,58197,FALSE,0.78,-9.573,1,0.288,0.0318,0,0.428,0.244,73.557,5,15,"underground_heavy_hybrid",0.61
29551,"7dYjEwbLJ1B5reoz3lWra0","Burial;Four Tet","Nova / Moth","Nova",53,342000,FALSE,0.759,-13.982,0,0.0543,0.516,0.934,0.372,0.129,127.991,4,15,"underground_heavy_hybrid",0.75
29552,"1ZFZQK8OGNdRP7NE8DFJMc","Fairlane;Kala","V","5 Years",0,211213,FALSE,0.876,-4.697,1,0.0695,0.0322,0,0.0842,0.183,172.886,3,15,"underground_heavy_hybrid",0.59
29569,"6EEdLx1s2gjgE4EHQXsQfk","INHUMAN;D-Jahsta","The Lovecraftian Horrors","Blasphemy (feat. D-Jahsta)",35,267441,TRUE,0.931,-2.559,1,0.379,0.0912,0.0144,0.124,0.163,69.537,4,15,"underground_heavy_hybrid",0.6
29572,"6zDwrk0h49oE3RYNGZ822v","KDrew","Circles - Single","Circles - Original",48,265714,FALSE,0.821,-4.319,1,0.0544,0.00512,2.35e-06,0.0598,0.25,139.903,4,15,"underground_heavy_hybrid",0.51
29576,"45PEs9rgK7Q4gcxwOsPM4o","Virtual Riot;Modestep;FRANK ZUMMO","This Could Be Us","This Could Be Us",45,308400,FALSE,0.896,-3.598,0,0.0455,0.000459,0.00102,0.119,0.424,150.075,4,15,"underground_heavy_hybrid",0.53
29577,"24JrqCPlzo18UYTT9MRRy5","Slippy;London Thor","Everything & Nothing At All","Dawn",49,196363,FALSE,0.756,-6.137,0,0.053,0.131,1.18e-05,0.204,0.0948,132.008,4,15,"underground_heavy_hybrid",0.53
29580,"1bI9jePC8sxwC8wGtCDCqR","ILLENIUM","Awake","Taking Me Higher",41,164888,FALSE,0.579,-6.815,1,0.0267,0.776,0.831,0.101,0.0693,98.065,4,15,"underground_heavy_hybrid",0.45
29583,"4g1dMXihqGqrl3LCyvnXhb","Rusko","Everyday","Everyday - Netsky Remix",50,251669,FALSE,0.934,-5.034,1,0.0485,0.000341,0.777,0.329,0.132,173.965,4,15,"underground_heavy_hybrid",0.53
29587,"2rAH5DmorvybHnY6wqFaIA","Virtual Riot","Simulation","REDLINE",43,174857,FALSE,0.993,-1.866,0,0.0977,0.00281,0.332,0.38,0.534,140.025,4,15,"underground_heavy_hybrid",0.35
29590,"0pQRf6Sxz1qT0VBykFFCN7","GhostDragon;lullaboy","could've been us","honest (ft. lullaboy)",44,201795,FALSE,0.875,-1.866,1,0.0607,0.196,0,0.345,0.392,78.267,4,15,"underground_heavy_hybrid",0.57
29593,"6gRHFhr81eJui2ybVskzI9","Caster","Duel Of The Fates (Star Wars)","Duel Of The Fates (Star Wars)",30,308571,FALSE,0.894,-2.534,0,0.118,0.00225,0.326,0.0937,0.268,82.502,4,15,"underground_heavy_hybrid",0.54
29608,"2eQUzzwm9FKMtx98qsWsFf","Feint;MYLK","Outbreak","Outbreak",48,232114,FALSE,0.918,-3.499,0,0.092,0.00664,0.000562,0.111,0.502,174.924,4,15,"underground_heavy_hybrid",0.37
29609,"2iIv6fmSZy9FlnfjbixopJ","Kai Wachi;Dylan Matthew;Danny Olson","Run - Danny Olson Remix","Run - Danny Olson Remix",38,180000,FALSE,0.455,-6.052,0,0.0262,0.15,0,0.139,0.271,82.987,4,15,"underground_heavy_hybrid",0.36
29612,"0gsPInjPU6qsGGdLnpgTHD","Danny Olson;yetep;Easae","Melting (feat. EASAE)","Melting (feat. EASAE)",42,270800,FALSE,0.589,-6.176,1,0.0599,0.0708,0.00191,0.106,0.152,74.92,4,15,"underground_heavy_hybrid",0.25
29620,"5JRcDiHOMtl30Bhm8glskp","SirensCeol","Stay","Stay",34,172965,FALSE,0.799,-3.511,1,0.0418,0.0328,0.044,0.355,0.247,145.062,4,15,"underground_heavy_hybrid",0.37
29621,"2SFhJe79faMbb5fgEFJGg0","Virtual Riot;YOSIE","Still Kids - EP","Still Kids",41,229714,FALSE,0.663,-6.068,1,0.0479,0.219,0.00351,0.173,0.359,139.958,4,15,"underground_heavy_hybrid",0.25
29622,"3ZNhFhshMLjGQraO4pvpDR","Danny Olson;Vo Williams","Night Falls","Night Falls",39,225705,FALSE,0.921,-4.859,1,0.189,0.0315,3.37e-06,0.0699,0.392,170.028,4,15,"underground_heavy_hybrid",0.37
29625,"0X5L64QO8VX9nUgI7Evti9","Pixel Terror;Aviella","Upgrade","Enigma",44,212957,FALSE,0.917,-4.478,1,0.118,0.00427,0.00491,0.101,0.344,142.047,4,15,"underground_heavy_hybrid",0.37
29627,"0onLNYV4aYuSQb8wPxR0O0","Tritonal;Marlhy","Back To My Love","Back To My Love",46,401951,FALSE,0.924,-6.062,0,0.0614,0.00208,0.517,0.241,0.0802,123.032,4,15,"underground_heavy_hybrid",0.27
29633,"7fKknB0a4fKXCaYl7PHpUO","Koven","Butterfly Effect","Gold",44,260800,FALSE,0.779,-2.631,1,0.0425,0.0184,3.89e-05,0.207,0.29,150.279,4,15,"underground_heavy_hybrid",0.76
29640,"2gFWRRNYsEe4h1zOEiVWrv","Far Out","Bridges in Time","Overdrive",39,260232,FALSE,0.909,-4.638,0,0.0667,0.0015,0.904,0.191,0.343,171.907,4,15,"underground_heavy_hybrid",0.51
29642,"6pFjkMjATusw4VfpxZ6tAy","Soltan;Shaquille O'Neal","Dawn Of The Dead","Dawn Of The Dead - Radio Edit",41,222400,FALSE,0.956,-1.869,1,0.12,0.000198,0.356,0.0702,0.23,149.994,4,15,"underground_heavy_hybrid",0.76
29658,"29Ow3vHlsyZnCVIkDWu9sH","MYRNE;JPB;Yung Fusion","NCS: The Best of 2016","Feels Right",27,199187,FALSE,0.948,-2.503,0,0.307,0.053,8.68e-05,0.882,0.677,89.928,4,15,"underground_heavy_hybrid",0.42
29662,"1F1yF2KSilU2YLOMuYYf71","Blanke;Deathpact","Mitosis","Mitosis",46,223098,FALSE,0.78,-4.519,1,0.0506,0.00365,0.0447,0.111,0.227,142.022,5,15,"underground_heavy_hybrid",0.49
29666,"6tWYy1rpi6MpQyeVuVngEW","Culture Code;RØRY","More Than Words","More Than Words",37,230649,FALSE,0.556,-8.053,1,0.0339,0.0689,0,0.087,0.306,76.972,4,15,"underground_heavy_hybrid",0.37
29671,"5vmRAlW1hZRxg5A96v0aW9","ILLENIUM;Jon Bellion;SLANDER","ASCEND (Remixes)","Good Things Fall Apart (with Jon Bellion) [SLANDER Remix]",43,238566,FALSE,0.42,-10.635,1,0.0434,0.0292,0.00075,0.253,0.0557,147.389,4,15,"underground_heavy_hybrid",0.48
29698,"0pMqxVqhkyRGPeeNqgsLS8","Tritonal;Eric Lumiere","Live In The Sky (Original + Steve Brian Remix)","Live In The Sky",24,218536,FALSE,0.88,-5.157,1,0.0361,0.00189,0.00249,0.23,0.493,121.952,4,15,"underground_heavy_hybrid",0.41
29699,"0tWAGWvw3WWySN5fXfW1jO","Tritonal;Eric Lumiere;Steve Brian","Live In The Sky (Original + Steve Brian Remix)","Live In The Sky - Steve Brian Extended Remix",18,373452,FALSE,0.698,-7.122,1,0.0438,0.00147,0.577,0.0617,0.55,125.987,4,15,"underground_heavy_hybrid",0.5
29707,"5KDeKHT9wILGR7w38RiEIe","Krewella","Alive","Alive",32,290760,FALSE,0.822,-2.909,1,0.0557,0.00413,0.00318,0.234,0.567,128.002,4,15,"underground_heavy_hybrid",0.45
29732,"0OMLOChNVAGT6UlzgzLxnb","Dodge & Fuski;Nick Thayer;Barely Alive","Playboy","Playboy - Barely Alive Remix",40,192600,FALSE,0.955,-4.249,1,0.197,0.000179,0.0334,0.4,0.548,100.04,4,15,"underground_heavy_hybrid",0.59
29734,"1NPsRg5FZo8FtoSl2p4LWz","Hex Cougar;Pauline Herr","Under the Light of a Dying Moon","Burn",39,244400,FALSE,0.665,-12.629,1,0.0564,0.0292,0.0102,0.109,0.317,75.017,4,15,"underground_heavy_hybrid",0.19
29750,"5ZnOG96081GKWdYzICCzIu","NERO;Porter Robinson","The Thrill (Porter Robinson Remix)","The Thrill - Porter Robinson Remix",48,277692,FALSE,0.38,-5.394,0,0.0306,0.0372,0.000212,0.317,0.302,79.982,4,15,"underground_heavy_hybrid",0.66
29758,"4AVoS1Amn5cADSzkwQQIQN","Kozah","Haha","Haha",36,198424,FALSE,0.878,-3.786,0,0.0397,0.000911,0.00103,0.401,0.276,149.959,4,15,"underground_heavy_hybrid",0.39
29767,"7tR2DV2ex45EX7imBEs3FF","Culture Code;Karra","Coincidence","Coincidence",30,186352,FALSE,0.564,-9.29,1,0.0328,0.0143,0,0.103,0.249,84.993,4,15,"underground_heavy_hybrid",0.44
29770,"5AtfGqKRxHMOkuW4V2dpiW","Shuba Music","Children","Children",40,174000,FALSE,0.915,-4.789,0,0.0328,0.0396,0.00205,0.186,0.311,150.024,5,15,"underground_heavy_hybrid",0.68
29775,"1HJW2w61lh3XcsnfnOR9p4","12th Planet;Katie Sky","Follow","Follow",41,172800,FALSE,0.938,-2.762,0,0.0535,0.0274,0.00472,0.191,0.118,149.998,4,15,"underground_heavy_hybrid",0.54
29783,"75bbJMLDvW4wYA6hJZkGpQ","Sikdope","Snakes 2022","Snakes 2022",43,142928,FALSE,0.951,-3.541,1,0.0822,0.0117,0.716,0.81,0.225,140.043,4,15,"underground_heavy_hybrid",0.42
29792,"42vKl66sQeXUnUEflHc00k","William Black;Sara Skinner","Universe","Wasted On You",36,218482,TRUE,0.572,-5.74,0,0.0438,0.275,0.000942,0.0917,0.24,145.02,4,15,"underground_heavy_hybrid",0.3
29798,"2rERUk5OXyi7VClesHrjHO","Tisoki;Cajama","Feelings","Feelings",39,161250,FALSE,0.92,-2.799,0,0.102,0.00945,0.84,0.306,0.624,127.96,4,15,"underground_heavy_hybrid",0.77
29805,"5atcK58NTTeE5aEw1YDMkJ","Doctor P","Won't Let Go","Won't Let Go",46,190800,FALSE,0.798,-3.656,1,0.0412,0.0084,3.49e-05,0.199,0.137,149.992,4,15,"underground_heavy_hybrid",0.65
29806,"3SVZVenXJQuVNbFs8EatrC","Seven Lions;Last Heroes;HALIENE","Don't Wanna Fall","Don't Wanna Fall",44,231200,FALSE,0.58,-6.166,1,0.0334,0.247,8.07e-06,0.083,0.174,149.847,4,15,"underground_heavy_hybrid",0.64
29814,"2QeTXxduUbXpSWY3WCVK2v","NURKO;RØRY","Better Off Lonely","Better Off Lonely",41,270000,TRUE,0.695,-4.925,1,0.0373,0.626,1.13e-06,0.0838,0.201,127.933,4,15,"underground_heavy_hybrid",0.45
29815,"0vOhrlR0zF6sbQs5TxuAUZ","Papa Khan","I GOT YOU","I GOT YOU",35,167545,FALSE,0.607,-2.876,0,0.0589,0.00104,0.732,0.266,0.141,149.361,4,15,"underground_heavy_hybrid",0.46
29836,"6EewZeAvESPmnCSoGrCcZc","Sully;Tape B","Encrypted","Impulse",23,167988,FALSE,0.951,-4.43,0,0.194,0.0244,0.567,0.638,0.115,142.027,4,15,"underground_heavy_hybrid",0.71
29842,"3ETynfxvVCozp7I6qnqC17","Eliminate","Belly Of The Beast EP","BREAKSH!T",46,232000,FALSE,0.908,-1.348,0,0.111,0.151,0.0193,0.0985,0.0894,75.145,4,15,"underground_heavy_hybrid",0.65
29848,"3TC8FTIzL56Ff5LzwkNa8A","MitiS;Crystal Skies","Together EP","Youth",42,197746,FALSE,0.949,-4.84,1,0.0419,0.129,0.000458,0.0901,0.639,142.072,4,15,"underground_heavy_hybrid",0.65
29851,"4TKncDo2OglXAc3fHLJpXC","Excision;Sullivan King","Apex","Wake Up",36,339310,FALSE,0.668,-3.167,0,0.0415,0.0463,0,0.227,0.152,145.133,4,15,"underground_heavy_hybrid",0.41
29887,"0yotOi6EFaBal5Gy7YVcuI","Subtronics;Nevve","FRACTALS","Spacetime (feat. NEVVE)",54,168000,FALSE,0.802,-1.146,0,0.137,0.0877,1.43e-05,0.323,0.546,140.072,4,15,"underground_heavy_hybrid",0.41
29891,"2aQlBJD3wHOe7PaUkEVOhD","Miles Away","Set You Free","Set You Free",35,207000,FALSE,0.47,-9.003,1,0.0273,0.216,4.85e-06,0.0761,0.246,79.801,4,15,"underground_heavy_hybrid",0.41
29895,"075frt5ViwzxiNyfyzivMW","Trivecta;Matluck","The Way Back Up","Empty Oceans (feat. Matluck)",42,258461,FALSE,0.734,-5.795,1,0.0397,0.00872,1.46e-05,0.0789,0.071,130.058,4,15,"underground_heavy_hybrid",0.33
29930,"5XFNxeWhhpNc0175JKydLD","Zomboy","Never Say Die Vol. 4","Like A Bitch",42,227200,TRUE,0.977,-1.193,1,0.0917,0.000391,0.768,0.27,0.427,149.984,4,15,"underground_heavy_hybrid",0.4
29939,"0U2kKdAIqSD83fnFnUqd2Y","Manila Killa;Panama;The Knocks","Sleepless (The Knocks Remix)","Sleepless - The Knocks Remix",39,208973,FALSE,0.767,-6.981,0,0.0381,0.00111,0.748,0.123,0.306,123.032,4,15,"underground_heavy_hybrid",0.3
29951,"1Gq66jNOLmAyUVqFfsAEmH","Subtact","Falling","Falling",37,300000,FALSE,0.454,-11.058,1,0.0457,0.0101,0.268,0.0565,0.0629,121.557,4,15,"underground_heavy_hybrid",0.7
29955,"3AawFHorBGEDdM9ngI8ofa","Kayzo;Subtronics","Braincase","Braincase",50,192000,TRUE,0.8,-2.818,0,0.335,0.00654,0.424,0.194,0.366,145.03,4,15,"underground_heavy_hybrid",0.57
29956,"4WRSAREjHbW6vc5WCfOiVL","Excision;Akylla","Virus","Drowning",49,229714,FALSE,0.742,-2.261,0,0.0371,0.000762,0.865,0.336,0.163,139.774,4,15,"underground_heavy_hybrid",0.54
29957,"1ltehpXIrDY99obn04IxFz","STUCA","Split","Split",41,187163,FALSE,0.825,-5.71,1,0.655,0.0353,0.0273,0.0945,0.345,153.914,4,15,"underground_heavy_hybrid",0.7
29959,"3qiMn2ldKQ4Ef5KtcgaQAK","Highlnd;Taylor Kade;Gracie Van Brunt","Up Until The Light","Up Until The Light",33,231891,FALSE,0.853,-3.675,0,0.0972,0.077,8.65e-05,0.272,0.579,148.096,4,15,"underground_heavy_hybrid",0.67
29981,"4g3o3KScQl3MVW8THLDBVQ","Ace Aura;Voicians","UMBRA","UMBRA",43,217600,FALSE,0.953,-2.085,0,0.152,0.0126,0.00394,0.104,0.124,149.871,4,15,"underground_heavy_hybrid",0.46
29998,"5gQI9ccczclMrKfPnfxpkD","Dirt Monkey","Primatology","High Grade",22,115201,FALSE,0.975,-1.587,0,0.167,0.0396,0.498,0.331,0.304,149.929,4,15,"underground_heavy_hybrid",0.51
29999,"5ruT2dWSHtML4esT7doTzt","Borgore","Ruined Dubstep - EP, Pt. 1","Cry Me a River",21,278851,TRUE,0.416,-10.004,0,0.35,0.168,0.00148,0.0715,0.134,67.922,4,15,"underground_heavy_hybrid",0.45
30008,"0YLSjVxSb5FT1Bo8Tnxr8j","Ritviz;Nucleya","Baaraat","Baaraat",66,222096,FALSE,0.449,-9.379,0,0.0869,0.477,0,0.536,0.606,100.033,4,8,"alt_electronic_pop",0.43
30010,"0ct6r3EGTcMLPtrXHDvVjc","Avicii","The Days / Nights","The Nights",86,176658,FALSE,0.835,-5.298,1,0.0433,0.0166,0,0.249,0.654,125.983,4,8,"alt_electronic_pop",0.7
30016,"5ktc8d1y2Gd0ug5OpNm6Ia","David Guetta;Bebe Rexha","I'm Blue - Hits of 2022","I'm Good (Blue)",13,175238,TRUE,0.965,-3.673,0,0.0343,0.00383,7.07e-06,0.371,0.304,128.04,4,8,"alt_electronic_pop",0.41
30019,"7oS2EnBWSHxzR2m6CxNJYA","David Guetta;Becky Hill;Ella Henderson","All Bops","Crazy What Love Can Do",0,169756,FALSE,0.713,-3.758,0,0.0449,0.0282,0,0.158,0.464,122.872,4,8,"alt_electronic_pop",0.72
30030,"2pkszGajFAOt6vJQGwRFOi","David Guetta;Bebe Rexha","Baddest of Them All","I'm Good (Blue)",0,175238,TRUE,0.965,-3.673,0,0.0343,0.00383,7.07e-06,0.371,0.304,128.04,4,8,"alt_electronic_pop",0.62
30036,"3YAounhJSN3kSUrzu6PPJX","David Guetta;Becky Hill;Ella Henderson","Pop Brandneu","Crazy What Love Can Do",0,169756,FALSE,0.713,-3.758,0,0.0449,0.0282,0,0.158,0.464,122.872,4,8,"alt_electronic_pop",0.36
30037,"2dfFBUgCvGzjwzVAFh3cKi","David Guetta;Becky Hill;Ella Henderson","#Multiverse, If the Multiverse Is Real","Crazy What Love Can Do",1,169756,FALSE,0.713,-3.758,0,0.0449,0.0282,0,0.158,0.464,122.872,4,8,"alt_electronic_pop",0.36
30038,"0uzruYGkFgeSevF5kaWq7Y","David Guetta;Becky Hill;Ella Henderson","Daily Pop Mix","Crazy What Love Can Do",0,169756,FALSE,0.713,-3.758,0,0.0449,0.0282,0,0.158,0.464,122.872,4,8,"alt_electronic_pop",0.36
30040,"6zglcAb1AC9WGeZYzmZQEr","David Guetta;Becky Hill;Ella Henderson","Your Perfect Soundtrack","Crazy What Love Can Do",2,169756,FALSE,0.713,-3.758,0,0.0449,0.0282,0,0.158,0.464,122.872,4,8,"alt_electronic_pop",0.46
30041,"6gQJAUHKEVpnSGtfcwZ5Pe","David Guetta;Sam Martin","10's Dance Classics","Dangerous",0,203641,FALSE,0.747,-4.838,0,0.0694,0.417,1.04e-05,0.107,0.434,91.943,4,8,"alt_electronic_pop",0.67
30044,"5KFmTSVzYmvpRPUxdqB9NS","David Guetta;Becky Hill;Ella Henderson","Upbeat Pop","Crazy What Love Can Do",0,169756,FALSE,0.713,-3.758,0,0.0449,0.0282,0,0.158,0.464,122.872,4,8,"alt_electronic_pop",0.51
30049,"6KlbKM85NIUo5ZaToCAFFc","David Guetta;MistaJam;John Newman","Today's Party Hits","If You Really Love Me (How Will I Know)",0,184390,FALSE,0.883,-4.698,1,0.0582,0.0512,0,0.228,0.614,122.984,4,8,"alt_electronic_pop",0.56
30054,"3eR23VReFzcdmS7TYCrhCe","Kygo;Selena Gomez","It Ain't Me (with Selena Gomez)","It Ain't Me (with Selena Gomez)",77,220780,FALSE,0.533,-6.596,1,0.0706,0.119,0,0.0864,0.515,99.968,4,8,"alt_electronic_pop",0.85
30063,"6nXwthh92R2HlnyBWtHgHP","Zaeden","Genesis 1:1","kya karoon?",62,200275,FALSE,0.56,-8.324,0,0.035,0.645,7.42e-06,0.228,0.619,145.022,4,8,"alt_electronic_pop",0.69
30073,"5rsIUZDVbqneGM0GWs7Obd","Tiësto;Charli XCX","Upbeat 20's","Hot in It",1,129817,FALSE,0.841,-5.08,1,0.177,0.00445,1.33e-06,0.0413,0.717,123.045,4,8,"alt_electronic_pop",0.58
30074,"6PgCzuBQFnTFOCUXHtp3Nl","Tiësto;Charli XCX","All That Really Matters - Just Hits","Hot in It",0,129817,FALSE,0.841,-5.08,1,0.177,0.00445,1.33e-06,0.0413,0.717,123.045,4,8,"alt_electronic_pop",0.53
30082,"5odOSnLe89YWZ198e9SJ8O","Tiësto;Charli XCX","Your Perfect Soundtrack","Hot in It",0,129817,FALSE,0.841,-5.08,1,0.177,0.00445,1.33e-06,0.0413,0.717,123.045,4,8,"alt_electronic_pop",0.7
30093,"43ZXaExiD5ExmSpmPK5aQZ","Tiësto;KAROL G","Feeling Good","Don't Be Shy",1,140500,TRUE,0.787,-3.748,0,0.0583,0.198,0,0.262,0.513,119.986,4,8,"alt_electronic_pop",0.2
30104,"6kls8cSlUyHW2BUOkDJIZE","Ellie Goulding;Juice WRLD","Hate Me (with Juice WRLD)","Hate Me (with Juice WRLD)",74,186223,FALSE,0.768,-4.628,1,0.0507,0.108,0,0.144,0.759,75.025,4,8,"alt_electronic_pop",0.77
30108,"4R8VBRb5nKbEfi1EIA2B7p","Zaeden;Hanita Bhambri","Genesis 1:1","KTMBK",60,154434,FALSE,0.435,-8.834,1,0.0489,0.555,0,0.139,0.836,115.034,4,8,"alt_electronic_pop",0.75
30109,"09AvsbivV1FQBRAEBJh7UL","The Chainsmokers","So Far So Good","High",75,175163,TRUE,0.787,-6.178,1,0.031,0.0492,0,0.142,0.525,134.981,4,8,"alt_electronic_pop",0.85
30121,"6cEwA8cYxwG7jn6Dm3oEGr","Avicii","Autopilot","The Nights",0,178057,FALSE,0.823,-5.294,1,0.0407,0.0202,0,0.217,0.686,125.992,4,8,"alt_electronic_pop",0.68
30122,"4OgwXdylh75fHfwUzJTUqg","Ilkay Sencan;Dynoro","Rockstar","Rockstar",70,212280,FALSE,0.826,-3.978,1,0.0604,0.142,0.03,0.145,0.185,100.012,4,8,"alt_electronic_pop",0.75
30148,"0fsnKLCITu2idEAz14vlWZ","Kygo;Avicii;Sandro Cavazza","pov: it's 2020","Forever Yours - Avicii Tribute",0,193846,FALSE,0.612,-8.794,1,0.0518,0.253,0,0.246,0.433,119.255,4,8,"alt_electronic_pop",0.29
30150,"2rizacJSyD9S1IQUxUxnsK","The Chainsmokers;Phoebe Ryan","All We Know","All We Know",70,194080,FALSE,0.586,-8.821,1,0.0307,0.097,0.00272,0.115,0.296,90,4,8,"alt_electronic_pop",0.82
30162,"1QQ1Dx8dcLgWvUaY5fk84y","Zeus X Crona;Julius Dreisig","Invisible","Invisible",67,201015,FALSE,0.836,-3.259,1,0.354,0.141,0.0383,0.0891,0.224,82.53,4,8,"alt_electronic_pop",0.57
30195,"0yciGxyHYjntJNmAj0ObzK","Ellie Goulding","Almorzando solo","Lights - Single Version",0,212706,FALSE,0.802,-5.836,0,0.0347,0.0271,0.0496,0.127,0.791,120.053,4,8,"alt_electronic_pop",0.49
30199,"0RhLvAINBnJo65rZMIVdOR","Ellie Goulding","Fiesta de disfraces vol. II","Something In The Way You Move",0,226573,FALSE,0.804,-6.133,0,0.0485,0.0402,0,0.129,0.359,109,4,8,"alt_electronic_pop",0.63
30205,"1dNIEtp7AY3oDAKCGg2XkH","The Chainsmokers;Coldplay","Something Just Like This","Something Just Like This",75,247626,FALSE,0.649,-6.695,0,0.0362,0.0306,2.46e-05,0.174,0.505,102.996,4,8,"alt_electronic_pop",0.46
30209,"2fVHrSxsQbJUuj9MW9zG1e","The Chainsmokers;5 Seconds of Summer","World War Joy","Who Do You Love",72,226733,TRUE,0.846,-4.595,1,0.0461,0.0101,0,0.208,0.475,139.927,4,8,"alt_electronic_pop",0.71
30223,"2ChOMSamIbDfZ4lA9yAiRA","BEAUZ;Dallas","Outerspace","Outerspace",63,174084,FALSE,0.861,-3.089,0,0.0617,0.00987,7.17e-05,0.128,0.478,142.16,4,8,"alt_electronic_pop",0.62
30235,"5jyPgh9K0YlyhlVGQzFsbO","Robin Schulz;David Guetta","House Anthems","On Repeat",5,190217,FALSE,0.801,-8.483,0,0.0694,0.0246,0.00255,0.37,0.202,122.958,4,8,"alt_electronic_pop",0.46
30248,"7aIEY85BK4Y9LQwT0MXz2V","Robin Schulz;David Guetta","EDM Hits","On Repeat",0,190217,FALSE,0.801,-8.483,0,0.0694,0.0246,0.00255,0.37,0.202,122.958,4,8,"alt_electronic_pop",0.61
30250,"7CHi4DtfK4heMlQaudCuHK","MEDUZA;Becky Hill;Goodboys","Lose Control","Lose Control",78,168387,FALSE,0.526,-8.659,0,0.0415,0.129,0,0.14,0.529,123.935,4,8,"alt_electronic_pop",0.8
30254,"21H0pUV2uPIPcFnFhgTBjo","Kygo;Gryffin;Calum Scott","Woke Up in Love","Woke Up in Love",80,216873,FALSE,0.585,-5.994,1,0.0369,0.225,0,0.0927,0.188,106.015,4,8,"alt_electronic_pop",0.87
30257,"67ZZqOrQH4Bshguxw9GPkh","Nucleya;Benny Dayal;Badshah","The Badshah of Party Hits","Let's Nacho",55,215075,FALSE,0.947,-3.749,1,0.0321,0.0906,0.0221,0.0721,0.88,130.043,4,8,"alt_electronic_pop",0.52
30263,"0KASSQoorOGoCWCgPagJhf","Swedish House Mafia;Sting","Fiesta portatil","Redlight",3,242904,FALSE,0.655,-5.999,1,0.0444,0.00857,0.162,0.0572,0.207,125.012,4,8,"alt_electronic_pop",0.56
30266,"5jCuwPfj8tpOtmWXIfpz48","Becky Hill","Best Road Trip Pop Tunes","I Got You",0,190266,TRUE,0.728,-4.418,1,0.182,0.0746,4.2e-06,0.349,0.62,195.984,4,8,"alt_electronic_pop",0.78
30268,"2PkBAXnfavpSySBRWaoxjf","Becky Hill;David Guetta","Arbeitsmusik Herbst/Winter 2022/2023","Remember",0,161386,FALSE,0.864,-3.12,1,0.0378,0.0682,0,0.087,0.555,123.833,4,8,"alt_electronic_pop",0.49
30273,"1z5ySy1txdIkLaPq2YKaHM","Becky Hill;Joel Corry","All That Really Matters - Just Hits","HISTORY",2,176609,TRUE,0.86,-3.318,1,0.0369,0.155,3.21e-06,0.359,0.771,122.975,4,8,"alt_electronic_pop",0.5
30279,"2w6M3ukTNm1U8JVHjLSJVI","Becky Hill;Joel Corry","Pop Hits Now","HISTORY",0,176609,TRUE,0.86,-3.318,1,0.0369,0.155,3.21e-06,0.359,0.771,122.975,4,8,"alt_electronic_pop",0.39
30283,"1b876Botb2h1Mf5L37anDJ","Becky Hill;Joel Corry","Daily Pop Mix","HISTORY",0,176609,TRUE,0.86,-3.318,1,0.0369,0.155,3.21e-06,0.359,0.771,122.975,4,8,"alt_electronic_pop",0.36
30284,"4e4DujMLh9227SuYdFsHK2","Swedish House Mafia;John Martin","Обратно в клас - pop","Don't You Worry Child - Radio Edit",0,211360,FALSE,0.83,-3.229,0,0.0552,0.117,0,0.18,0.478,128.986,4,8,"alt_electronic_pop",0.41
30289,"5HYSet3VZ5JPcUouFsNrOb","Becky Hill;Topic","Arbeitsmusik Herbst/Winter 2022/2023","My Heart Goes (La Di Da)",0,148960,FALSE,0.781,-5.578,0,0.0452,0.0185,3.12e-05,0.295,0.456,124.04,4,8,"alt_electronic_pop",0.47
30296,"7EsVGqMKR6ZpGTIoeITKPj","Becky Hill;Just Kiddin","EDM Hits","Losing - Just Kiddin Remix",0,369611,FALSE,0.617,-8.334,0,0.0377,0.000152,0.129,0.0651,0.624,120.017,4,8,"alt_electronic_pop",0.47
30306,"5x4vgABKiGp4Vg7ZyFRxhn","DJ Snake;Rick Ross;Rich Brian","Shang-Chi and The Legend of The Ten Rings: The Album","Run It (feat. Rick Ross & Rich Brian)",69,163373,FALSE,0.725,-7.806,1,0.044,0.0195,7.63e-06,0.0726,0.225,104.006,4,8,"alt_electronic_pop",0.62
30307,"4edHoZerfvMGeLz3ohZit6","The Chainsmokers","So Far So Good","iPad",69,202406,FALSE,0.628,-6.297,1,0.026,0.00502,2.02e-05,0.0947,0.551,121.979,4,8,"alt_electronic_pop",0.53
30320,"0TNarhIeerCvP5d7W29wXU","Topic;A7S;Lil Baby","pov: it's 2020","Why Do You Lie To Me",0,171290,TRUE,0.738,-6.46,0,0.158,0.0539,0,0.206,0.336,119.827,4,8,"alt_electronic_pop",0.84
30322,"152vVEXwvqA107UFPqb3gG","MEDUZA;Becky Hill;Goodboys","10's Music Grandi Successi","Lose Control",0,168387,FALSE,0.527,-8.658,0,0.0412,0.127,0,0.14,0.535,123.946,4,8,"alt_electronic_pop",0.6
30338,"1v0dx7eDwANUppPBLweInQ","Topic;Robin Schulz;Nico Santos;Paul van Dyk","Night Drive Autumn/Winter 2022/23","In Your Arms (For An Angel)",0,150476,FALSE,0.828,-4.653,0,0.0336,0.0399,0,0.0796,0.407,126.002,4,8,"alt_electronic_pop",0.73
30342,"26RJAPCk13MqhpFDD1L4KP","Topic;A7S","EDM Gaming Music Autumn/Winter 2022","Kernkraft 400 (A Better Day)",1,165800,FALSE,0.727,-5.57,0,0.0562,0.184,2.02e-05,0.309,0.4,125.975,4,8,"alt_electronic_pop",0.49
30350,"0g5EKLgdKvNlln7TNqBByK","DJ Snake;Bipolar Sunshine","Encore","Middle",76,220573,FALSE,0.695,-5.336,1,0.0423,0.0141,0,0.0527,0.224,104.879,4,8,"alt_electronic_pop",0.61
30357,"6osaMSJh9NguagEDQcZaKx","DJ Snake;J Balvin;Tyga","Carte Blanche","Loco Contigo (feat. J. Balvin & Tyga)",74,185194,FALSE,0.758,-2.986,1,0.218,0.278,1.34e-06,0.102,0.371,192.091,4,8,"alt_electronic_pop",0.58
30366,"0DzPnTBSmVRKBQAmH3EomR","SABAI;Hoang;Claire Ridgely","Million Days","Million Days",63,208551,FALSE,0.648,-5.456,1,0.0482,0.27,0,0.14,0.0816,144.942,4,8,"alt_electronic_pop",0.2
30370,"46MUbxLye12SKBN7xHg3CF","Unknown Brain;Jex;Rival","Control","Control",64,166800,FALSE,0.771,-4.097,0,0.0644,0.00339,2.12e-05,0.173,0.301,99.743,4,8,"alt_electronic_pop",0.89
30380,"623TdbJc1yLr8dIepsFV2v","Zedd;Maren Morris;Grey","Queda poco para la PAES","The Middle",0,184732,FALSE,0.657,-3.061,1,0.045,0.173,0,0.112,0.435,107.013,4,8,"alt_electronic_pop",0.41
30396,"2chqxbeA3IiRlhe9firf8a","Jonas Blue;JP Cooper","Autumn Vibes 2022","Perfect Strangers",0,196613,FALSE,0.863,-4.079,1,0.0458,0.393,0,0.271,0.728,118.029,4,8,"alt_electronic_pop",0.92
30415,"4FlCXmHd0JP7ue2tK7fVC7","Clean Bandit;French The Kid;Rema","Upbeat Pop","Sad Girls",0,163472,TRUE,0.847,-7.808,1,0.0956,0.254,2.14e-05,0.339,0.529,115.016,4,8,"alt_electronic_pop",0.21
30418,"1Z4Abuc0cgkfoB7591S8gv","Clean Bandit","The State of Pop","Nightingale",0,164882,FALSE,0.507,-9.125,0,0.175,0.104,0,0.0949,0.263,150.198,4,8,"alt_electronic_pop",0.71
30426,"4yWl3aETWDnEqM7ZUN4I3U","Clean Bandit;A7S","Hits Hits Hits","Everything but You",0,198014,FALSE,0.764,-5.301,1,0.0391,0.031,9.05e-06,0.0951,0.471,124.977,4,8,"alt_electronic_pop",0.81
30472,"1UMcb0kTXyqzan7t8Z8euH","Gryffin;OneRepublic","EDM Gaming Music Autumn/Winter 2022","You Were Loved",0,221885,FALSE,0.69,-5.011,1,0.0484,0.0947,0,0.169,0.444,123.994,4,8,"alt_electronic_pop",0.8
30476,"0wfP2B33qCSh1ovHsmOhNP","ILLENIUM;Sueco;Trippie Redd","#Multiverse, If the Multiverse Is Real","Story of My Life",0,191124,FALSE,0.892,-4.029,1,0.0433,0.0539,0,0.117,0.369,96.991,4,8,"alt_electronic_pop",0.52
30477,"02LmGMJG5yi2K1RsBOj5cR","ILLENIUM;Sueco;Trippie Redd","Gaming Songs 2022: Hard Mode","Story of My Life",0,191124,FALSE,0.892,-4.029,1,0.0433,0.0539,0,0.117,0.369,96.991,4,8,"alt_electronic_pop",0.51
30479,"6s8k0dbZ7TfnLA8J6fJ6FL","Jax Jones;RAYE","Del gusto de hermanos","You Don't Know Me - Radio Edit",0,213946,TRUE,0.658,-6.055,0,0.132,0.163,0,0.108,0.693,123.995,4,8,"alt_electronic_pop",0.8
30480,"2qZBjaOuBM8M883Bj5mk4R","ILLENIUM;Sueco;Trippie Redd","Top of the Rock","Story of My Life (Heavy Edit) - Remix",0,240608,FALSE,0.884,-4.088,0,0.0428,0.0121,1.71e-06,0.113,0.397,97.024,4,8,"alt_electronic_pop",0.53
30510,"3XoflnowYPFRPOh3uFvHcm","DJ Snake;Selena Gomez","Selfish Love (with Selena Gomez)","Selfish Love (with Selena Gomez)",63,168648,FALSE,0.646,-7.973,0,0.102,0.0206,0.352,0.0994,0.443,110.971,4,8,"alt_electronic_pop",0.63
30525,"66XDf77gBcfQKi4I2vIbTj","Steve Aoki;BTS","Neon Future III","Waste It On Me",63,192536,FALSE,0.684,-4.595,1,0.0585,0.252,0,0.72,0.466,96.097,4,8,"alt_electronic_pop",0.62
30527,"5UqCQaDshqbIk3pkhy4Pjg","Avicii","Levels","Levels - Radio Edit",79,199906,FALSE,0.889,-5.941,0,0.0343,0.0462,0.828,0.309,0.464,126.04,4,8,"alt_electronic_pop",0.54
30528,"67awxiNHNyjMXhVgsHuIrs","DJ Snake;Lil Jon","Turn Down for What","Turn Down for What",71,213733,FALSE,0.799,-4.1,0,0.156,0.00107,0.128,0.057,0.0815,100.014,4,8,"alt_electronic_pop",0.34
30539,"0RTqRMNHselkQSCxbnsGYz","Armağan Oruç","Gun Double","Gun Double",52,168638,FALSE,0.533,-11.022,1,0.0885,0.0331,0.463,0.0935,0.493,95.017,4,8,"alt_electronic_pop",0.38
30545,"2aXC0fD6qziwlOZZqhCqTd","Hot Shade;Mike Perry;Chris James","Dive","Dive",74,164490,FALSE,0.787,-4.999,1,0.0502,0.00515,0,0.144,0.409,123.979,4,8,"alt_electronic_pop",0.45
30546,"4tXYUkChA1E8u7Qlbg2BAf","Afrojack;Spree Wilson","Beats Electro Mood","The Spark",1,243733,FALSE,0.929,-4.194,1,0.0456,0.116,0,0.106,0.532,126.003,4,8,"alt_electronic_pop",0.69
30552,"46lFttIf5hnUZMGvjK0Wxo","Galantis","Pharmacy","Runaway (U & I)",75,227073,FALSE,0.805,-4.119,1,0.0469,0.00711,0.00193,0.0856,0.383,126.008,4,8,"alt_electronic_pop",0.77
30555,"2CPqh63wRVscbceKcPxwvv","Mike Perry;shy martin","The Ocean (feat. Shy Martin)","The Ocean (feat. Shy Martin)",72,183414,FALSE,0.575,-6.478,1,0.029,0.0225,1.81e-06,0.104,0.188,90.037,4,8,"alt_electronic_pop",0.84
30556,"2yEHX6MqAXPyD7bm47A2Br","Tiësto;Black Eyed Peas","Pump It Louder","Pump It Louder",76,158571,FALSE,0.942,-2.273,1,0.185,0.00789,1.76e-05,0.834,0.543,126.017,4,8,"alt_electronic_pop",0.41
30557,"7Gn4vU9RUHYV5aA1gMJSPV","Ritviz","Dev","Pran",48,221538,FALSE,0.484,-8.715,1,0.0572,0.116,0.000121,0.19,0.61,90.916,4,8,"alt_electronic_pop",0.71
30570,"4BuKcv3m61D3feQaJVW4oF","Ritviz","Mimmi","Pukaar",47,136751,FALSE,0.476,-8.268,1,0.0325,0.0337,0,0.629,0.593,106.891,4,8,"alt_electronic_pop",0.75
30573,"4hPpVbbakQNv8YTHYaOJP4","Marshmello;Kane Brown","One Thing Right","One Thing Right",74,181823,FALSE,0.625,-2.253,1,0.045,0.0644,0,0.582,0.442,88.042,4,8,"alt_electronic_pop",0.73
30577,"5nihLVpUd4birzwDlSp1Ph","BEAUZ;JVNA","Crazy","Crazy",57,188235,FALSE,0.796,-4.03,1,0.0332,0.165,0,0.0752,0.422,102.038,4,8,"alt_electronic_pop",0.54
30598,"4RAR8g8fZNB106ezUurnE0","Kygo;DNCE","Dancing Feet (feat. DNCE)","Dancing Feet (feat. DNCE)",79,215203,FALSE,0.797,-4.826,1,0.118,0.293,0,0.392,0.523,105.949,4,8,"alt_electronic_pop",0.68
30599,"72zTACg6HKBlbhN0Elf9N0","Mabel","pov: it's 2019","Mad Love",0,169813,FALSE,0.796,-2.999,0,0.172,0.667,0,0.106,0.62,197.704,4,8,"alt_electronic_pop",0.59
30602,"0fTiDOXRNEN0lUeYGoSHml","The Chainsmokers;Drew Love","Sick Boy","Somebody",62,221986,FALSE,0.63,-7.019,0,0.0493,0.192,0,0.102,0.323,203.443,4,8,"alt_electronic_pop",0.54
30611,"6zlw2AqqtIjmRFksb3cmN3","Cadmium;Jon Becker","Melody","Melody",53,220235,FALSE,0.466,-10.524,1,0.0889,0.245,2.75e-06,0.0905,0.534,84.226,4,8,"alt_electronic_pop",0.8
30614,"0wI0S42Cg41DVGqIIVimTM","Revelries;Victoria Voss","Blinding Lights","Blinding Lights",64,176406,FALSE,0.711,-6.661,0,0.0797,0.178,0,0.373,0.5,99.99,4,8,"alt_electronic_pop",0.88
30620,"7wYbJEHoHnKdoQw7GcbjYe","Years & Years;Gryffin","Larga Vida al Electro","Desire - Gryffin Remix",0,268840,FALSE,0.875,-5.069,0,0.0514,0.0622,0,0.157,0.415,122.058,4,8,"alt_electronic_pop",0.73
30645,"5024So4R2W5xFud82QDAKe","Mabel","Queda poco para la PAES","Don't Call Me Up",0,178480,FALSE,0.88,-2.853,1,0.137,0.296,2.97e-06,0.0793,0.228,98.855,4,8,"alt_electronic_pop",0.88
30647,"3Ta5ZwFTSBbClZ2ezFjyTy","Mabel","Beginner Ride (Mixtape Vol. 1)","Don't Call Me Up",0,178480,FALSE,0.88,-2.853,1,0.137,0.296,2.97e-06,0.0793,0.228,98.855,4,8,"alt_electronic_pop",0.68
30664,"3RgQFleuuQKcCmig9ItyxQ","R3HAB;HRVY","Be Okay (with HRVY)","Be Okay (with HRVY)",51,141600,FALSE,0.558,-6.535,1,0.0786,0.0179,0,0.128,0.618,100.066,4,8,"alt_electronic_pop",0.56
30667,"4ZTTUAjJCd4NMZmIU7RB4c","Alesso;Liam Payne","Midnight (feat. Liam Payne)","Midnight (feat. Liam Payne)",65,220140,FALSE,0.648,-6.927,0,0.0439,0.0561,0,0.115,0.281,144.028,4,8,"alt_electronic_pop",0.75
30669,"5w3XfCH3rL6oLv4Ahfp323","Zaeden;AAKASH","Paas Aa","Paas Aa",45,122052,FALSE,0.632,-4.799,0,0.0322,0.295,5.04e-06,0.172,0.534,94.942,4,8,"alt_electronic_pop",0.7
30676,"14sOS5L36385FJ3OL8hew4","Kygo;Sandro Cavazza","Happy Now","Happy Now",69,211362,FALSE,0.575,-6.998,1,0.0801,0.374,0,0.252,0.492,117.999,4,8,"alt_electronic_pop",0.62
30701,"6jgkEbmQ2F2onEqsEhiliL","Mac DeMarco","2","My Kind of Woman",81,190845,FALSE,0.765,-7.063,0,0.0281,0.00294,0.49,0.184,0.46,91.771,4,8,"alt_electronic_pop",0.67
30702,"10oKSzRcwbZsog2uq2gb4b","Kx5;deadmau5;Kaskade;Hayla","Escape (feat. Hayla)","Escape (feat. Hayla)",73,240445,FALSE,0.799,-6.934,0,0.0719,0.179,0.000364,0.701,0.148,126.08,4,8,"alt_electronic_pop",0.65
30707,"4tERsdVCLtLtrGdFBf9DGC","Daya","New","New",65,230879,TRUE,0.742,-4.331,1,0.0347,0.052,2.47e-05,0.364,0.322,106.971,4,8,"alt_electronic_pop",0.46
30713,"7arsXR8AtExnOFN3v3HiJI","Alesso;CORSAK","Going Dumb","Going Dumb",65,168601,FALSE,0.678,-6.242,0,0.0515,0.0546,0.263,0.103,0.551,121.995,4,8,"alt_electronic_pop",0.81
30714,"47VUUYV4pWnUDaeMAOn4t1","Ritviz","Ved","Jeet 2.0",45,186666,FALSE,0.44,-7.08,1,0.0508,0.415,0,0.439,0.834,99.056,4,8,"alt_electronic_pop",0.71
30740,"2dZGjt9vTScmQVAWTzvoJl","Matoma;Brando","Today's Party Hits","The Bender",0,184320,FALSE,0.882,-7.46,1,0.0385,0.0606,0.0131,0.105,0.208,125.007,4,8,"alt_electronic_pop",0.35
30754,"1djh7DdNiRHdGFj5ils3BN","Rompasso","Angetenar","Angetenar",54,366031,FALSE,0.583,-8.751,1,0.132,0.00422,0.536,0.387,0.0535,102.904,4,8,"alt_electronic_pop",0.71
30757,"6uiTWAJmiA7UO0bb80982m","Nucleya","Bass Rani","Bass Rani",43,146666,FALSE,0.576,-12.326,1,0.0755,0.00705,0.000442,0.0735,0.248,108.078,4,8,"alt_electronic_pop",0.57
30762,"5tf1VVWniHgryyumXyJM7w","Robin Schulz;Francesco Yates","Sugar","Sugar (feat. Francesco Yates)",76,219043,FALSE,0.815,-5.098,0,0.0581,0.0185,0,0.163,0.636,123.063,4,8,"alt_electronic_pop",0.52
30801,"0iajFCLXYYqX2XS6q4ptsF","ILLENIUM;Teddy Swims","Worst Day","All That Really Matters",0,244235,FALSE,0.666,-4.909,1,0.0512,0.117,1.81e-06,0.0934,0.227,169.965,4,8,"alt_electronic_pop",0.81
30805,"6Q3K9gVUZRMZqZKrXovbM2","Kygo;Sasha Alex Sloan","I'll Wait","I'll Wait",65,215360,FALSE,0.651,-6.973,1,0.0589,0.144,1.7e-05,0.105,0.351,122.983,4,8,"alt_electronic_pop",0.52
30815,"4QTuyRQshEZYurtIDfE6g0","Jonas Blue;RAYE","Blue","By Your Side",64,201254,FALSE,0.743,-3.85,1,0.0329,0.0786,0,0.0587,0.634,123.007,4,8,"alt_electronic_pop",0.6
30825,"5YdnOm5990Kfq1Jodws98B","Felix Jaehn;Ray Dalton","Call It Love","Call It Love",77,154560,FALSE,0.841,-4.779,0,0.076,0.0559,0.00217,0.417,0.714,110.029,4,8,"alt_electronic_pop",0.82
30828,"6KOI9Op0fdvmPBG4RMemZc","Nucleya;Benny Dayal;Amaal Mallik;Tanishk Bagchi;Badshah;Arko;Armaan Malik;Arijit Singh;Asees Kaur;Fazilpuria;Sukriti Kakar;Neha Kakkar","Kapoor & Sons Mashup (By DJ Chetas) (From ""Kapoor & Sons (Since 1921)"")","Kapoor & Sons Mashup (By DJ Chetas) (From ""Kapoor & Sons (Since 1921)"")",43,221000,FALSE,0.951,-4.062,0,0.107,0.0308,0.00011,0.427,0.521,130.094,4,8,"alt_electronic_pop",0.51
30835,"5Zhm8qMnDwXR3soSSurN8T","Mike Perry;Tessa","Stay Young","Stay Young",62,157004,FALSE,0.711,-4.826,1,0.0404,0.0748,0,0.226,0.556,89.988,4,8,"alt_electronic_pop",0.55
30848,"0J1B4kGs4YxyWvBtqra5dP","Alle Farben;PollyAnna","Brandneu Dance","Let It Rain Down",2,158704,FALSE,0.853,-4.184,1,0.0629,0.0306,0,0.102,0.344,124.921,4,8,"alt_electronic_pop",0.41
30865,"1nGbV5JylrjkgigRUWswqX","twocolors","pov: it's 2021","Passion",0,165365,FALSE,0.756,-7.659,0,0.0423,0.0449,0.000174,0.298,0.413,123.033,4,8,"alt_electronic_pop",0.73
30878,"1KepQ8aCgeS1sXFpXzbmJ8","Clean Bandit;French The Kid;Rema;MOTi","Sad Girls (feat. Rema) [MOTi Remix]","Sad Girls (feat. Rema) - MOTi Remix",55,198800,TRUE,0.218,-24.843,1,0.156,0.365,0.00249,0.082,0.524,125.001,4,8,"alt_electronic_pop",0.59
30881,"6f4Bso8yLJqyMGJsaUeyr9","twocolors;Kairos Grove","Arbeitsmusik Herbst/Winter 2022/2023","BACK TO LIFE - TC/TC",0,180000,FALSE,0.838,-5.945,0,0.0417,0.00587,0.228,0.379,0.322,126.113,4,8,"alt_electronic_pop",0.52
30882,"1kwHrBWAlucOE57lWugotk","Felix Jaehn;Zoe Wees","Do It Better (feat. Zoe Wees)","Do It Better (feat. Zoe Wees)",76,170045,FALSE,0.804,-5.337,0,0.0677,0.0818,1.92e-05,0.158,0.41,122.111,4,8,"alt_electronic_pop",0.68
30897,"1oxyLBX9KmrtKajyVQkfAs","Duke Dumont;Zak Abel","Larga Vida al Electro","The Power",1,197449,FALSE,0.829,-6.795,0,0.0537,0.00458,0.0601,0.227,0.191,121.945,4,8,"alt_electronic_pop",0.45
30904,"6UbfuPifNmblRiaE8vQ08U","Yellow Claw;Yade Lauren","Los Amsterdam (Remixes, Pt. 1)","Love & War - Yellow Claw G-Funk Remix",63,115546,FALSE,0.74,-5.08,1,0.0323,0.00156,0.000464,0.338,0.827,92.978,4,8,"alt_electronic_pop",0.71
30907,"5z8uLrYMcUVvzTV28twt44","Ellie Goulding;Lauv","Slow Grenade","Slow Grenade",62,217493,FALSE,0.562,-6.302,1,0.0771,0.0996,0,0.0996,0.581,142.035,4,8,"alt_electronic_pop",0.6
30922,"6LHXb1sGs72iTmpSr0603b","Martin Garrix;Breathe Carolina","Something","Something",63,163124,FALSE,0.939,-5.99,1,0.039,0.00245,0.915,0.121,0.152,127.992,4,8,"alt_electronic_pop",0.73
30931,"1sh6lL6cmlcwhqZKGiKBua","Avicii;Nicky Romero","I Could Be The One [Avicii vs Nicky Romero]","I Could Be The One (Avicii Vs. Nicky Romero) - Radio Edit",69,208316,FALSE,0.79,-3.782,0,0.0374,0.332,6.67e-05,0.316,0.638,127.946,4,8,"alt_electronic_pop",0.55
30936,"3qd1eI1GA0FwC3VHcxHhDC","Imanbek;KDDK;KIDDO;Wiz Khalifa","Ordinary Life (KDDK Phonk Remix)","Ordinary Life - KDDK Phonk Remix",62,165333,TRUE,0.915,-1.342,1,0.0411,0.021,6.42e-06,0.151,0.272,89.962,4,8,"alt_electronic_pop",0.44
30966,"1z1XegUChLLQfcbtIK8ABn","Gryffin;Maia Wright","Body Back (feat. Maia Wright)","Body Back (feat. Maia Wright)",64,214634,FALSE,0.83,-4.437,1,0.0369,0.0948,1.33e-06,0.182,0.486,123.032,4,8,"alt_electronic_pop",0.47
30970,"31bNrGIFzje8Xj6g8NgpJF","Fareoh","Under Water","Under Water",53,165668,FALSE,0.93,-1.725,0,0.0436,0.000956,0.241,0.271,0.185,145.045,4,8,"alt_electronic_pop",0.52
30983,"1oD31XHWUmzpciJIA2p9Bi","Tiësto;Ava Max;Robin Schulz","The Motto (Robin Schulz Remix)","The Motto - Robin Schulz Remix",59,157426,FALSE,0.889,-6.109,0,0.0415,0.00323,0.651,0.447,0.157,126.007,4,8,"alt_electronic_pop",0.57
30988,"6KOlBh6a2XbewRVt0v6826","Eric Prydz;Empire of the Sun","Larga Vida al Electro","We Are Mirage",1,379500,FALSE,0.793,-6.723,0,0.036,0.000513,0.75,0.494,0.0869,127.944,4,8,"alt_electronic_pop",0.74
30990,"2NsQVeehDvIpi3B4p20YSV","KEAN DYSSO","Plain Jane","Plain Jane",54,185692,TRUE,0.607,-7.32,1,0.215,0.0363,0.000253,0.244,0.334,95.03,4,8,"alt_electronic_pop",0.75
30998,"1lB7mCMo1NlsPnVBukFK3r","The Magician;Years & Years;Mark Ralph;Stephen Fasano","Running Songs","Sunlight - Radio Edit",0,193706,FALSE,0.786,-6.521,1,0.0388,0.0124,0,0.313,0.349,121.965,4,8,"alt_electronic_pop",0.59
31008,"3SErMoIKdRELto2OspGs5L","blackbear","dead","idfc",81,207026,TRUE,0.422,-9.115,0,0.0621,0.0764,0,0.17,0.455,144.678,4,8,"alt_electronic_pop",0.52
31015,"4n7jnSxVLd8QioibtTDBDq","Alan Walker;Sabrina Carpenter;Farruko","On My Way","On My Way",74,193797,TRUE,0.689,-4.929,0,0.102,0.0209,0,0.301,0.297,170.087,4,8,"alt_electronic_pop",0.85
31021,"1i1fxkWeaMmKEB4T7zqbzK","The Chainsmokers;Daya","Don't Let Me Down","Don't Let Me Down",80,208373,FALSE,0.869,-5.094,1,0.172,0.157,0.00508,0.136,0.422,159.803,4,8,"alt_electronic_pop",0.66
31027,"698ItKASDavgwZ3WjaWjtz","Alan Walker","Different World","Faded",80,212106,FALSE,0.627,-5.085,1,0.0476,0.0281,7.97e-06,0.11,0.159,179.642,4,8,"alt_electronic_pop",0.48
31035,"2jLb85FBel6Z1weO31KOHb","Billie Eilish","Halloween & Chill","bury a friend",0,193143,FALSE,0.388,-14.505,1,0.349,0.739,0.143,0.106,0.205,120.035,4,8,"alt_electronic_pop",0.45
31044,"2yNKDG4FgwzQuL0JUEOunR","Billie Eilish","Herbststimmung","bad guy",1,194087,FALSE,0.425,-10.965,1,0.375,0.328,0.13,0.1,0.562,135.128,4,8,"alt_electronic_pop",0.76
31053,"4qu63nuBpdn0qHUHuObEj1","Marshmello;Jonas Brothers","Leave Before You Love Me","Leave Before You Love Me (with Jonas Brothers)",85,154983,FALSE,0.738,-4.77,1,0.0403,0.00226,4.41e-06,0.118,0.637,119.976,4,8,"alt_electronic_pop",0.78
31059,"4vjpLMyL3ZO6aphdYr8XYw","Lauv;Troye Sivan","~how i'm feeling~","i'm so tired...",76,162586,FALSE,0.736,-7.572,1,0.224,0.178,0,0.238,0.484,101.928,4,8,"alt_electronic_pop",0.81
31067,"5ajjAnNRh8bxFvaVHzpPjh","Madison Beer","Reckless","Reckless",80,203384,FALSE,0.426,-6.642,1,0.0363,0.807,0,0.14,0.261,180.104,3,8,"alt_electronic_pop",0.58
31068,"2oejEp50ZzPuQTQ6v54Evp","The Chainsmokers;Bebe Rexha","World War Joy","Call You Mine",75,217640,FALSE,0.696,-5.6,0,0.0307,0.204,0,0.344,0.522,104.01,4,8,"alt_electronic_pop",0.71
31076,"42ydLwx4i5V49RXHOozJZq","Alessia Cara","Know-It-All (Deluxe)","Scars To Your Beautiful",74,230226,FALSE,0.739,-5.74,1,0.272,0.0285,0,0.111,0.449,194.169,4,8,"alt_electronic_pop",0.55
31084,"7b1JFWEOfZtN9HGCzvBOir","Marshmello;Anne-Marie","Autumn Hits","FRIENDS",3,202620,TRUE,0.88,-2.384,0,0.0504,0.205,0,0.128,0.534,95.079,4,8,"alt_electronic_pop",0.71
31090,"1XGsEVaoYosgzQNUQrXyUb","Marshmello;Bastille","10's Music Grandi Successi","Happier",1,214289,FALSE,0.792,-2.749,1,0.0452,0.191,0,0.167,0.671,100.011,4,8,"alt_electronic_pop",0.55
31097,"3dJjsWCy6ZwMfw5NbD226G","Wisin & Yandel;Anthony Santos","Reggeaton Imperdible","Noche De Sexo",1,205773,TRUE,0.714,-5.436,0,0.234,0.107,0,0.562,0.506,94.002,4,8,"alt_electronic_pop",0.41
31107,"6xsGllAEwkmF4SSDwdpmMt","Major Lazer;Justin Bieber;MØ","Major Lazer Essentials","Cold Water",58,185351,FALSE,0.798,-5.092,0,0.0432,0.0736,0,0.156,0.5,92.946,4,8,"alt_electronic_pop",0.43
31111,"7gHs73wELdeycvS48JfIos","Alan Walker","Faded","Faded",72,212626,FALSE,0.651,-5.097,1,0.0306,0.0291,3.2e-06,0.111,0.166,90.011,4,8,"alt_electronic_pop",0.39
31128,"7AooCXwgZzGSBLjdmWo7Xq","Melanie Martinez","I'm Blue - Hits of 2022","Pacify Her",0,220013,FALSE,0.593,-6.024,0,0.0305,0.0459,0.000834,0.237,0.366,157.993,4,8,"alt_electronic_pop",0.39
31132,"2WdoNsBBmug5D7X36liNml","Melanie Martinez","Low-Key Hits","Glued",0,192736,TRUE,0.578,-7.551,1,0.0477,0.515,2.39e-06,0.145,0.579,172.031,4,8,"alt_electronic_pop",0.48
31139,"7z1uUb32IxZvJ97Fk86igf","Wisin & Yandel","Última Misión Reggaeton","Pam Pam",0,227280,FALSE,0.69,-6.373,1,0.114,0.121,0,0.249,0.735,95.025,4,8,"alt_electronic_pop",0.59
31140,"0VDbQ47H6Zn0zTdMziB0ex","Wisin & Yandel","Perreo Tenebroso Vol. 5","Tu Olor",0,246853,FALSE,0.753,-5.27,0,0.0817,0.0148,6.13e-06,0.109,0.364,114.983,4,8,"alt_electronic_pop",0.71
31143,"77AAzPYU8BzH1706odR9WR","Wisin & Yandel","Halloween 2022 Perreo Vol. 5","Sexy Movimiento",0,211920,FALSE,0.858,-4.152,0,0.0373,0.405,2.95e-06,0.133,0.814,105,4,8,"alt_electronic_pop",0.67
31160,"1rIKgCH4H52lrvDcz50hS8","Zara Larsson","So Good","Lush Life",78,201122,FALSE,0.712,-3.923,0,0.046,0.132,0,0.211,0.799,98.023,4,8,"alt_electronic_pop",0.85
31172,"0lG6QM1jjbbX5UUn3DPmrZ","Alan Walker;Sorana","Different World","Lost Control",65,222320,FALSE,0.555,-4.689,1,0.0757,0.0345,0.000157,0.0798,0.323,91.997,4,8,"alt_electronic_pop",0.64
31179,"4l8RhqkuZa78jaquy24K8m","Melanie Martinez","New Pop Classics","Pacify Her",0,220013,FALSE,0.593,-6.024,0,0.0305,0.0459,0.000834,0.237,0.366,157.993,4,8,"alt_electronic_pop",0.39
31185,"75SaMR1ikwoGSrrfeITsVX","Swedish House Mafia;Sting","Larga Vida al Electro","Redlight",1,242904,FALSE,0.655,-5.999,1,0.0444,0.00857,0.162,0.0572,0.207,125.012,4,8,"alt_electronic_pop",0.6
31186,"6yUlfM1fMgopGW8PSuorxE","Ellie Goulding","Falling in Love","Love Me Like You Do - From ""Fifty Shades Of Grey""",1,253279,FALSE,0.648,-5.664,1,0.051,0.248,0,0.121,0.261,189.218,4,8,"alt_electronic_pop",0.62
31192,"4e4DujMLh9227SuYdFsHK2","Swedish House Mafia;John Martin","Обратно в клас - pop","Don't You Worry Child - Radio Edit",0,211360,FALSE,0.83,-3.229,0,0.0552,0.117,0,0.18,0.478,128.986,4,8,"alt_electronic_pop",0.62
31193,"0ugllpORni0VVE6794ADpX","Ellie Goulding","Autumn Vibes 2022","Still Falling For You - From ""Bridget Jones's Baby""",0,240867,FALSE,0.518,-8.1,1,0.0401,0.553,1.27e-06,0.111,0.179,96.155,4,8,"alt_electronic_pop",0.57
31204,"0Wc6cbF38a90b8wov9V63F","AJ Mitchell","Like Strangers Do","Like Strangers Do",69,160790,FALSE,0.242,-8.523,0,0.0761,0.515,0,0.0839,0.694,98.219,4,8,"alt_electronic_pop",0.56
31212,"0KASSQoorOGoCWCgPagJhf","Swedish House Mafia;Sting","Fiesta portatil","Redlight",3,242904,FALSE,0.655,-5.999,1,0.0444,0.00857,0.162,0.0572,0.207,125.012,4,8,"alt_electronic_pop",0.7
31217,"6lHo50O8EnGln33OIQj6UA","The Chainsmokers","So Far So Good (lofi remixes)","I Love U - lofi remix",0,152774,FALSE,0.31,-10.118,1,0.0808,0.971,0.468,0.131,0.197,77.012,4,8,"alt_electronic_pop",0.27
31219,"4wwHmctZfQa16BghLgrGuZ","Alec Benjamin;Alessia Cara","Music for Rainy Days","Let Me Down Slowly",0,169174,FALSE,0.569,-5.018,0,0.0349,0.716,7.4e-06,0.135,0.44,150.216,4,8,"alt_electronic_pop",0.43
31220,"5NWtuvJCqWt5GVAlKGCgI8","The Chainsmokers","So Far So Good (lofi remixes)","Cyanide - lofi remix",0,161512,FALSE,0.387,-11.857,0,0.0292,0.636,0.912,0.12,0.099,109.994,4,8,"alt_electronic_pop",0.55
31222,"01A1YsdxWJ6omysFtEqJ18","The Chainsmokers","So Far So Good (lofi remixes)","Channel 1 - lofi remix",0,153239,FALSE,0.329,-12.988,1,0.0386,0.899,0.731,0.176,0.187,116.019,4,8,"alt_electronic_pop",0.57
31230,"7gQKyddnoJZ0ZsBPKhrP6n","Alec Benjamin","rainy day indie","Match in the Rain",1,159006,FALSE,0.716,-7.342,0,0.256,0.734,8.3e-05,0.116,0.829,120.052,4,8,"alt_electronic_pop",0.45
31244,"4F1kPmFSwgGjzVTplcCb5c","Alec Benjamin","Give You Love - Cozy Hits","Devil Doesn't Bargain",0,163613,FALSE,0.606,-4.565,1,0.0609,0.577,0,0.217,0.483,121.15,4,8,"alt_electronic_pop",0.52
31249,"29KRWp49DyHI8a6PwvZpxw","Swedish House Mafia;John Martin","Autopilot","Don't You Worry Child - Radio Edit",1,211360,FALSE,0.83,-3.229,0,0.0552,0.117,0,0.18,0.478,128.986,4,8,"alt_electronic_pop",0.44
31253,"1dNIEtp7AY3oDAKCGg2XkH","The Chainsmokers;Coldplay","Something Just Like This","Something Just Like This",75,247626,FALSE,0.649,-6.695,0,0.0362,0.0306,2.46e-05,0.174,0.505,102.996,4,8,"alt_electronic_pop",0.58
31259,"20I6sIOMTCkB6w7ryavxtO","Carly Rae Jepsen","Kiss","Call Me Maybe",80,193400,FALSE,0.58,-6.548,1,0.0408,0.0114,2.28e-06,0.108,0.66,120.021,4,8,"alt_electronic_pop",0.58
31264,"7JupLCHELRoJiUubOPBPck","RANDALL;Anas;Nassi","Choix de vie (Remix)","Choix de vie - Remix",52,215000,FALSE,0.648,-8.07,1,0.0644,0.0997,0.00414,0.365,0.357,96.032,4,8,"alt_electronic_pop",0.51
31276,"623TdbJc1yLr8dIepsFV2v","Zedd;Maren Morris;Grey","Queda poco para la PAES","The Middle",0,184732,FALSE,0.657,-3.061,1,0.045,0.173,0,0.112,0.435,107.013,4,8,"alt_electronic_pop",0.52
31285,"1aJMAxzhtScf4nJCbXX1O2","Alesso","Concierto en la ducha","REMEDY",0,190295,FALSE,0.777,-4.612,1,0.0471,0.269,0,0.0883,0.485,119.963,4,8,"alt_electronic_pop",0.69
31313,"7MDtE1tjuPZAro0aPYRql4","Bazzi;Camila Cabello","Comme un lundi","Beautiful",3,180000,FALSE,0.717,-4.722,1,0.0337,0.346,0,0.105,0.249,100.027,4,8,"alt_electronic_pop",0.57
31347,"4QmaaHKCPL4YWW6L5AdQQs","Charli XCX","Gaming Songs 2022: Hard Mode","Vroom Vroom",0,193270,TRUE,0.684,-5.818,1,0.239,0.122,0,0.0854,0.517,151.009,4,8,"alt_electronic_pop",0.75
31355,"3XF5xLJHOQQRbWya6hBp7d","Billie Eilish","WHEN WE ALL FALL ASLEEP, WHERE DO WE GO?","you should see me in a crown",77,180952,FALSE,0.533,-10.485,1,0.186,0.462,0.219,0.139,0.323,150.455,4,8,"alt_electronic_pop",0.39
31359,"5y8liVmpsvn6Kg4JFijj4Z","Fly By Midnight","What If I Wasn't Done Loving You?","What If I Wasn't Done Loving You?",63,175562,FALSE,0.662,-7.626,1,0.0776,0.589,1.78e-05,0.133,0.235,172.102,4,8,"alt_electronic_pop",0.74
31364,"47B8TN9x2QIUqsv3ZTaZEJ","Bazzi;Cordae","Upbeat Pop","Only Fan",0,153442,FALSE,0.706,-3.008,1,0.036,0.0138,1.39e-06,0.0666,0.911,122.062,4,8,"alt_electronic_pop",0.46
31372,"4pOV2fwhycAawv7aC7I6Cd","Bazzi","US Pop 20s","Miss America",1,172702,FALSE,0.733,-6.026,1,0.0671,0.00318,0,0.287,0.727,147.932,4,8,"alt_electronic_pop",0.47
31402,"5YLHLxoZsodDWjqSgjhBf3","Bazzi","COSMIC","Myself",68,167552,FALSE,0.561,-5.513,0,0.072,0.465,1.12e-06,0.0338,0.902,195.918,4,8,"alt_electronic_pop",0.67
31423,"2qDwZNRSegjzlA9zJiited","Alessia Cara","Best Christmas Songs 2022 | For under the Mistletoe","Make It To Christmas",0,211013,FALSE,0.522,-7.87,1,0.0363,0.131,0,0.438,0.305,77.054,4,8,"alt_electronic_pop",0.66
31427,"5kSqoH8sxJfyzjbt5l4LUr","Alessia Cara","Pop Fun and Christmas Music 2022","Make It To Christmas",0,211013,FALSE,0.522,-7.87,1,0.0363,0.131,0,0.438,0.305,77.054,4,8,"alt_electronic_pop",0.67
31430,"1u5meINe7Y9PXVrIsX0YD4","Alessia Cara","Weihnachtslieder 2022","Make It To Christmas",0,211013,FALSE,0.522,-7.87,1,0.0363,0.131,0,0.438,0.305,77.054,4,8,"alt_electronic_pop",0.57
31448,"5oVPnY5UP6rd56XZYU207w","Alessia Cara","Concierto en la ducha","Scars To Your Beautiful",0,230240,FALSE,0.739,-5.74,1,0.272,0.0285,0,0.111,0.449,194.169,4,8,"alt_electronic_pop",0.67
31458,"2IO7yf562c1zLzpanal1DT","Halsey","BADLANDS (Deluxe)","Gasoline",72,199593,TRUE,0.58,-7.328,0,0.0399,0.223,0,0.129,0.319,119.997,4,8,"alt_electronic_pop",0.55
31460,"3hWfKBt3n7j1xqIy6LA5ve","Vicetone;Tony Igy","Astronomia","Astronomia",68,198095,FALSE,0.945,-2.634,1,0.096,0.00561,0.915,0.439,0.326,126.093,4,8,"alt_electronic_pop",0.33
31469,"4heFQCyiW0RUEX1Q1lb008","Alan Walker;K-391;Sofia Carson;CORSAK","Different World","Different World (feat. CORSAK)",63,202906,FALSE,0.752,-4.931,0,0.0361,0.0638,0,0.13,0.331,130.037,4,8,"alt_electronic_pop",0.39
31481,"7nPdbiSqvnJxIl28z6PQZg","Felix Jaehn;Ray Dalton","EDM Gaming Music Autumn/Winter 2022","Call It Love",1,154560,FALSE,0.841,-4.779,0,0.076,0.0559,0.00217,0.417,0.714,110.029,4,8,"alt_electronic_pop",0.51
31492,"2Cml5xVHB01Y7PZ20smxhP","Felix Jaehn;The Stickmen Project;Calum Scott","Arbeitsmusik Herbst/Winter 2022/2023","Rain In Ibiza",0,141931,FALSE,0.898,-5.964,1,0.0413,0.0844,0.0347,0.316,0.722,123.996,4,8,"alt_electronic_pop",0.67
31499,"68oGVfAJgdZ36SJU38yZdm","Felix Jaehn;Mike Williams","Queda poco para la PAES","Feel Good",0,166946,FALSE,0.903,-3.921,1,0.0379,0.121,0.000124,0.168,0.655,125.95,4,8,"alt_electronic_pop",0.72
31502,"55sgQENF3LY1sUcJUwasLl","Skrillex;Justin Bieber;Don Toliver","Don’t Go (with Justin Bieber & Don Toliver)","Don’t Go (with Justin Bieber & Don Toliver)",69,168253,FALSE,0.695,-5.22,1,0.0429,0.019,0,0.123,0.359,75.05,4,8,"alt_electronic_pop",0.33
31510,"4keoy2fqgwGnbWlm3ZVZFa","Zedd;Elley Duhé","Happy Now","Happy Now",70,207029,FALSE,0.741,-5.128,1,0.047,0.579,1.49e-06,0.0712,0.458,88.335,3,8,"alt_electronic_pop",0.44
31517,"2GgxS8bUT5G25QJTsfSv0R","Ellie Goulding","Halcyon Days","Burn",71,231211,FALSE,0.777,-5.031,1,0.0432,0.31,0,0.105,0.329,87.016,4,8,"alt_electronic_pop",0.73
31518,"2g1KggY9PKvsoEAOaiz4xx","Ashnikko","DEMIDEVIL","Daisy",72,146523,TRUE,0.663,-6.143,1,0.133,0.235,0,0.372,0.774,121.876,4,8,"alt_electronic_pop",0.48
31527,"78v8ad1iLTlfLbam4qvzNu","Vicetone;Daisy Guttridge","Waiting","Waiting",63,205714,FALSE,0.7,-4.264,0,0.0318,0.352,0,0.061,0.214,104.964,4,8,"alt_electronic_pop",0.69
31529,"7FiNO2IBePaEava0LRgzUk","Nessa Barrett","I'm Blue - Hits of 2022","die first",1,177108,FALSE,0.669,-6.727,0,0.125,0.0669,0,0.124,0.44,183.441,4,8,"alt_electronic_pop",0.65
31532,"1VCA372FfrWA3yjOzPlBri","Nessa Barrett","It's You - Fresh Hits","die first",1,177108,FALSE,0.669,-6.727,0,0.125,0.0669,0,0.124,0.44,183.441,4,8,"alt_electronic_pop",0.43
31538,"75RVkmOgMisd3L45IqUqrs","Nessa Barrett","Hits Hits Hits","die first",0,177108,FALSE,0.669,-6.727,0,0.125,0.0669,0,0.124,0.44,183.441,4,8,"alt_electronic_pop",0.29
31547,"7o2G318KZiekaMH0tNEwQB","Jax Jones;Years & Years","Queda poco para la PAES","Play",0,186386,FALSE,0.815,-6.544,0,0.0428,0.0127,0,0.269,0.597,125.052,4,8,"alt_electronic_pop",0.41
31554,"18Eu9puOprFj4acahSyF1d","Sickflip;Mismatched;Raitila Rajasthan","Mismatched: Season 2 (Music from the Netflix Series)","Mehmaan",51,170400,FALSE,0.518,-9.946,1,0.464,0.814,0.071,0.16,0.53,98.24,4,8,"alt_electronic_pop",0.66
31568,"500mvzh7TRZ0YdnVeHhj8b","Major Lazer;Nyla;Fuse ODG","Peace Is The Mission (Extended)","Light It Up - Remix",67,166138,FALSE,0.877,-3.782,0,0.0664,0.0375,0.000833,0.233,0.752,107.991,4,8,"alt_electronic_pop",0.61
31575,"22O2Zdfj3jnJZDSzlDMAJp","Alan Walker;Ruben","Heading Home","Heading Home",59,184889,FALSE,0.789,-3.982,1,0.034,0.0269,0,0.129,0.106,107.981,4,8,"alt_electronic_pop",0.59
31583,"6QS7xGnz2B1jVbIdReS0YV","Afrojack;David Guetta;Ester Dean","Del gusto de hermanos","Another Life",0,208689,FALSE,0.771,-3.183,0,0.0539,0.178,1.47e-06,0.501,0.493,144.869,4,8,"alt_electronic_pop",0.64
31584,"7iQeIx7Ko1Wfemi46OpQL4","FLETCHER","Mega Hits Autumn/Fall 2022","girls girls girls",1,161247,FALSE,0.478,-8.834,1,0.156,0.658,0,0.131,0.468,139.859,4,8,"alt_electronic_pop",0.67
31593,"4PTDjIzld7QGs6oLMMnDQ6","Carly Rae Jepsen","Отново на училище","Call Me Maybe",0,193146,FALSE,0.6,-6.253,1,0.0403,0.0126,0,0.109,0.644,120.026,4,8,"alt_electronic_pop",0.29
31600,"58AGoOGbwsQMhBbH0eFLRR","Calvin Harris;The Weeknd","Over Now (with The Weeknd)","Over Now (with The Weeknd)",71,210795,TRUE,0.884,-4.113,0,0.0454,0.0759,0.00132,0.247,0.679,178.043,4,8,"alt_electronic_pop",0.55
31615,"3oZoXyU0SkDldgS7AcN4y4","Dillon Francis;DJ Snake","Money Sucks, Friends Rule","Get Low",61,212773,FALSE,0.932,-4.424,0,0.0859,0.0282,0.71,0.684,0.728,101.033,4,8,"alt_electronic_pop",0.4
31618,"0ZXdzaT1k688dkpNeEgQiV","NOTD;Astrid S","I Don't Know Why","I Don't Know Why",69,207667,FALSE,0.898,-4.181,0,0.124,0.124,7.2e-06,0.0832,0.618,120.04,4,8,"alt_electronic_pop",0.5
31638,"6FcVDIaaY5DA6ZzBx4DGfm","Lykke Li;The Magician","10's Dance Classics","I Follow Rivers - The Magician Remix",0,279635,FALSE,0.7,-5.81,0,0.0406,0.0179,0.00251,0.0823,0.296,122.031,4,8,"alt_electronic_pop",0.78
31649,"2awk2br4XeJn2L6Dl9stuj","Cali Y El Dandee;Reik","Halloween 2022 Perreo Vol. 5","Borracho De Amor",1,175640,FALSE,0.754,-2.155,1,0.116,0.0578,0,0.0993,0.828,90.064,4,8,"alt_electronic_pop",0.36
31653,"1gV0hgMNdpSWeW7ZjSUKnX","TroyBoi;Diplo;Nina Sky","Afterhours feat. Diplo & Nina Sky","Afterhours feat. Diplo & Nina Sky",58,275604,FALSE,0.831,-3.828,1,0.0423,0.089,0,0.0837,0.357,91.026,4,8,"alt_electronic_pop",0.7
31669,"042Sl6Mn83JHyLEqdK7uI0","Billie Eilish","Happier Than Ever","Your Power",77,245896,FALSE,0.284,-14.025,0,0.0801,0.932,0.000476,0.233,0.208,129.642,4,8,"alt_electronic_pop",0.58
31676,"5tAa8Uaqr4VvA3693mbIhU","Zara Larsson","Ruin My Life","Ruin My Life",67,190931,TRUE,0.699,-5.265,1,0.0578,0.423,0,0.0969,0.585,124.896,4,8,"alt_electronic_pop",0.52
31677,"2FWyJIT0gL2G3xWVQ9Id5f","Steve Aoki;BTS","Waste It On Me (feat. BTS)","Waste It On Me",59,192536,FALSE,0.684,-4.595,1,0.0585,0.252,0,0.72,0.466,96.097,4,8,"alt_electronic_pop",0.41
31685,"3SKzTIl9mW0DadTys9SFo3","Halsey","BADLANDS (Deluxe)","Control",72,214761,FALSE,0.675,-5.637,0,0.0332,0.399,0,0.181,0.206,119.898,4,8,"alt_electronic_pop",0.68
31693,"4vHUDuEaQeGvKlW2n7Mwbt","Chelsea Cutler","Mega Hits Autumn/Fall 2022","Devil On My Shoulder",0,212493,TRUE,0.323,-9.579,1,0.0412,0.649,1.82e-05,0.193,0.372,129.955,4,8,"alt_electronic_pop",0.65
31697,"5pj7mwGSWXhS93DuYUlxUn","Moby;Jim James","Artsy & Colourful","Porcelain - Reprise Version",0,353878,FALSE,0.252,-13.031,0,0.0291,0.561,0.516,0.113,0.0536,91.925,4,8,"alt_electronic_pop",0.66
31725,"5t9YU2mww4eiFCeTBy3EFU","KSHMR;Jeremy Oceans","One More Round (Free Fire Booyah Day Theme Song)","One More Round (Free Fire Booyah Day Theme Song)",53,201246,FALSE,0.88,-5.246,0,0.0926,0.00314,1.46e-05,0.1,0.43,125.026,4,8,"alt_electronic_pop",0.57
31731,"7509yxRl7vJCNvTTH9ANKb","Years & Years","Best Road Trip Pop Tunes","Crave",0,197073,TRUE,0.84,-3.942,0,0.268,0.0827,0,0.435,0.64,127.998,4,8,"alt_electronic_pop",0.53
31741,"7GkCm4wRDhB0WhyOovlLfm","Years & Years","Fiesta de disfraces vol. II","Shine",0,255506,FALSE,0.717,-5.21,0,0.0349,0.193,0,0.104,0.495,108.006,4,8,"alt_electronic_pop",0.73
31744,"4wDLjJxeBBK3S1rblfa0Ud","Juan Magán;Belinda;Lapiz Conciente","Carrete con besties","Si No Te Quisiera",0,185480,FALSE,0.874,-2.514,0,0.0723,0.17,0,0.0669,0.788,128.02,4,8,"alt_electronic_pop",0.49
31748,"7InaXrvag0nYTncPA1Iitl","Juan Magán;Belinda;Lapiz Conciente","Halloween 2022 Pop Vol. 4","Si No Te Quisiera",0,185480,FALSE,0.874,-2.514,0,0.0723,0.17,0,0.0669,0.788,128.02,4,8,"alt_electronic_pop",0.46
31750,"5TVirkSwFEXF1nLJEebe2I","Bazzi","COSMIC","Beautiful",68,178242,FALSE,0.677,-5.743,1,0.0326,0.214,0,0.0979,0.178,100.014,4,8,"alt_electronic_pop",0.38
31751,"0yrCxEoGU4cV3CGr0sc65J","Lifafa","Jaago","Nikamma",46,211787,FALSE,0.678,-11.895,1,0.22,0.485,0.0019,0.102,0.472,181.88,4,8,"alt_electronic_pop",0.29
31757,"4191RXFPa7Ge9XkA4cWlna","Billie Eilish","Happier Than Ever","Lost Cause",73,212496,TRUE,0.334,-8.491,0,0.251,0.702,0.00782,0.0586,0.522,74.966,4,8,"alt_electronic_pop",0.74
31766,"5teOR8KU4XNWY2WlVUDiIR","Loote;gnash","lost","85%",63,174106,FALSE,0.651,-7.585,1,0.046,0.346,0,0.149,0.368,140.017,4,8,"alt_electronic_pop",0.56
31776,"6dm9WLQPqe2kp5wS3DlD1n","Dillon Francis;ILLENIUM;EVAN GIIA","EDM Gaming Music Autumn/Winter 2022","Don't Let Me Let Go",1,205479,FALSE,0.715,-4.656,1,0.0562,0.0367,0,0.122,0.397,145.979,4,8,"alt_electronic_pop",0.37
31780,"4VPXFi4vFTtS9wHe6oMQaT","Zara Larsson","So Good","I Can't Fall in Love Without You",66,180640,TRUE,0.332,-9.244,1,0.0338,0.784,0.000122,0.146,0.273,130.813,4,8,"alt_electronic_pop",0.73
31783,"3h2aYVv7RHnOW0qGGYdYIT","KSHMR;Tungevaag","Close Your Eyes","Close Your Eyes",58,168833,FALSE,0.898,-1.218,1,0.0772,0.0294,3.14e-05,0.255,0.483,179.969,4,8,"alt_electronic_pop",0.47
31784,"5E9YnE354Ua2h05nu4lmcA","benny blanco;Juice WRLD","FRIENDS KEEP SECRETS 2","Graduation (with Juice WRLD)",66,176212,TRUE,0.643,-5.353,1,0.248,0.109,0,0.123,0.62,155.009,4,8,"alt_electronic_pop",0.37
31787,"2pPO9YecZimmuVQfIzfV6U","Ofenbach;Lagique","Wasted Love (feat. Lagique)","Wasted Love (feat. Lagique)",75,139563,FALSE,0.855,-4.578,0,0.135,0.0821,4.73e-06,0.0901,0.54,121.955,4,8,"alt_electronic_pop",0.64
31795,"6YjErXVPAkQuqmBsHRWUxY","Kylie Minogue","Holly Jolly Christmas","Santa Baby",0,202546,FALSE,0.391,-7.183,1,0.0435,0.744,0,0.142,0.443,87.101,4,8,"alt_electronic_pop",0.49
31800,"3uuR20w7HgLlb5Hha2mCxb","Swedish House Mafia;The Weeknd","Dawn FM (Alternate World)","Moth To A Flame (with The Weeknd)",56,234000,FALSE,0.659,-7.289,1,0.0389,0.00279,0,0.105,0.109,120.122,4,8,"alt_electronic_pop",0.46
31805,"0kWQn0wLok1lawHAkGSMW9","Bazzi","Infinite Dream","I Like That",69,158083,TRUE,0.692,-5.431,0,0.112,0.172,0,0.191,0.68,74.474,4,8,"alt_electronic_pop",0.45
31836,"4XII12nbsvJblXfG1I2QR4","MARINA","About Love (From The Netflix Film “To All The Boys: P.S. I Still Love You”)","About Love - From The Netflix Film “To All The Boys: P.S. I Still Love You”",59,214106,FALSE,0.758,-5.567,1,0.0427,0.331,1.01e-05,0.16,0.281,97.025,4,8,"alt_electronic_pop",0.8
31852,"15vzANxN8G9wWfwAJLLMCg","The Chainsmokers","Paris","Paris",71,221520,FALSE,0.644,-6.763,1,0.031,0.0243,0,0.0888,0.251,99.999,4,8,"alt_electronic_pop",0.47
31867,"2YDOjCfkGciEXxSutB6LJR","Bob Sinclar;FISHER;Steve Edwards","World Hold On (FISHER Rework)","World Hold On - FISHER Rework",73,178304,FALSE,0.883,-5.243,0,0.0584,0.00596,0.00607,0.135,0.895,127.008,4,8,"alt_electronic_pop",0.65
31868,"3qG0XrOLyeHuqaSCxcAgkR","Sickflip;Mismatched","Mismatched: Season 2 (Music from the Netflix Series)","Dimple",45,153290,FALSE,0.482,-10.494,0,0.0347,0.83,0.785,0.11,0.193,155.002,4,8,"alt_electronic_pop",0.5
31873,"525GY0mXYnxajolwgS8Eaz","Lucky Luke","Cooler Than Me","Cooler Than Me",71,179760,TRUE,0.716,-6.146,1,0.0708,0.0595,0.0409,0.168,0.296,128.022,4,8,"alt_electronic_pop",0.35
31879,"3z5ITnx50sxmTospLAcM03","DJ Snake;Dhee;Arivu;Santhosh Narayanan","Enjoy Enjaami - Spotify Singles (with Dhee feat. Arivu & Santhosh Narayanan)","Enjoy Enjaami - Spotify Singles (with Dhee feat. Arivu & Santhosh Narayanan)",49,167058,FALSE,0.688,-6.101,1,0.0659,0.00159,4.11e-06,0.111,0.641,101.968,4,8,"alt_electronic_pop",0.32
31880,"7bdYxWPCs46dQ0XLwySOyv","Jeremy Zucker;Chelsea Cutler","glisten","better off",67,193946,FALSE,0.322,-12.46,0,0.0371,0.747,9.24e-05,0.137,0.46,98.892,4,8,"alt_electronic_pop",0.62
31897,"0w8HCs4mEIH9sGtZASV5bJ","Seeb;Julie Bergan","Anímate, es viernes","Don't You Wanna Play?",0,138733,FALSE,0.77,-3.52,0,0.0306,0.0214,0,0.147,0.674,99.959,4,8,"alt_electronic_pop",0.17
31905,"5TgS4dcUAU8EEb506d8wAT","Au/Ra;Alan Walker;Death Stranding: Timefall","Ghost","Ghost",58,177630,FALSE,0.503,-8.217,0,0.0526,0.552,0,0.169,0.584,144.015,4,8,"alt_electronic_pop",0.46
31908,"0du67LyuJeUjQChxl8rTa8","Lauv","26","26",57,159607,FALSE,0.458,-8.636,1,0.0875,0.809,0.00015,0.237,0.506,164.16,4,8,"alt_electronic_pop",0.84
31914,"2bQhVQbV7VBzSOPo8mbkUR","The Chainsmokers","Sick Boy","Beach House",56,206120,FALSE,0.838,-4.491,1,0.0526,0.174,0,0.341,0.533,179.945,4,8,"alt_electronic_pop",0.57
31926,"19TSNGmvdTtlxYn4YqYUMf","Alan Walker;David Whistle","Routine","Routine",57,166973,FALSE,0.824,-3.706,0,0.0272,0.0624,0.0621,0.258,0.257,115.003,4,8,"alt_electronic_pop",0.49
31930,"3TKpJrY9q49Mj1JOsM9zGL","The Chainsmokers;Kygo","World War Joy","Family",61,194826,FALSE,0.607,-6.605,1,0.0356,0.426,0,0.101,0.374,117.817,4,8,"alt_electronic_pop",0.55
31937,"2Xy1UIVfOlukyye6Fd0wrI","Sam Feldt;Rita Ora","Follow Me","Follow Me",74,169672,FALSE,0.729,-4.879,1,0.0496,0.083,0,0.1,0.675,122.023,4,8,"alt_electronic_pop",0.58
31949,"3RXdPd3JIR8oZnWljpL3dS","Set It Off","Slowed + Reverbed 2022","Skeleton - Slowed & Reverb",0,238488,FALSE,0.749,-4.935,1,0.0663,0.00459,0,0.497,0.261,133.913,4,8,"alt_electronic_pop",0.63
31967,"6clzeGvi1CFioMOolbAOlX","Calvin Harris;Justin Timberlake;Halsey;Pharrell Williams","Funk Wav Bounces Vol. 2","Stay With Me (with Justin Timberlake, Halsey & Pharrell)",73,229282,FALSE,0.733,-6.338,1,0.0444,0.276,6.73e-06,0.288,0.9,125.975,4,8,"alt_electronic_pop",0.69
31976,"36orMWv2PgvnzXsd5CJ0yL","Sam Feldt;RANI","Post Malone (feat. RANI) [Joe Stone Remix]","Post Malone (feat. RANI)",65,174444,FALSE,0.642,-3.87,1,0.122,0.0771,0,0.105,0.651,107.356,4,8,"alt_electronic_pop",0.59
31983,"149dWfm2AUDf6WIwJs2mDn","Janelle Monáe;Zoë Kravitz","New Pop Icons","Screwed",0,302491,TRUE,0.681,-7.582,0,0.0405,0.0442,0.000242,0.27,0.444,106.011,4,8,"alt_electronic_pop",0.44
31991,"2xvivj9s3YulAYkhFPc7pz","Chino & Nacho","Carrete con besties","Niña Bonita",0,217480,FALSE,0.924,-4.879,1,0.113,0.287,0,0.256,0.643,120.069,4,8,"alt_electronic_pop",0.46
32004,"0lYBSQXN6rCTvUZvg9S0lU","DJ Snake;Justin Bieber","Encore","Let Me Love You",84,205946,FALSE,0.716,-5.371,1,0.0349,0.0863,2.63e-05,0.135,0.163,99.988,4,8,"alt_electronic_pop",0.75
32011,"5j3QqRGflS4o5jbsFSwKW1","DJ Shadow;Mos Def","The Fast And The Furious: Tokyo Drift (Original Motion Picture Soundtrack)","Six Days - Remix",66,232000,FALSE,0.943,-6.254,0,0.264,0.0351,0.000259,0.328,0.718,171.811,4,8,"alt_electronic_pop",0.6
32036,"5029vpQu4KlJp0Kqobuc01","DJ Snake;Bipolar Sunshine","Mientras hago aromaterapia","Middle",0,220746,FALSE,0.73,-4.038,0,0.0406,0.0171,0,0.0488,0.222,104.824,4,8,"alt_electronic_pop",0.37
32053,"57kR5SniQIbsbVoIjjOUDa","DJ Snake;AlunaGeorge","You Know You Like It","You Know You Like It",70,247266,FALSE,0.725,-5.346,0,0.188,0.0141,2.46e-06,0.306,0.247,196.093,4,8,"alt_electronic_pop",0.72
32060,"04ht5irz2s6Q3vuWXkAOTU","6091;Rakhooo","Kanaavile","Kanaavile",41,187153,FALSE,0.478,-10.729,1,0.0333,0.655,0.14,0.187,0.373,148.021,4,8,"alt_electronic_pop",0.68
32065,"4VxaUj96W2jw9UOtKHu51p","Apparat;Soap&Skin","The Devil's Walk","Goodbye",60,256786,FALSE,0.457,-13.976,0,0.0456,0.406,0.646,0.297,0.187,87.159,4,8,"alt_electronic_pop",0.67
32068,"0rbbxIeycN5WGoYWryIlWx","Dillon Francis;DJ Snake","Get Low","Get Low",47,214933,FALSE,0.936,-4.477,0,0.0832,0.0302,0.661,0.556,0.75,101.035,4,8,"alt_electronic_pop",0.5
32076,"0RVmOh80HfpuygCBt2d1va","DJ Snake","Disco Maghreb","Disco Maghreb",64,184799,FALSE,0.923,-3.5,1,0.216,0.0581,0.00259,0.382,0.45,99.961,4,8,"alt_electronic_pop",0.72
32078,"3IEG65Fi7Zm8cQEEG3uJ4H","DJ Shadow;Mos Def","Six Days","Six Days - Remix",62,232533,FALSE,0.909,-6.72,0,0.236,0.13,0.000195,0.34,0.691,171.877,4,8,"alt_electronic_pop",0.95
32079,"2BmwXAUDtEzKw4RGtHJu5B","Shanti People;Blazy;Gottinari","Tandava (Blazy & Gottinari Remix)","Tandava - Blazy & Gottinari Remix",50,312160,FALSE,0.886,-5.007,0,0.156,0.104,0.00762,0.0824,0.134,140.015,4,8,"alt_electronic_pop",0.5
32083,"525GY0mXYnxajolwgS8Eaz","Lucky Luke","Cooler Than Me","Cooler Than Me",71,179760,TRUE,0.716,-6.146,1,0.0708,0.0595,0.0409,0.168,0.296,128.022,4,8,"alt_electronic_pop",0.68
32098,"0qy0ztFoAFgfVPL3VckSmy","Massive Attack;Tracey Thorn","Hits Pop Rock 90's","Protection",0,468392,FALSE,0.549,-8.442,1,0.0441,0.0143,0.062,0.205,0.721,167.997,4,8,"alt_electronic_pop",0.6
32129,"4XpDj477gvnsYNT21ap9Y8","Anthony Keyrouz;Glaceo","Last Melody","Last Melody",66,148396,FALSE,0.826,-5.808,1,0.322,0.344,0,0.184,0.418,131.085,4,8,"alt_electronic_pop",0.79
32148,"42mDqJTTQW6adKYflnauIE","LCD Soundsystem;Soulwax","Dance Dance Dance","Get Innocuous! - Soulwax Remix",0,601240,FALSE,0.997,-5.832,1,0.0457,0.0745,0.744,0.241,0.693,117.999,4,8,"alt_electronic_pop",0.58
32151,"2aJDlirz6v2a4HREki98cP","Bicep","Bicep","Glue",74,269149,FALSE,0.798,-7.995,0,0.068,0.0158,0.948,0.0967,0.42,129.983,4,8,"alt_electronic_pop",0.73
32159,"0uETXz9EaPbQPgvHppOQYr","Shanti People;Droplex","Gayatri","Gayatri",39,311101,FALSE,0.641,-7.881,0,0.106,0.0122,0.342,0.366,0.146,137.969,4,8,"alt_electronic_pop",0.69
32160,"3JiyUyibMs31de0hmoeSK9","Bassnectar;Ohana Bam;Lafa Taylor","Fast & Furious 8: The Album","Speakerbox (feat. Ohana Bam & Lafa Taylor) - F8 Remix",49,188906,FALSE,0.88,-2.01,0,0.126,0.0208,8.99e-05,0.334,0.514,87.969,4,8,"alt_electronic_pop",0.79
32161,"6HhrMBN43RnGlGv7vIdnM5","Yellow Claw;Ayden","Till It Hurts (feat. Ayden)","Till It Hurts (feat. Ayden)",60,188680,FALSE,0.886,-4.016,1,0.0309,0.000624,0.000274,0.193,0.293,145.053,4,8,"alt_electronic_pop",0.39
32174,"67Hna13dNDkZvBpTXRIaOJ","Massive Attack","Mezzanine","Teardrop",71,330773,FALSE,0.419,-8.8,0,0.0395,0.0173,0.497,0.135,0.216,76.997,4,8,"alt_electronic_pop",0.59
32182,"1MDEvpaFk2Ins7N8hGfFlA","Martin Jensen;FAST BOY","One Day","One Day",68,152990,FALSE,0.834,-5.879,0,0.286,0.204,0,0.214,0.503,126.277,4,8,"alt_electronic_pop",0.81
32189,"35592qATAP1u72mO9oelLc","Peter Cat Recording Co.","Bismillah","Where the Money Flows",48,313266,FALSE,0.355,-14.757,1,0.123,0.657,0.000889,0.349,0.355,75.032,4,8,"alt_electronic_pop",0.63
32197,"6UbAzavTNvySHWrETLFryF","Pedropiedra","Cripta y Vida","Vacaciones en el Más Allá",45,232560,FALSE,0.835,-6.811,1,0.0356,0.26,3.29e-06,0.061,0.681,112.99,4,8,"alt_electronic_pop",0.66
32209,"0ZtqCBPeXRoMxjKdjUSBno","Midival Punditz","Don","Don Revisited",35,286000,FALSE,0.863,-9.358,1,0.0331,0.00345,0.806,0.103,0.508,131.805,4,8,"alt_electronic_pop",0.65
32214,"28MAwybE4MXTrCXegBgTCM","Rovalio;Annural Khalid","Sohneya Ve","Sohneya Ve",42,171743,FALSE,0.5,-9.771,1,0.0415,0.00773,0.041,0.072,0.0474,140.196,4,8,"alt_electronic_pop",0.83
32215,"7sn0OyaKn1XKx18JjUZkSw","DJ Snake","Encore","Propaganda",51,249600,FALSE,0.928,-3.937,1,0.0885,0.00213,0.601,0.649,0.239,150.025,4,8,"alt_electronic_pop",0.52
32216,"7CuXB3Dr61IvDFEWfqG3sE","Jan Blomqvist;Elena Pitoulis","More","More",62,216699,FALSE,0.528,-11.127,0,0.0407,0.0458,0.896,0.128,0.113,124.027,4,8,"alt_electronic_pop",0.42
32243,"3tXCS1DI5nTP8AE3IUntzN","CA7RIEL","EL DISKO","U.U",43,196533,FALSE,0.536,-4.351,1,0.0752,0.0021,0.171,0.0963,0.588,120.97,4,8,"alt_electronic_pop",0.43
32245,"3Q2YTJihx6gPSyEgSzi44U","Miranda!","Es Mentira","Bailarina",42,284680,FALSE,0.974,-3.067,0,0.0499,0.178,0.00726,0.32,0.878,116.986,4,8,"alt_electronic_pop",0.65
32255,"66JnrK3b97l7HSEA9DeMKO","Prabh Deep;Lit Happu;Sez on the Beat","Sauce - Single","Sauce",32,189803,FALSE,0.654,-6.618,0,0.0548,0.296,3.66e-06,0.51,0.786,152.916,4,8,"alt_electronic_pop",0.71
32263,"7snnEDYwv30hRtmifVni8P","San Holo;Sofie Winterson","album1","lift me from the ground",52,260903,FALSE,0.69,-4.939,1,0.0399,0.523,4.58e-05,0.148,0.345,155.138,4,8,"alt_electronic_pop",0.81
32278,"3jMeoTAxDrZfkVxMmWcWCg","WHIPPED CREAM;Jimorrow","Light of Mine","Light of Mine",56,150250,FALSE,0.973,-2.389,1,0.086,0.000529,0.53,0.155,0.0749,159.976,4,8,"alt_electronic_pop",0.61
32279,"4eUU0Lc2Lt9QgjtEcGIzXR","Dwin;Gaullin","Lalalalala (Gaullin Remix)","Lalalalala - Gaullin Remix",56,185240,FALSE,0.857,-7.272,0,0.23,0.00121,0.401,0.0629,0.0975,127.07,4,8,"alt_electronic_pop",0.79
32284,"3GMs6owQu61kCSdXv4Dmue","Snavs;Foramic","Riotville ADE Compilation 2022","Kiwi",3,146000,FALSE,0.75,-4.126,0,0.284,0.623,0.111,0.188,0.299,147.133,4,8,"alt_electronic_pop",0.69
32285,"3FG44adkUaqTJr8N8ObzxV","Peter Cat Recording Co.","Bismillah","Vishnu <3",40,265453,FALSE,0.219,-13.636,0,0.0475,0.36,0.288,0.203,0.0516,114.203,4,8,"alt_electronic_pop",0.82
32286,"2AP076SfYkDXy0dQuceBTk","Snavs;Willone","Riotville ADE Compilation 2022","Apart",4,176874,FALSE,0.889,-6.21,0,0.14,0.00553,0.21,0.188,0.1,155.103,4,8,"alt_electronic_pop",0.72
32290,"73z1JwmldEYCqPfvpcUxr7","KC Lights;Leo Stannard","Toolroom Amsterdam 2022","Daydreamer - Night Mix",4,202250,FALSE,0.916,-6.58,0,0.0397,0.00139,0.37,0.356,0.19,126,4,8,"alt_electronic_pop",0.54
32299,"729noYG9gTUESAQBxVnCJN","Miranda!","El Disco de Tu Corazón","Prisionero",41,207933,FALSE,0.875,-4.399,1,0.065,0.132,0,0.157,0.671,125.015,4,8,"alt_electronic_pop",0.77
32300,"60mrGpCA4OIUuRLwi4T5Nm","DJ Snake;Max Frost","Broken Summer","Broken Summer",45,183778,FALSE,0.415,-10.72,0,0.0841,0.0918,6.34e-06,0.149,0.554,81.006,4,8,"alt_electronic_pop",0.74
32312,"7IVzMMlDsh4W4mIavGdKi0","Yellow Claw;Dirty Audio;Bok Nero","No Limit","No Limit",48,180800,TRUE,0.994,-2.514,1,0.0773,0.0012,0.147,0.503,0.275,149.965,4,8,"alt_electronic_pop",0.58
32321,"5w8wL9IpVlOerzOzOvkjvG","DJ Snake;Sheck Wes;Offset;21 Savage;Gucci Mane","Carte Blanche","Enzo (with Sheck Wes, feat. Offset, 21 Savage & Gucci Mane)",56,248053,TRUE,0.726,-4.209,1,0.0387,0.0739,4.01e-06,0.316,0.181,119.963,4,8,"alt_electronic_pop",0.68
32330,"4ZbQvhuML79GPnoxloXE0j","Lookas;Krewella;WE ARE FURY","Lucid (The Remixes)","Alarm - WE ARE FURY Remix",49,187431,FALSE,0.65,-5.092,0,0.0467,0.033,0,0.139,0.205,146.126,4,8,"alt_electronic_pop",0.68
32341,"4Isw7cWsUoDuBp0xCtcymD","Miranda!","Es Mentira","Iman",40,262280,FALSE,0.501,-6.229,0,0.0409,0.089,3.18e-06,0.104,0.304,119.897,3,8,"alt_electronic_pop",0.54
32344,"1hXWYmEbxkgJCJ4J4IsYWK","Hooverphonic","pov: it's 2021","The Wrong Place",0,176506,FALSE,0.728,-4.482,1,0.0428,0.0479,1.38e-06,0.16,0.246,80.239,4,8,"alt_electronic_pop",0.5
32355,"1wsAK9hEisW2JkLeSqVDAz","Rovalio;Izzchughtai","Nakhray","Nakhray",38,161151,FALSE,0.388,-11.189,1,0.0917,0.399,7.97e-06,0.106,0.31,82.534,4,8,"alt_electronic_pop",0.63
32356,"2QanQ4WoQAb8zwOzweQihV","GRAVEDGR","6 FEET UNDER","RAMPAGE",54,179020,TRUE,0.866,-3.044,1,0.365,0.00693,4.88e-05,0.345,0.368,75.135,4,8,"alt_electronic_pop",0.76
32365,"47Lfe9HFfIxi0e8XMLlDKI","Tisoki;Shreya Jain;MAGIC;Shashwat Sachdev","Attack (Original Motion Picture Soundtrack)","Crazy Now",31,163478,FALSE,0.903,-2.278,0,0.0939,0.0077,0.745,0.0854,0.179,138.014,4,8,"alt_electronic_pop",0.62
32367,"1XZgBa6BPMUVyixf82cqI2","Farasat Anees;Ibhar Wil","OFIVE1","Hun Akela",29,235080,FALSE,0.523,-6.289,0,0.0321,0.0758,0.000439,0.351,0.164,97.003,4,8,"alt_electronic_pop",0.57
32369,"4fCE1SCDulouoac9Q8XroU","DVBBS;Quinn XCII","West Coast (feat. Quinn XCII)","West Coast (feat. Quinn XCII)",63,150819,FALSE,0.798,-4.239,0,0.0612,0.00248,0.000678,0.103,0.659,119.017,4,8,"alt_electronic_pop",0.77
32371,"5q7AR3TkyCxlgxAjBMu4yL","Conro","Level Days","Therapy",59,186150,FALSE,0.6,-8.863,1,0.118,0.0162,0.00271,0.0628,0.921,99.975,4,8,"alt_electronic_pop",0.6
32373,"4ckoZlzQTOTEN8rhfQPbBl","Dirty Audio;Gold","No Stoppin (feat. GOLD)","No Stoppin (feat. GOLD)",45,160000,FALSE,0.996,-0.953,1,0.081,0.00975,0.000142,0.0657,0.0797,149.963,4,8,"alt_electronic_pop",0.75
32383,"7yi3uhXXumZJzwRiP38QMO","TroyBoi;Tropkillaz","V!BEZ, Vol. 4","Corneta",37,171940,FALSE,0.636,-5.143,1,0.048,0.0635,0.815,0.629,0.917,134.028,4,8,"alt_electronic_pop",0.55
32392,"1J7TmagSdmhzvbidzJM6Wm","Miranda!","Sin Restricciones","Uno los Dos",40,224773,FALSE,0.407,-7.718,0,0.0578,0.506,9.61e-06,0.153,0.187,123.895,3,8,"alt_electronic_pop",0.64
32403,"4WyhOKXtCkNVcgfTBpYaxm","Christian Löffler","Ronda","Ronda",57,346586,FALSE,0.307,-15.629,0,0.0486,0.674,0.935,0.0954,0.171,119.994,4,8,"alt_electronic_pop",0.74
32418,"6tJpqW8PrZO7o8OF4gUDsG","Poshlaya Molly","Грустная девчонка с глазами как у собаки","Типичная вечеринка с бассейном",53,273807,TRUE,0.516,-9.54,1,0.0368,0.00349,0.026,0.133,0.0946,110.031,4,8,"alt_electronic_pop",0.72
32425,"7uSZPbd8DxdkmSauCKnITY","San Holo","We Rise","We Rise",57,266482,FALSE,0.491,-6.043,1,0.0639,0.197,1.77e-05,0.0837,0.827,145.034,4,8,"alt_electronic_pop",0.72
32426,"3UmDY6Q0N0tg1Q5m5giPvI","Flight School;CVBZ","Figure It Out","Figure It Out",49,221483,TRUE,0.787,-6.111,1,0.0507,0.0044,1.58e-05,0.0789,0.534,92.044,4,8,"alt_electronic_pop",0.78
32427,"4Dku5HwdwweHyc9LrOL4AB","Sohodolls","Bang Bang Bang Bang 2021","Bang Bang Bang Bang - Remastered 2021",64,168339,FALSE,0.566,-5.951,1,0.0354,0.207,3.71e-06,0.105,0.408,93.984,4,8,"alt_electronic_pop",0.36
32438,"7LBpTG015GbpO1ERhvdOA6","Alex Anwandter","Amiga","Intentarlo todo de nuevo",39,268280,FALSE,0.719,-4.706,1,0.0364,0.53,1.13e-05,0.0857,0.902,192.115,4,8,"alt_electronic_pop",0.67
32446,"0LteBf3TS8NSQISDf887Ph","Róisín Murphy","The State of Pop","Overpowered",0,308106,FALSE,0.818,-6.283,0,0.0366,0.0972,0.00424,0.267,0.889,117.02,4,8,"alt_electronic_pop",0.5
32448,"2x3pqDiODCYvtD3uWe0aTJ","Pedropiedra","Pedropiedra (Reedición)","Las Niñas Quieren...",39,205093,FALSE,0.691,-3.643,1,0.0337,0.668,0,0.142,0.752,93.014,4,8,"alt_electronic_pop",0.86
32459,"1CpCIb8zybdjskLQRL6rEC","DJ Snake;Mr Hudson","Encore","Here Comes The Night",49,286880,TRUE,0.779,-3.905,0,0.0466,0.159,2.7e-06,0.117,0.209,79.979,4,8,"alt_electronic_pop",0.86
32472,"4d8QCee0JKfsBwZFAzfLy1","Martin Jensen;Loote","Wait","Wait",50,165083,FALSE,0.664,-4.768,0,0.0617,0.178,0,0.15,0.339,110.041,4,8,"alt_electronic_pop",0.44
32536,"2302Z0DrnuYan1AfNO04bz","TSHA;Clementine Douglas","Capricorn Sun","Anxious Mind",56,207840,FALSE,0.886,-6.739,0,0.0491,0.0133,0.00138,0.0877,0.81,139.985,4,8,"alt_electronic_pop",0.44
32538,"6VCuvpA6yVnV6jUt498IGO","LOUTA","2030","MEDIA HORA",39,251837,FALSE,0.332,-7.156,0,0.0643,0.217,0,0.107,0.304,119.971,4,8,"alt_electronic_pop",0.61
32540,"1VXPKfgMIAn95PFK4TlyDD","Francisca Valenzuela","La Fortaleza","La Fortaleza",39,235800,FALSE,0.684,-4.357,0,0.044,0.0161,0.00215,0.114,0.402,104.016,4,8,"alt_electronic_pop",0.68
32545,"7GHt4sLafWnCU27PQ9Xz1v","Saint Etienne","Foxbase Alpha","Nothing Can Stop Us",39,260782,FALSE,0.846,-6.077,1,0.0326,0.0092,0.000279,0.941,0.96,115.307,4,8,"alt_electronic_pop",0.75
32550,"4ToogKQq58R9TvO40qRuxi","RL Grime;Daya","NOVA","I Wanna Know",56,206727,FALSE,0.85,-4.417,1,0.0771,0.501,6.59e-06,0.203,0.109,82.607,4,8,"alt_electronic_pop",0.8
32551,"0tRovKsFwrsnjmYrRt4fnG","Farasat Anees;Slick Trick;Toshi","Fasl E Gul","Fasl E Gul",31,196891,FALSE,0.781,-4.936,0,0.0649,0.0269,2.09e-05,0.109,0.25,110.95,4,8,"alt_electronic_pop",0.72
32560,"0CI1hWyyQJZLuvOugqWKnG","JBABE","Play the Piano Drunk Like a Percussion Instrument Until the Fingers Begin to Bleed a Bit","I'll Get the Cheque, We Can Split the Regret",27,226986,FALSE,0.55,-8.905,1,0.0297,0.748,0.56,0.136,0.254,75.001,4,8,"alt_electronic_pop",0.69
32565,"38be6Tha1a4kOJPBaqpeEm","ARTBAT","Flame","Flame - Edit",49,326929,FALSE,0.936,-6.254,0,0.0583,0.00181,0.736,0.0463,0.0389,127.038,4,8,"alt_electronic_pop",0.38
32581,"0dnHVBxgteUkmV8EF0fLhc","Ekali;Wafia","Refresh - Pop To Cool Down","Be Fine",0,159661,FALSE,0.675,-6.718,0,0.146,0.199,0,0.35,0.442,180.089,4,8,"alt_electronic_pop",0.57
32589,"5G0oVoL309pqsvGDzhMOwx","French 79;Sarah Rebecca","Olympic","Diamond Veins (feat. Sarah Rebecca)",61,240120,FALSE,0.54,-10.441,1,0.0302,0.000499,0.436,0.132,0.0944,100.024,4,8,"alt_electronic_pop",0.63
32594,"1u3RnLWhcmFDf59Yn2p0vJ","Oliver Schories","Melodies & Harmonies, Vol. 32","Lymn - Extended Mix",0,403666,FALSE,0.672,-9.582,0,0.0526,0.000153,0.924,0.0806,0.285,124,4,8,"alt_electronic_pop",0.74
32598,"7JslkZP586GmkJHRtXmnQY","Babasónicos","Romantisísmico","Uno Tres Dos",37,226146,FALSE,0.783,-5.711,1,0.0274,0.22,1.56e-05,0.15,0.256,119.983,4,8,"alt_electronic_pop",0.69
32599,"3jT0zBtM0QU0KvG3SVRvrf","Babasónicos","Discutible","Adiós en Pompeya",37,257893,FALSE,0.636,-5.076,1,0.0273,0.0282,9.45e-06,0.282,0.392,145.675,4,8,"alt_electronic_pop",0.58
32618,"3cNdF4GwBQG4O98GwreQGh","Chill Satellite","My Eyes","My Eyes",39,206896,FALSE,0.761,-4.987,1,0.0342,0.21,1.06e-05,0.0626,0.123,144.997,4,8,"alt_electronic_pop",0.5
32621,"6NDt5z8GKIHub37hBQ4x18","Bob Moses","Days Gone By","Tearing Me Up",57,470093,FALSE,0.403,-9.7,1,0.0438,0.172,0.00201,0.615,0.155,114.992,4,8,"alt_electronic_pop",0.57
32626,"5zSLlhe4kThCv0otCTv5CL","22 Void Beats;Sneaky Ollie;Milano The Don","Motivation","Motivation",38,118583,FALSE,0.95,-6.459,1,0.443,0.0264,0.00453,0.19,0.312,149.883,4,8,"alt_electronic_pop",0.71
32630,"1FRJdOTOVML0UM4PUkuDcl","Shaka","SIENTE","SIENTE",37,196728,FALSE,0.479,-6.749,1,0.159,0.109,0.122,0.125,0.734,95.994,4,8,"alt_electronic_pop",0.65
32639,"7o2AeQZzfCERsRmOM86EcB","Aphex Twin","Selected Ambient Works 85-92","Xtal",60,293751,FALSE,0.505,-13.053,0,0.0344,0.342,0.96,0.117,0.318,114.532,4,8,"alt_electronic_pop",0.68
32643,"2v1CAb754ZTIIVswlNE0JS","Nxtwave","Nxtwave","Soy Tuyo - Bonus Track",36,240480,FALSE,0.693,-5.644,1,0.0263,0.0394,3.13e-05,0.0629,0.253,106.984,4,8,"alt_electronic_pop",0.69
32652,"2UkEYLRP5ZyPBEC9pCW4QD","Prabh Deep","Tabia","Taqat",26,206760,FALSE,0.799,-5.664,0,0.256,0.242,0,0.289,0.623,152.987,4,8,"alt_electronic_pop",0.74
32677,"41rjAEQbD85oUdFX9uPGqG","ARTBAT;Dino Lenny","Our Space","Our Space - Edit",47,309677,FALSE,0.589,-10.028,1,0.0666,0.0897,0.873,0.101,0.0326,124.011,4,8,"alt_electronic_pop",0.6
32686,"4cIDajUp2dMjKiDmDvFDg8","Oceanvs Orientalis;Be Svendsen","Indoor Voyager EP","Tarlabasi - Be Svendsen Remix",54,545813,FALSE,0.599,-12.259,0,0.0604,0.206,0.861,0.0899,0.216,114.001,4,8,"alt_electronic_pop",0.65
32694,"5Qd8V1vtbxkx7txNXtKiUW","Stephan Bodzin;Mathew Jonson","Armada Electronic Elements - ADE 2022","Tron - Mathew Jonson's Vca Dub",2,565041,FALSE,0.661,-12.998,1,0.0686,0.00216,0.834,0.0856,0.167,124.005,4,8,"alt_electronic_pop",0.58
32696,"3lMlSynE32bYB7OJVO4okZ","CA7RIEL","EL DISKO","SIN SUBLOW",36,107896,FALSE,0.849,-2.597,0,0.209,0.214,1.19e-06,0.293,0.717,69.871,4,8,"alt_electronic_pop",0.7
32717,"7pwEKNMaYtSKx3JX9XWGh4","Poshlaya Molly","8 способов как бросить…","Даже моя бэйби не знает",49,208013,TRUE,0.689,-4.725,1,0.0297,0.00517,0,0.105,0.682,75.017,4,8,"alt_electronic_pop",0.64
32718,"7azVJ6AgvPLOum1tppactO","Vigiland","UFO","UFO - Radio Edit",61,144389,FALSE,0.808,-7.005,1,0.114,0.107,0.747,0.186,0.181,128.068,4,8,"alt_electronic_pop",0.64
32744,"1MVcQPtprPbH7B0zzgMpkB","Agoria;David Carretta","ADN RETROSPECTIVE (Part.1)","Mad Max - David Carretta Remix",0,402400,FALSE,0.794,-8.445,1,0.0377,0.000523,0.236,0.141,0.465,129.968,4,8,"alt_electronic_pop",0.51
32746,"1qdeIyGOKgDp70C5Lz5Jly","Babasónicos","Jessico","La Fox",35,141998,FALSE,0.887,-4.557,1,0.0579,0.00161,1.43e-05,0.19,0.438,176.112,4,8,"alt_electronic_pop",0.77
32755,"4vwWOa4UPcpbpHB6h4n8lo","Hippie Sabotage","Red Moon Rising","Enough",56,279145,TRUE,0.57,-6.926,0,0.0924,0.477,0.00637,0.295,0.248,129.013,4,8,"alt_electronic_pop",0.57
32759,"0C8xrXQ9Qgot9u6C15CRFG","Shanti People;PsiloCybian","Tandava","Tandava (Psilocybian Remix)",27,387346,FALSE,0.884,-4.641,1,0.0523,0.000119,0.458,0.186,0.0394,147.029,4,8,"alt_electronic_pop",0.62
32764,"0OsAQfkwbPwT0Jv7g3oTqh","Gaullin","All the Things","All the Things",57,174729,FALSE,0.73,-6.714,1,0.0578,0.0246,0.0213,0.124,0.464,125.074,4,8,"alt_electronic_pop",0.65
32773,"0e6bjyrgubvP6na84PURkT","Poshlaya Molly","8 способов как бросить…","Паки пуси",49,143496,TRUE,0.637,-11.746,0,0.0522,0.00335,0,0.353,0.639,134.01,4,8,"alt_electronic_pop",0.37
32791,"4oPjkD3xWPsvLCw1aCAkOc","HXE","Get Rich","Get Rich",34,95555,TRUE,0.312,-11.508,0,0.426,0.368,0.439,0.129,0.445,81.026,4,8,"alt_electronic_pop",0.62
32792,"3Qsz763YEaGUfU3XUWD44A","Dënver;( Me Llamo ) Sebastián","Sangre Cita","Los Vampiros",35,265400,FALSE,0.731,-6.796,1,0.0327,0.000317,0.00081,0.15,0.299,125.013,4,8,"alt_electronic_pop",0.43
32804,"0FOPDqF7FBZwHITfKHMvLK","Grandtheft;Delaney Jane","Easy Go","Easy Go",41,190912,TRUE,0.922,-3.592,1,0.0779,0.107,0.00167,0.0938,0.566,156.071,4,8,"alt_electronic_pop",0.65
32805,"5W53E6GB06g0jCCtm1Kaaj","Izzamuzzic","Rain is","Amour",46,384014,FALSE,0.538,-11.731,0,0.0421,0.533,0.362,0.115,0.0711,111.975,4,8,"alt_electronic_pop",0.59
32835,"052z2UsE2wPrHsBJ9tly0g","Air;Gordon Tracks","The Virgin Suicides (Original Motion Picture Score)","Playground Love",63,211500,FALSE,0.423,-10.504,0,0.0279,0.265,0.731,0.347,0.117,143.086,4,8,"alt_electronic_pop",0.65
32840,"5g2zTEnrgZQa9MInAahB3h","Valdes","Una Vez Más","Otra Vez",34,244689,FALSE,0.537,-6.273,1,0.0368,0.297,0.000437,0.0863,0.373,74.001,4,8,"alt_electronic_pop",0.45
32850,"5Ce9z7GqSknXccyppRxNLY","Ookay","Thief","Thief",57,239711,FALSE,0.797,-2.954,1,0.0608,0.00476,0.00833,0.11,0.212,149.925,4,8,"alt_electronic_pop",0.59
32889,"3ZzhV6JIDKWvWR7wiKWD0C","Air","Moon Safari","La femme d'argent",61,426614,FALSE,0.737,-8.189,0,0.0352,0.434,0.684,0.392,0.558,79.82,4,8,"alt_electronic_pop",0.48
32893,"2NeOGCaTPh9gL5XhVg7vfk","Tunacola","En el Centro de la Fiesta Está el Vacío, Pero en el Centro del Vacío Hay Otra Fiesta","El Viento Que Nos Lleva a los Dos",34,244329,FALSE,0.762,-7.101,0,0.0351,0.267,0.0866,0.103,0.681,159.996,4,8,"alt_electronic_pop",0.42
32894,"23hnqo6i9gq4eU89jPjUti","DAF","Der Mussolini (Giorgio Moroder & Denis Naidanow)","Der Mussolini",34,239919,FALSE,0.792,-6.868,1,0.0627,0.104,0.834,0.0851,0.725,130,4,8,"alt_electronic_pop",0.58
32904,"7rRYiBxeudiHMNmgptnne9","Bonobo;Jamila Woods","Tides","Tides",54,226146,FALSE,0.314,-9.109,0,0.0351,0.791,0.419,0.0681,0.201,126.948,4,8,"alt_electronic_pop",0.64
32931,"0E3L4BNuUlZyvcZyySTfKr","DJ Snake;Tchami;Malaa;Mercer","Carte Blanche","Made In France (with Tchami & Malaa, feat. Mercer)",53,251428,FALSE,0.949,-4.127,0,0.0786,0.00295,0.247,0.0542,0.506,126.007,4,8,"alt_electronic_pop",0.51
32948,"42n9z80BhEJ82IjB0TcuB5","Peces Raros","Parte de un Mal Sueño","A Donde Quieras",33,326160,FALSE,0.493,-11.951,1,0.0434,0.00305,0.627,0.102,0.0493,122.991,3,8,"alt_electronic_pop",0.57
32969,"6T6prTkN0PgnGPdW7lZ7Jv","Armen Miran;Hraach","Inevitable Ending","Aldebaran - Original",50,416188,FALSE,0.63,-9.789,1,0.042,0.0455,0.867,0.098,0.231,116.007,4,8,"alt_electronic_pop",0.83
32984,"29Wcsq14RbRqItlK0fmEDb","Refeci;Michel Fannoun","Dance Monkey","Dance Monkey",53,170587,FALSE,0.647,-8.149,1,0.0803,0.0244,0.000918,0.105,0.418,102.062,4,8,"alt_electronic_pop",0.47
32988,"5mG9iopQWcGtc3SnrV3dA5","Anthony Keyrouz;Ekko","Dance Again","Dance Again",56,152459,FALSE,0.67,-6.446,1,0.18,0.102,5.73e-06,0.151,0.313,122.039,4,8,"alt_electronic_pop",0.67
32996,"6XjaDuAkkkBCpLeSm6eLnv","Peces Raros","Anestesia","Barrio Adentro",33,281456,FALSE,0.96,-5.196,1,0.0577,0.0123,0.468,0.144,0.506,124.987,4,8,"alt_electronic_pop",0.73
33012,"2ZRo7axmMPeSVUvDbGkJah","XXXTENTACION","?","Hope",86,110886,TRUE,0.457,-6.081,0,0.0603,0.661,0.000331,0.146,0.225,146.04,4,15,"underground_heavy_hybrid",0.4
33013,"3ee8Jmje8o58CHK66QrVC2","XXXTENTACION","?","SAD!",83,166605,TRUE,0.613,-4.88,1,0.145,0.258,0.00372,0.123,0.473,75.023,4,15,"underground_heavy_hybrid",0.79
33014,"7floNISpH8VF4z4459Qo18","XXXTENTACION","Look At Me!","Look At Me!",82,126345,TRUE,0.726,-6.405,1,0.282,0.259,0,0.0976,0.349,139.059,4,15,"underground_heavy_hybrid",0.61
33015,"0JP9xo3adEtGSdUEISiszL","XXXTENTACION","?","Moonlight",83,135090,TRUE,0.537,-5.723,0,0.0804,0.556,0.00404,0.102,0.711,128.009,4,15,"underground_heavy_hybrid",0.92
33017,"0OrwGH9aeguhopTVubv0VZ","demxntia","goodnight","tonight",71,84875,FALSE,0.63,-7.142,1,0.0853,0.255,0.557,0.141,0.4,170.103,4,15,"underground_heavy_hybrid",0.81
33031,"1EmoXFZ5oXu6u6oxBUzafC","Fall Out Boy","Обратно в клас - rock","Sugar, We're Goin Down",2,230933,FALSE,0.887,-3.74,1,0.0726,0.00467,0,0.114,0.631,162.003,4,15,"underground_heavy_hybrid",0.56
33044,"1IIsopNiGi2Vq0seNmZbLt","Paramore","Metal","Misery Business",0,211520,FALSE,0.906,-3.673,1,0.0737,0.00272,8.42e-06,0.113,0.73,173,4,15,"underground_heavy_hybrid",0.69
33052,"7uHRKSQ9WIlBBuBY7BHcbq","ilyTOMMY","Forever","Forever",71,108695,FALSE,0.339,-14.908,0,0.135,0.678,0,0.166,0.292,106.582,5,15,"underground_heavy_hybrid",0.36
33056,"2oe6dDthgthqUkfL3czpEd","XXXTENTACION","?","ALONE, PART 3",66,109986,FALSE,0.258,-12.758,1,0.0331,0.883,0.0145,0.103,0.164,127.08,4,15,"underground_heavy_hybrid",0.77
33059,"2H3wWrnO758y0fPH7Ilerg","XXXTENTACION","17","Depression & Obsession",71,144733,TRUE,0.156,-10.7,0,0.035,0.585,0.015,0.102,0.527,105.95,4,15,"underground_heavy_hybrid",0.69
33071,"3c1ItvzDDDpmDgLH9SIUp4","Fall Out Boy","Big Hero 6 (Original Motion Picture Soundtrack)","Immortals",65,195026,FALSE,0.856,-6.336,0,0.0461,0.00064,0.00126,0.38,0.722,108.025,4,15,"underground_heavy_hybrid",0.71
33086,"7j31rVgGX9Q2blT92VBEA0","My Chemical Romance","The Black Parade","Teenagers",81,161920,FALSE,0.857,-3.063,1,0.0632,0.0506,0,0.184,0.856,111.647,4,15,"underground_heavy_hybrid",0.73
33088,"5wQnmLuC1W7ATsArWACrgW","My Chemical Romance","The Black Parade","Welcome to the Black Parade",79,311106,FALSE,0.905,-4.103,1,0.0752,0.000289,0.00011,0.222,0.236,96.95,4,15,"underground_heavy_hybrid",0.44
33091,"074NgeLzrXD9hQ5O3iNIcY","ONE OK ROCK","Rock Brandneu","Save Yourself",1,197995,FALSE,0.849,-2.709,1,0.0615,0.00428,0,0.0667,0.762,165.096,4,15,"underground_heavy_hybrid",0.63
33098,"7MUd9iu6pW3KnLcz2NuMcs","Jimmy Eat World","Christmas Rock 2022","Last Christmas",0,267493,FALSE,0.842,-6.152,1,0.0403,0.00131,1.2e-06,0.33,0.715,126.042,4,15,"underground_heavy_hybrid",0.61
33114,"3JwxpSpGaXmGqLwWN6D6eC","6ix9ine;Nicki Minaj","TattleTales","TROLLZ (with Nicki Minaj)",64,202666,TRUE,0.422,-8.946,1,0.294,0.0319,0.00011,0.11,0.493,180.006,4,15,"underground_heavy_hybrid",0.91
33115,"3eqOaTqnyb0GEgv6JInG6W","6ix9ine;Anuel AA","DUMMY BOY","BEBE",72,217822,TRUE,0.902,-3.559,1,0.109,0.172,0,0.125,0.285,102.062,4,15,"underground_heavy_hybrid",0.91
33119,"2y55JzTDe2kFDChkBZUOUS","XXXTENTACION;Ski Mask The Slump God","LOOK AT ME: THE ALBUM","FUXK (feat. Ski Mask the Slump God)",65,160506,TRUE,0.71,-7.177,0,0.352,0.0887,3.41e-06,0.106,0.244,120,4,15,"underground_heavy_hybrid",0.91
33143,"6G2IXaarVeVde7CaMOxvNh","AFI","Rock & Halloween","Halloween",1,238106,FALSE,0.929,-8.494,0,0.091,0.00231,0.00074,0.0946,0.127,99.762,4,15,"underground_heavy_hybrid",0.81
33148,"3IExS9dCfDAVCRY0Tq4qw7","AFI","Halloween Kids Party 2022","Halloween",0,238106,FALSE,0.929,-8.494,0,0.091,0.00231,0.00074,0.0946,0.127,99.762,4,15,"underground_heavy_hybrid",0.9
33157,"7JIuqL4ZqkpfGKQhYlrirs","Paramore","Brand New Eyes","The Only Exception",74,267653,FALSE,0.563,-6.607,1,0.0272,0.144,0,0.143,0.209,137.715,3,15,"underground_heavy_hybrid",0.43
33165,"39iczvfNkZstM8KY8dNDFC","salvia palth","melanchole","(dream)",72,84741,FALSE,0.301,-13.283,1,0.0366,0.926,0.825,0.118,0.167,147.398,4,15,"underground_heavy_hybrid",0.65
33179,"2exeLldmRfwD9P0gSBYB9T","RADWIMPS","Your Name. (Deluxe Edition / Original Motion Picture Soundtrack)","Sparkle - English Version",46,411493,FALSE,0.508,-5.913,1,0.0348,0.56,0,0.113,0.277,123.958,4,15,"underground_heavy_hybrid",0.42
33190,"2P9jqjK69Yhc296w9WYXGr","Still Virgin","Stay Gold","Dear Ndut",48,277629,FALSE,0.801,-5.929,1,0.0315,0.0192,0,0.308,0.578,92.555,4,15,"underground_heavy_hybrid",0.91
33219,"5b6zjsBrZCqe6RFycLz2tc","XXXTENTACION","?","schizophrenia",58,80190,FALSE,0.349,-10.032,1,0.198,0.0762,0.0711,0.1,0.239,180.055,4,15,"underground_heavy_hybrid",0.59
33224,"2WnUmrdEsvWeJJRtZDO5jr","XXXTENTACION","LOOK AT ME: THE ALBUM","rare",57,94746,TRUE,0.423,-8.99,1,0.123,0.733,0.000218,0.15,0.0511,99.431,4,15,"underground_heavy_hybrid",0.55
33248,"5Bo0ayLXkp6ttsjCWJvOHJ","Fresno","Redenção","Uma Música",44,194040,FALSE,0.921,-3.111,1,0.0299,0.0479,0,0.106,0.681,125.073,4,15,"underground_heavy_hybrid",0.55
33280,"1tlrTC3x7viJ1U30oOFGdF","Lil Peep","Come Over When You're Sober, Pt. 1","Better Off (Dying)",68,154814,FALSE,0.763,-4.693,1,0.0408,0.00835,0,0.155,0.197,75.036,4,15,"underground_heavy_hybrid",0.73
33290,"5gUINRqrT8H4rI13ulJg39","Pee Wee Gaskins;Alditsa Decca Nugraha;Reza Satiri;Fauzan;Harry Pramahardika;Renaldy Prasetya","A Youth Not Wasted","Berbagi Cerita",43,278850,FALSE,0.922,-3.51,1,0.0622,0.00532,0.00118,0.137,0.691,149.957,4,15,"underground_heavy_hybrid",0.76
33319,"0qJOO0qpBFmR1vXf4rMRuj","Promoting Sounds;Ouse;Kam Michael","i still think of u","i still think of u",50,180000,FALSE,0.665,-9.676,1,0.0339,0.282,0,0.147,0.352,119.989,4,15,"underground_heavy_hybrid",0.63
33327,"0T6RSXxFhW8dRTWHI604ld","XXXTENTACION;Kanye West;Travis Barker","SKINS","One Minute (feat. Kanye West & Travis Barker)",59,197758,TRUE,0.636,-4.265,1,0.204,0.00671,0,0.105,0.879,113.497,5,15,"underground_heavy_hybrid",0.82
33330,"1st5ppYJ8p8yvicelw94zx","XXXTENTACION","LOOK AT ME: THE ALBUM","FAILURE IS NOT AN OPTION (Interlude)",55,43840,TRUE,0.759,-6.709,0,0.515,0.0533,1.22e-06,0.353,0.232,177.911,5,15,"underground_heavy_hybrid",0.74
33331,"5lar0mCUejpILVkAz50s2J","XXXTENTACION","SKINS","Train food",58,164082,TRUE,0.712,-7.278,0,0.691,0.564,9.1e-05,0.357,0.23,137.453,3,15,"underground_heavy_hybrid",0.59
33338,"3qYGNRkSFKhUPPaOFKKffp","Young Lex","YOGS","Teman Palsu",42,232000,FALSE,0.583,-7.614,1,0.193,0.362,0,0.232,0.638,174.201,4,15,"underground_heavy_hybrid",0.81
33348,"7Me8RESdf2YQRbzIPNouAU","Schyzo","V. Patro","Nebaví",43,237375,TRUE,0.497,-8.465,0,0.242,0.643,2.03e-06,0.111,0.547,87.031,4,15,"underground_heavy_hybrid",0.72
33353,"2SjOYQ127lPP8Gerv1qSVh","6ix9ine;Bobby Shmurda","DUMMY BOY","STOOPID",59,152000,TRUE,0.63,-4.296,1,0.395,0.13,0,0.162,0.833,149.991,4,15,"underground_heavy_hybrid",0.62
33375,"3xScUbjCK3Df7yedTWVQA4","Slowly Slowly","Forget You","Forget You",40,200506,TRUE,0.904,-2.956,1,0.0663,0.0297,0,0.064,0.839,159.979,4,15,"underground_heavy_hybrid",0.66
33392,"4eg52kepdXGYpsfKzGNqL9","PXNDX","Bonanza","Bella en mi cabeza para siempre",41,260440,FALSE,0.899,-3.405,1,0.0499,0.00403,0,0.114,0.465,149.009,4,15,"underground_heavy_hybrid",0.51
33394,"7AjJ7XxshOygmee6CODfAu","Schyzo","V. Patro","Mindset",41,173848,TRUE,0.463,-9.153,0,0.231,0.14,1.96e-05,0.102,0.827,77.005,4,15,"underground_heavy_hybrid",0.5
33415,"2Gaynwa8ZoYKdc9w3utD1h","RADWIMPS","Your Name. (Deluxe Edition / Original Motion Picture Soundtrack)","Dream Lantern - English Version",42,131666,FALSE,0.835,-5.451,1,0.403,0.0258,9.22e-06,0.0588,0.193,178.044,4,15,"underground_heavy_hybrid",0.59
33418,"6XJPX1JLcJhyhPyvuuST2f","PHARAOH;LSP","Кондитерская","Порнозвезда",53,274964,TRUE,0.515,-5.27,0,0.0302,0.0415,0,0.0974,0.172,110.062,4,15,"underground_heavy_hybrid",0.85
33429,"10366E7kt5R1lTzz1vfENZ","FACE","REVENGE","Забирай всё что хочешь",53,204878,TRUE,0.758,-5.524,1,0.105,0.0205,0,0.11,0.491,144.987,4,15,"underground_heavy_hybrid",0.63
33434,"3znPiywA0q1VK2jgAZFDoI","Fall Out Boy","American Beauty/American Psycho","Irresistible",63,206506,FALSE,0.938,-3.123,1,0.112,0.0706,0,0.236,0.444,165.049,4,15,"underground_heavy_hybrid",0.69
33444,"06Q3gof2rs8ErXzBrW1aVg","Sly Withers","Gardens","Breakfast",39,174480,TRUE,0.876,-4.253,1,0.0382,0.003,1.67e-06,0.127,0.205,130.969,4,15,"underground_heavy_hybrid",0.81
33454,"5mhHL6HAEcwkYoGSUBekjE","demxntia;Laeland;Eric Godlow","somehow","i don't mind",52,188571,FALSE,0.599,-6.832,1,0.0904,0.788,2.43e-06,0.155,0.49,77.42,4,15,"underground_heavy_hybrid",0.47
33460,"7pIorU6vXlFoXmHUdsbpfX","Lil Peep;Lil Tracy","CASTLES II","witchblades",65,149360,TRUE,0.54,-7.002,1,0.0777,0.0223,0,0.302,0.543,143.968,4,15,"underground_heavy_hybrid",0.73
33464,"3nx1LABlssQw0JCmHTWMn3","Brennan Savage","Belly of the Beast","Belly of the Beast",59,140487,TRUE,0.602,-6.64,1,0.0444,0.0654,1.57e-06,0.112,0.197,164.028,4,15,"underground_heavy_hybrid",0.69
33475,"14PlDNjNh3pXyHXzkhX8n5","6ix9ine;Fetty Wap;A Boogie Wit da Hoodie","Day69: Graduation Day","KEKE",60,151914,TRUE,0.857,-5.7,1,0.299,0.0321,0,0.4,0.469,187.985,4,15,"underground_heavy_hybrid",0.72
33480,"0UY4FvG4f9JI6kBR1BlWrZ","Paramore","Riot!","That's What You Get",68,220480,FALSE,0.831,-3.607,1,0.0429,9.43e-05,0,0.141,0.632,131.094,3,15,"underground_heavy_hybrid",0.62
33482,"4KpKyRFwN0gcwj58Uqjv7q","XXXTENTACION","SKINS","STARING AT THE SKY",57,85123,FALSE,0.338,-9.892,1,0.0257,0.134,0.00184,0.14,0.689,140.935,4,15,"underground_heavy_hybrid",0.51
33487,"14N3tALR3Mhf7UHpJRKk4L","The Front Bottoms","Talon Of The Hawk","Twin Size Mattress",71,264676,FALSE,0.867,-5.53,1,0.0809,0.00548,4.33e-06,0.103,0.336,144.866,4,15,"underground_heavy_hybrid",0.79
33491,"1WCwfR4yZqkwzNYIETzSgZ","CPM 22","Suor E Sacrifício","Combustível",38,177973,FALSE,0.979,-3.826,1,0.0642,0.000343,0,0.401,0.548,153.178,4,15,"underground_heavy_hybrid",0.56
33501,"3BIc6CjDJxm6P1qCls2nKa","Lund","Gold","Alone",54,254000,TRUE,0.354,-15.505,1,0.0812,0.656,0.702,0.384,0.037,120.018,4,15,"underground_heavy_hybrid",0.66
33505,"0fWkWSpXp1V8nWslbA25Sg","XXXTENTACION","A GHETTO CHRISTMAS CAROL","hate will never win",60,104071,TRUE,0.218,-13.603,0,0.384,0.817,0.005,0.108,0.596,88.577,4,15,"underground_heavy_hybrid",0.64
33516,"6P8zr1ghnd78EPhUO8axDm","iamjakehill","dying lately","nerve",54,175072,FALSE,0.626,-8.112,1,0.0439,0.137,0,0.17,0.708,146.008,4,15,"underground_heavy_hybrid",0.55
33517,"79i617mqpQLwUs3WTokYX9","Benedixhion","pseudoLove","toxin",53,130893,TRUE,0.545,-7.951,0,0.0492,0.000418,0.801,0.115,0.148,175.94,4,15,"underground_heavy_hybrid",0.52
33523,"59GgbFYUQBDwJ6DB2ljPZe","Paramore","Brand New Eyes (Deluxe Edition)","Decode - Twilight Soundtrack Version",48,261959,FALSE,0.866,-4.223,0,0.0588,0.000705,0.0055,0.101,0.277,163.987,4,15,"underground_heavy_hybrid",0.38
33531,"4N5KSp1Ckx9a49oAMh7jLY","Sensey","BRATAN","Bordel v hlavě",38,180500,TRUE,0.693,-5.81,1,0.103,0.469,2.06e-05,0.104,0.348,153.02,4,15,"underground_heavy_hybrid",0.77
33534,"7hwthq1edAI6IMNBmmypqH","Killing Me Inside","One Reason","For One Last Time",39,291093,FALSE,0.936,-3.835,0,0.126,0.00245,1.95e-05,0.231,0.226,159.941,4,15,"underground_heavy_hybrid",0.23
33552,"4Yl6ianWRtblrtPHlaL3Jo","FACE","BABY","BABY",52,152424,FALSE,0.783,-5.276,0,0.0334,0.0669,0,0.239,0.686,139.923,4,15,"underground_heavy_hybrid",0.9
33555,"6rZ17m2X1UIjsVn1zw4Ctm","FACE","SLIME","ПОДРУГА ПОДРУГ",50,164921,TRUE,0.615,-5.696,1,0.243,0.0891,5.51e-05,0.14,0.616,153.075,4,15,"underground_heavy_hybrid",0.6
33564,"6U9TsxbuxwnijI6jVM6mGU","SoLonely;sadeyes","Take My Scars","Take My Scars",49,129113,TRUE,0.556,-9.566,0,0.0481,0.0853,0,0.144,0.293,158.141,4,15,"underground_heavy_hybrid",0.59
33568,"1ufGqwim7RHxVsdaxuLmAY","guccihighwaters","post death","i'm so sick of this",56,234736,TRUE,0.387,-9.38,0,0.0643,0.891,0,0.114,0.17,135.064,4,15,"underground_heavy_hybrid",0.56
33569,"5Gox2FHWcB882eGsRIkdrt","LIL DUSTY G;Marshmello","Preached","Preached",49,159292,FALSE,0.414,-7.841,1,0.0354,0.415,2.18e-05,0.13,0.435,112.98,4,15,"underground_heavy_hybrid",0.67
33570,"0Q2NFVGcxTY4b2DwUDYHLJ","Josh A","LONELY VIBES","PAINLESS",48,147757,FALSE,0.632,-8.054,1,0.0423,0.122,0,0.198,0.718,91.047,4,15,"underground_heavy_hybrid",0.66
33575,"1AjJhhtf6JR3wanmu48lAM","Josh A;iamjakehill","Save Our Souls","Heartbreaks",54,189702,FALSE,0.722,-7.498,0,0.0401,0.298,0,0.0903,0.604,146.995,4,15,"underground_heavy_hybrid",0.39
33577,"2CZ2f5buwvd9LCtHrrb0vl","RE:UNION","Home","Home",36,244333,FALSE,0.756,-7.754,0,0.0629,0.0245,0.186,0.114,0.538,89.971,4,15,"underground_heavy_hybrid",0.79
33587,"3EaTpVCWVjZjna79S24hUG","Hasan","Album, co mi změnilo život","Mlha nad Jordánem",37,133746,FALSE,0.695,-7.847,0,0.234,0.476,6.07e-05,0.113,0.266,139.956,4,15,"underground_heavy_hybrid",0.77
33601,"6XsJTpZwPKMcG8QK8k14Z6","ASIAN KUNG-FU GENERATION","ワールド ワールド ワールド","アフターダーク",57,192026,FALSE,0.95,-3.747,1,0.0475,0.00193,0,0.0689,0.541,191.006,4,15,"underground_heavy_hybrid",0.54
33607,"4ft6nIUlDAbhxQdgHN0gIW","PHARAOH","Pink Phloyd","Одним целым",48,165600,FALSE,0.464,-9.118,0,0.089,0.583,2.87e-06,0.0907,0.343,100.141,4,15,"underground_heavy_hybrid",0.68
33608,"7g7or6ba1mBgq5Ydj2ixjs","LIL DUSTY G","UNDERGROWTH","INBETWEEN",60,114845,TRUE,0.653,-7.043,0,0.0988,0.138,0.0016,0.0554,0.682,92.007,4,15,"underground_heavy_hybrid",0.41
33612,"7cELheBXF3jIShGuewCy44","brakence","punk2","fuckboy",57,157903,TRUE,0.61,-7.784,0,0.238,0.373,0,0.144,0.8,146.572,4,15,"underground_heavy_hybrid",0.6
33621,"0enpXoexykNrhU70vXlDWk","Josh A","Fearless II","Cold Heart",48,151347,FALSE,0.554,-8.247,1,0.0667,0.0608,0,0.0942,0.299,90.016,4,15,"underground_heavy_hybrid",0.86
33633,"1oagRT7LfpVlNJN6FSZDGp","Fall Out Boy","Infinity On High","This Ain't A Scene, It's An Arms Race",70,212040,FALSE,0.887,-4.07,1,0.0636,0.000747,0,0.0327,0.408,199.935,4,15,"underground_heavy_hybrid",0.61
33635,"1APRT5NO87tgWVmJ9WN1AU","Skelly","Jedna z mála","Jedna z mála",37,172660,TRUE,0.556,-9.781,1,0.0612,0.491,0,0.107,0.333,139.877,4,15,"underground_heavy_hybrid",0.56
33645,"4IDB7wVkW4atOxfxClWNNK","Schyzo;Pyko Fatal","V. Patro","Chain",37,205424,TRUE,0.5,-10.468,0,0.048,0.217,0,0.104,0.662,130.05,4,15,"underground_heavy_hybrid",0.71
33648,"0R4bRdUVqTtsBARKkyxizh","The Ready Set","Christmas Time","Wonderful Christmastime",0,244426,FALSE,0.492,-6.404,1,0.0258,0.163,0,0.0786,0.526,96.016,4,15,"underground_heavy_hybrid",0.62
33669,"6Hp3xWVKOJF2G2qWIVR7FQ","OmenXIII","Misfit","Drop Dead",54,144090,TRUE,0.526,-9.768,0,0.0512,0.0603,0,0.121,0.278,99.916,4,15,"underground_heavy_hybrid",0.65
33672,"3W3masBDqqvAVgt1C89klS","Josh A;NEFFEX","Sober","Sober",47,136396,FALSE,0.664,-6.104,1,0.213,0.224,0,0.178,0.454,183.111,4,15,"underground_heavy_hybrid",0.48
33678,"5hpqeU5uQwDF1Umn60FqRr","Damero.;Tuantigabelas","PERCAYA","PERCAYA",35,205741,FALSE,0.569,-8.554,1,0.16,0.751,0,0.131,0.614,135.022,3,15,"underground_heavy_hybrid",0.56
33682,"15tXksgOQI7Tv6LtlqPvvr","Coheed and Cambria","The Afterman: Ascension","Key Entity Extraction IV: Evagria the Faithful",35,382706,FALSE,0.911,-5.808,0,0.0729,0.0299,6.58e-06,0.0944,0.67,113.001,4,15,"underground_heavy_hybrid",0.48
33694,"56ZqhWHVORv8gaQBTeWxGv","CPM 22","Ao Vivo no Rock In Rio","Tarde de Outubro - Ao Vivo",36,144932,FALSE,0.984,-5.194,1,0.118,0.000875,0,0.982,0.595,89.201,4,15,"underground_heavy_hybrid",0.78
33703,"5VJQr2EMdzXZFjvInyp4AC","Brennan Savage","Badlands","Lonely World",58,102857,FALSE,0.67,-7.009,0,0.104,0.0124,0.185,0.168,0.179,84.137,4,15,"underground_heavy_hybrid",0.84
33707,"3rxLb8cYhEnv3ZEoluDdpA","ASIAN KUNG-FU GENERATION","Re:Re:","Re:Re: (Single ver.)",55,332240,FALSE,0.868,-5.051,0,0.0502,0.000249,0.00042,0.248,0.512,155.008,4,15,"underground_heavy_hybrid",0.48
33726,"60VZ0MykayPm8zLNOTSfG2","NX Zero","Sintonia / Nessa Cidade","Nessa Cidade",36,205008,FALSE,0.731,-6.295,1,0.0326,0.0702,0,0.0484,0.696,132.94,4,15,"underground_heavy_hybrid",0.64
33741,"6s2yqZbiPNPL1B2IeCMsUA","My Chemical Romance","The Black Parade","The End.",62,112920,FALSE,0.548,-4.977,1,0.0363,0.0827,0,0.414,0.207,175.053,3,15,"underground_heavy_hybrid",0.63
33743,"5MnOC1HvWEPWQiQubJV4uK","Sickbrain","KRÁLOVSTVÍ","KRÁLOVSTVÍ",35,163546,TRUE,0.691,-6.744,0,0.208,0.238,0,0.344,0.69,120.072,4,15,"underground_heavy_hybrid",0.73
33746,"6VeihScj0pNr6uGFxfzalq","Hot Water Music","Caution","Wayfarer",35,177426,FALSE,0.976,-5.606,1,0.109,0.0361,0.000294,0.109,0.327,169.899,4,15,"underground_heavy_hybrid",0.55
33757,"2OZ9hl4dY5WmIEZmtroogz","44phantom","die sometime, it's good for u","don't fall",45,205240,TRUE,0.519,-5.227,1,0.0268,0.0484,0,0.108,0.451,159.988,3,15,"underground_heavy_hybrid",0.74
33758,"4co218tAwJM5xQrczWhkZk","nothing,nowhere.","Trauma Factory","upside down",55,187273,FALSE,0.696,-6.513,1,0.0328,0.16,0.0379,0.1,0.336,124.002,4,15,"underground_heavy_hybrid",0.25
33760,"3vkj94FiLgUz3ysZcmIXPx","Turnover","Peripheral Vision","Dizzy On the Comedown",60,255773,FALSE,0.632,-7.692,1,0.0273,0.431,8.05e-06,0.0897,0.265,114.97,4,15,"underground_heavy_hybrid",0.67
33777,"52UhKglatE25UoP4iS7Vg2","Slowly Slowly","Race Car Blues","19",34,204400,FALSE,0.774,-5.288,1,0.0398,0.00383,3.44e-06,0.307,0.654,137.971,4,15,"underground_heavy_hybrid",0.91
33781,"6jZp2rNTYVlKwt20aMIcot","ONE OK ROCK","Save Yourself","Save Yourself",59,197995,FALSE,0.849,-2.709,1,0.0615,0.00428,0,0.0667,0.762,165.096,4,15,"underground_heavy_hybrid",0.61
33782,"7fqk4SJrWW2ioAl1HcTSdt","Coqeéin Montana","Cokestarfreebars","Cokestarfreebars",35,159521,TRUE,0.549,-8.612,1,0.193,0.153,0.00139,0.0763,0.539,83.051,4,15,"underground_heavy_hybrid",0.67
33786,"4ljZ7YR85Qh9zXdCdsUeYF","CPM 22","Pregur","Pregur",35,112400,FALSE,0.879,-6.921,1,0.0359,5.66e-06,0.016,0.0506,0.947,114.974,4,15,"underground_heavy_hybrid",0.8
33792,"38cjjAOyT3CGJtuvPe8TS6","Just Friends","Nothing but Love","Supersonic",33,132186,FALSE,0.787,-5.989,0,0.0759,0.062,0.0052,0.193,0.501,123.054,4,15,"underground_heavy_hybrid",0.73
33793,"1slEC1v1jCteZtPpkXFj5j","For Revenge","Auristella","Sendu",35,231843,FALSE,0.876,-2.982,0,0.0414,7.62e-05,0.363,0.283,0.351,140.022,4,15,"underground_heavy_hybrid",0.63
33802,"4KMR0q5skgPUVS1e1IgCJJ","sadeyes;Powfu","downpour","about you",44,127430,FALSE,0.496,-8.427,1,0.176,0.515,0,0.0957,0.39,80.005,4,15,"underground_heavy_hybrid",0.49
33817,"4IOmpWHND1FVjT7EFeZhLp","Lil Tracy","Anarchy","Beautiful Nightmare",61,185886,TRUE,0.63,-8.052,1,0.072,0.0263,0,0.284,0.223,77.492,4,15,"underground_heavy_hybrid",0.47
33822,"0L7TjIdcVQaDlX3nQbMdQC","RADWIMPS","Weathering With You","Voice of Wind (Movie Edit)",43,157080,FALSE,0.924,-2.392,1,0.0542,0.0288,0,0.223,0.883,119.969,4,15,"underground_heavy_hybrid",0.56
33823,"5O1Tt1xcebq5NyFvQRADiv","Porty","22","22",34,146667,FALSE,0.589,-11.084,0,0.0576,0.421,0.00142,0.11,0.0398,134.969,4,15,"underground_heavy_hybrid",0.69
33828,"0TKXKNVTOyRfwQE4IiWOf2","Hasan","Prototyp","Nemáme čas nenávidět",35,219428,FALSE,0.46,-13.51,0,0.139,0.183,0.00125,0.122,0.32,139.031,4,15,"underground_heavy_hybrid",0.84
33834,"2aqV0E7RVqZWPNhuqXiY8h","Underaiki","por la morning (dumb)","por la morning (dumb)",34,67657,TRUE,0.565,-5.691,1,0.0385,0.37,0,0.0898,0.237,71.086,4,15,"underground_heavy_hybrid",0.56
33848,"6SHxM9QMWJIN3uY3XupE3W","PXNDX","La Revancha Del Principe Charro","Claro Que No",35,179813,FALSE,0.908,-3.629,1,0.0748,0.000293,5.65e-06,0.14,0.336,145.753,4,15,"underground_heavy_hybrid",0.72
33851,"3Z9vR8JrHFyyjB0JoHzx6p","Landon Cube;24kGoldn","Pretty","Pretty",55,191440,TRUE,0.853,-5.289,0,0.0659,0.195,0,0.132,0.767,76.064,4,15,"underground_heavy_hybrid",0.72
33854,"12HWdKlpYI9wbXO6WbSiKk","Tommy Ice","You & Me","You & Me",43,158418,TRUE,0.635,-5.968,0,0.255,0.509,0,0.135,0.548,177.055,4,15,"underground_heavy_hybrid",0.5
33857,"5ZGzNhBC1sEtYtQ1b6Cy53","Teen Suicide","i will be my own hell because there is a devil inside my body","no, the moon",56,152169,FALSE,0.281,-12.809,0,0.0312,0.994,0.844,0.273,0.214,107.51,4,15,"underground_heavy_hybrid",0.75
33860,"2VBluJiNj9bKohWX0dY1Lh","Paramore","Paramore","Last Hope",63,309973,FALSE,0.711,-6.178,1,0.0265,0.00411,0.000548,0.164,0.255,101.46,4,15,"underground_heavy_hybrid",0.46
33894,"0BSoCXkyG8bIlCv4JjmfeN","Pee Wee Gaskins","The Sophomore","Welcoming the Sophomore",34,200359,FALSE,0.921,-5.439,1,0.049,0.0572,0,0.373,0.717,94.958,4,15,"underground_heavy_hybrid",0.79
33895,"0Q86Hjkkm0yf5bmu4hLVI4","Coheed and Cambria","The Color Before The Sun","Peace To The Mountain",33,393466,FALSE,0.647,-7.571,1,0.0232,0.0498,1.16e-05,0.167,0.403,87.004,4,15,"underground_heavy_hybrid",0.67
33902,"0fv588tfsYm9y3tleN8P2Z","916frosty","waiting","waiting",45,200782,TRUE,0.694,-6.084,0,0.125,0.282,0,0.119,0.146,101.983,4,15,"underground_heavy_hybrid",0.68
33913,"500rrRPwBWD2slEEljcha2","XXXTENTACION","? (Deluxe)","SAD!",47,166605,TRUE,0.613,-4.88,1,0.145,0.258,0.00372,0.123,0.473,75.023,4,15,"underground_heavy_hybrid",0.36
33932,"1fs21IqOwL6zsdOdWUOcM2","Disme;Nebbia","Malverde","Freddo",34,168512,TRUE,0.691,-7.512,0,0.224,0.0243,0,0.116,0.182,97.621,4,15,"underground_heavy_hybrid",0.7
33937,"1MWvhPd1Oju80pchgb4Hm1","The Swellers","Good For Me","Runaways",33,169973,FALSE,0.98,-3.801,0,0.149,0.000916,3.28e-06,0.362,0.521,186.712,4,15,"underground_heavy_hybrid",0.64
33940,"2wEORIRuWHDESxHOPUZ4dq","Medooza;PAWLIE POIZN","Starý Kazety","Starý Kazety",33,267977,FALSE,0.526,-9.523,0,0.0597,0.735,0,0.12,0.697,144.065,4,15,"underground_heavy_hybrid",0.9
33941,"76YEs6nLQW4ngaO4DOMNTd","Pee Wee Gaskins;Muhammad Syaifullah","Salute To 90's","Dan (feat. Tuantigabela$)",33,215225,FALSE,0.899,-1.161,1,0.044,0.000405,1.46e-05,0.128,0.79,154.935,4,15,"underground_heavy_hybrid",0.61
33954,"4cKIHfKSJdskQH18fybe7r","PHARAOH","Pink Phloyd","Одинокая звезда",44,194899,TRUE,0.519,-8.479,0,0.154,0.23,0,0.0996,0.27,149.261,4,15,"underground_heavy_hybrid",0.76
33959,"6t44iU80A0h8WQ7vc4OoRj","Paramore","After Laughter","Fake Happy",64,235706,FALSE,0.626,-5.685,1,0.0458,0.076,6.54e-06,0.168,0.44,98.559,4,15,"underground_heavy_hybrid",0.62
33961,"7IhouSjZ0H5W3fYd5zpPvn","✦ pink cig ✦;Emo Fruits","Beautiful Strangers","Angeldust",58,190868,TRUE,0.389,-8.834,0,0.0352,0.226,0,0.108,0.124,118.047,4,15,"underground_heavy_hybrid",0.56
33964,"0KQ1LhU7vGiXqn7eAw1nfl","Meg & Dia","Something Real & Here, Here and Here","Monster",56,161333,FALSE,0.834,-3.856,0,0.0596,0.00164,1.19e-05,0.149,0.424,192.005,4,15,"underground_heavy_hybrid",0.84
33996,"4X0fU1n8SLoXdk9Y6KTaw1","CPM 22","Ao Vivo no Rock In Rio","Irreversível - Ao Vivo",33,254489,FALSE,0.989,-5.431,1,0.1,0.000546,7.63e-06,0.733,0.541,92.345,4,15,"underground_heavy_hybrid",0.81
33998,"47rAeVs9CO6z4WNeuRppgV","NX Zero","NX Zero","Tarde Demais",34,242133,FALSE,0.881,-2.648,0,0.0305,0.144,0,0.125,0.321,128.039,4,15,"underground_heavy_hybrid",0.64
34003,"08kTa3SL9sV6Iy8KLKtGql","Prateek Kuhad","Kasoor","Kasoor",70,197549,FALSE,0.497,-7.175,1,0.0256,0.0285,5.36e-06,0.0799,0.444,107.047,4,2,"indie_soul_rock",0.61
34005,"3hRV0jL3vUpRrcy398teAU","Lord Huron","Strange Trails","The Night We Met",83,208211,FALSE,0.369,-9.514,1,0.038,0.969,0.279,0.639,0.102,87.01,3,2,"indie_soul_rock",0.77
34008,"3A04b0nJb2nAzGUw2rqDsI","Achint","Scam 1992 Theme Music","Scam 1992 Theme Music",54,86206,FALSE,0.486,-11.45,0,0.0249,0.00411,0.277,0.34,0.454,87.045,4,2,"indie_soul_rock",0.86
34020,"5DyYcwMw0f6z3FefXNLOHv","Salim–Sulaiman;Sonu Nigam;Shreya Ghoshal;Jaideep Sahni","Aaja Nachle","Ishq Hua",57,263026,FALSE,0.745,-7.914,0,0.108,0.657,0.00552,0.117,0.751,87.452,4,2,"indie_soul_rock",0.39
34021,"5NORWMFC27ywGSZxi8uquP","The Lumineers","Cleopatra","Ophelia",79,160097,FALSE,0.573,-6.519,1,0.0277,0.613,0.000363,0.0857,0.566,76.023,4,2,"indie_soul_rock",0.5
34028,"4w2W5Gh1GjbbSWGF0TD2iC","Kailash Kher;Mounima","Baahubali - The Beginning","Kaun Hain Voh",59,197984,FALSE,0.742,-8.229,0,0.0844,0.333,1.39e-05,0.0825,0.372,147.014,3,2,"indie_soul_rock",0.57
34036,"7wKwX3QFmx3icbH7iKVPe4","Kabir Cafe","Panchrang","Matkar Maya Ko Ahankar",54,365672,FALSE,0.517,-6.289,1,0.0257,0.613,1.28e-05,0.138,0.614,107.475,1,2,"indie_soul_rock",0.42
34038,"5aQe0faFOjeskrHwpleXLJ","When Chai Met Toast","Yellow Paper Daisy","Yellow Paper Daisy",55,199772,FALSE,0.442,-10.485,1,0.0303,0.775,0.000132,0.0818,0.687,105.829,4,2,"indie_soul_rock",0.39
34041,"555NYWQ1PbmLJiTW6XFwtr","Raghu Dixit","Just Maath Maathali","Munjaane Manjalli",52,340244,FALSE,0.505,-8.671,1,0.0381,0.421,0,0.0918,0.28,113.706,4,2,"indie_soul_rock",0.34
34042,"7nr3RAMpV11jb07Rw2sfzk","Nusrat Fateh Ali Khan;Afternight Vibes","Revamped, Vol. 3 (Remix)","Dil Pe Zakham Khate Hain",58,284514,FALSE,0.55,-7.747,0,0.189,0.173,0.433,0.0937,0.497,101.953,4,2,"indie_soul_rock",0.59
34044,"6D3vmtskO4RbZP3bBIDY3X","Salim–Sulaiman;Sukhwinder Singh;Marianne D'Cruz;Jaideep Sahni","Chak De India","Chak De India",55,283951,FALSE,0.894,-8.544,0,0.0993,0.54,1.55e-05,0.141,0.799,104.985,4,2,"indie_soul_rock",0.59
34049,"7EIuaWFdD2GovJs3pGcYFN","The Lumineers","Christmas Day Chill","Blue Christmas",0,182703,FALSE,0.22,-8.31,1,0.0298,0.742,6.09e-06,0.115,0.274,102.771,3,2,"indie_soul_rock",0.35
34055,"0ekuaPp7dcww2tlJsa3imW","Salim–Sulaiman;Ayisha Abdul Basith;Salim Merchant","Salaam","Salaam",38,306994,FALSE,0.468,-8.218,0,0.0305,0.762,0,0.0869,0.353,139.97,4,2,"indie_soul_rock",0.59
34056,"0q1EaeaqfLBLqRvlkSbYi9","Papon;Harrlin","Kyon (Lofi Flip)","Kyon - Lofi Flip",51,97822,FALSE,0.419,-11.27,1,0.0358,0.403,0.129,0.133,0.183,99.169,4,2,"indie_soul_rock",0.59
34069,"0OWzDem8abfJvWpQcssjIE","Salim–Sulaiman;Krishna;Jaideep Sahni","Chak De India","Maula Mere Lele Meri Jaan",52,288365,FALSE,0.41,-10.372,1,0.0277,0.941,0.000717,0.125,0.516,115.003,1,2,"indie_soul_rock",0.68
34071,"0fcZ3nL9h1PV4mZKngBYxf","Vidhi Sharma","Ram Stuti (Shri Ram Chandra Kripalu Bhajman)","Ram Stuti - Shri Ram Chandra Kripalu Bhajman",51,384235,FALSE,0.819,-3.356,1,0.0231,0.441,5.2e-06,0.11,0.501,99.989,1,2,"indie_soul_rock",0.68
34079,"64Xa40JF6SZScjZgCTY3KA","Nusrat Fateh Ali Khan;Afternight Vibes","Revamped, Vol. 3 (Remix)","Hai Kahan Ka Irada",51,325829,FALSE,0.748,-6.434,1,0.0846,0.117,2.69e-05,0.154,0.457,88.457,4,2,"indie_soul_rock",0.58
34087,"5GJPqaqlCSN19ReZ3Hmue4","When Chai Met Toast","When We Feel Young","When We Feel Young",50,266393,FALSE,0.7,-6.661,1,0.0271,0.267,0.0187,0.117,0.317,87.508,4,2,"indie_soul_rock",0.63
34091,"2Z7jgbfY2gggLzTiwzGVUy","Vance Joy","rainy day indie","Catalonia",1,218306,FALSE,0.801,-4.638,0,0.0544,0.32,0,0.308,0.696,199.792,4,2,"indie_soul_rock",0.37
34097,"0BNfmNj23fWWufyAIeX9aO","Divya Kumar","Absolute D Imman","Yaamili Yaamiliya (From ""Laabam"")",0,262073,FALSE,0.835,-5.727,1,0.0784,0.238,0,0.0797,0.513,150.057,4,2,"indie_soul_rock",0.57
34108,"2ZH9LPIKLzTvgZi2AKmKQi","Raghu Dixit;Anne Amie","Koode","Aararo",46,247590,FALSE,0.224,-10.918,1,0.032,0.878,1.27e-05,0.0932,0.194,165.559,4,2,"indie_soul_rock",0.32
34110,"3OoivGRgydZVFGzXh77rEA","Divya Kumar","ABCD 2","Hey Ganaraya",45,292799,FALSE,0.933,-7.034,1,0.257,0.607,0.0302,0.0595,0.429,118.871,4,2,"indie_soul_rock",0.64
34116,"1iIPI8CWallsW53fL9hwQh","Nusrat Fateh Ali Khan","Dil Galti Kar Baitha Hai","Dil Galti Kar Baitha Hai",47,512774,FALSE,0.574,-9.646,0,0.1,0.921,0.0111,0.243,0.741,89.989,4,2,"indie_soul_rock",0.73
34117,"788Lp6lHrCrxJAZvS2l9YZ","Salim–Sulaiman;Benny Dayal;Himani Kapoor;Amitabh Bhattacharya","Band Baaja Baaraat","Dum Dum",50,310987,FALSE,0.812,-7.938,1,0.0471,0.0634,0.00146,0.114,0.906,99.994,4,2,"indie_soul_rock",0.38
34137,"2DxsGXCFkJvTz7Dv8lgOhd","Runa Laila","Gharaonda","Tumhen Ho Na Ho",46,313186,FALSE,0.47,-11.142,1,0.0376,0.847,5.86e-06,0.0663,0.718,86.684,4,2,"indie_soul_rock",0.38
34138,"7J0E3iSjAxIdQtArstSfIJ","Raghu Dixit;Siddhartha Belmannu;Rakshita Suresh","Ninna Sanihake (Original Motion Picture Soundtrack)","Nee Parichaya",46,218017,FALSE,0.608,-10.187,0,0.0368,0.639,7.55e-06,0.0873,0.361,116.043,4,2,"indie_soul_rock",0.17
34157,"0WzODQag2H6Ob1JPOpSYSM","Raghu Dixit","Psycho (Original Motion Picture Soundtrack)","Eno Ide",45,342230,FALSE,0.373,-11.386,1,0.0334,0.847,0.0225,0.0938,0.404,125.96,4,2,"indie_soul_rock",0.67
34158,"7eTy1IzCaICfm6JYy1BV4u","Prateek Kuhad","cold/mess","with you/for you",46,231897,FALSE,0.317,-13.775,1,0.0358,0.812,0.149,0.106,0.33,114.078,4,2,"indie_soul_rock",0.47
34168,"3upIaTAwzeD5ijPJe44ceD","Fossils","Fossils 4","Khnoro Aamar Fossil",45,332403,FALSE,0.77,-6.787,0,0.0434,0.195,0,0.151,0.428,140.616,4,2,"indie_soul_rock",0.7
34171,"5aJfbWiKcwC4Fh7ymbKHHy","Raghu Dixit","Aanandam (Original Motion Picture Soundtrack)","Khule Reston Pe",44,150261,FALSE,0.425,-11.083,1,0.0438,0.84,0.00115,0.0972,0.29,161.89,4,2,"indie_soul_rock",0.7
34176,"5bzf1xrbqr1ttjAJuRz2xY","The Lumineers","Cleopatra","Cleopatra",68,201413,FALSE,0.775,-6.765,1,0.0394,0.228,0.000143,0.0947,0.485,151.393,4,2,"indie_soul_rock",0.49
34186,"5JuEJHeydYTaObYY1h9MgA","Tom Petty","Обратно в клас - rock","Free Fallin'",0,255680,FALSE,0.504,-11.562,1,0.025,0.0614,0,0.06,0.568,84.335,4,2,"indie_soul_rock",0.67
34210,"6HSXNV0b4M4cLJ7ljgVVeh","Bob Dylan","Pat Garrett & Billy The Kid (Soundtrack From The Motion Picture)","Knockin' On Heaven's Door",73,149880,FALSE,0.396,-13.061,1,0.0299,0.251,0.177,0.11,0.229,140.208,4,2,"indie_soul_rock",0.59
34219,"4BppmhMgZbObWXLwFRxOjC","The Head And The Heart","Feeling Good - Adult Pop Favorites","Don't Dream It's Over",0,219517,FALSE,0.73,-4.934,1,0.0315,0.0824,2.03e-06,0.105,0.348,84.142,4,2,"indie_soul_rock",0.5
34221,"3lvo0I8c2qBJDLZWqExDgC","Brandi Carlile","rainy day indie","Throwing Good After Bad",0,247791,FALSE,0.0952,-12.931,1,0.054,0.963,1.58e-05,0.0915,0.316,138.016,4,2,"indie_soul_rock",0.36
34226,"4Ehcei57INqVEzvgiIHbUZ","Tom Petty and the Heartbreakers","Holiday Tunes 2022","Christmas All Over Again",0,253626,FALSE,0.838,-6.196,1,0.0423,0.0956,0,0.473,0.619,138.908,4,2,"indie_soul_rock",0.67
34245,"4bLCib4WnSGbkPTx6hln2x","Steely Dan","On air 70's Hits","Reelin' In The Years",0,275466,FALSE,0.758,-9.92,1,0.0363,0.115,0,0.109,0.706,135.349,4,2,"indie_soul_rock",0.41
34248,"0sL9GKpJKZRngHncF2r0Rg","Tom Petty and the Heartbreakers","Home At Christmas","Christmas All Over Again",0,253626,FALSE,0.838,-6.196,1,0.0423,0.0956,0,0.473,0.619,138.908,4,2,"indie_soul_rock",0.52
34267,"5zIbFWvDGS9hI83uvfmBdf","Nusrat Fateh Ali Khan;A1Melodymaster","Reformed","Fasle Gul",45,270632,FALSE,0.711,-6.841,1,0.0395,0.0858,0.00211,0.0945,0.494,109.974,4,2,"indie_soul_rock",0.4
34271,"16168M9xvIA5FqGlurQfsv","Salim–Sulaiman;Harshdeep Kaur;Labh Janjua;Amitabh Bhattacharya","Band Baaja Baaraat","Baari Barsi",43,282697,FALSE,0.596,-10.061,0,0.204,0.105,5.43e-06,0.318,0.786,109.947,4,2,"indie_soul_rock",0.57
34281,"37EmIfnVUgFO947tDJKbRp","Parthiv Gohil","Dandiya Dance Mix","Sanedo Sanedo",40,342987,FALSE,0.862,-8.654,1,0.116,0.193,1.07e-05,0.32,0.496,130.055,4,2,"indie_soul_rock",0.67
34286,"0Jo9q8aprinSXSST7kY3nc","The Mamas & The Papas","Fiesta temática 60s","Twist And Shout",0,173306,FALSE,0.538,-6.61,1,0.0249,0.8,5.69e-05,0.104,0.708,96.04,4,2,"indie_soul_rock",0.61
34287,"10ek2hmSZSB1MxXTSLWV78","Don McLean","Best 70s Rock Tunes","If We Try",1,215226,FALSE,0.403,-12.425,1,0.0303,0.674,0,0.103,0.48,109.62,4,2,"indie_soul_rock",0.3
34307,"6fZ3OaJywyAGw4Lytc1nkv","Papon;Shreya Ghoshal;Rochak Kohli;R. D. Burman","Music Teacher","Rimjhim Gire Saawan",39,263020,FALSE,0.419,-7.974,0,0.0312,0.845,0,0.106,0.402,109.948,4,2,"indie_soul_rock",0.89
34324,"4mjjr1EeynuE236oOWeEMK","Dhruv Ghanekar;Mame Khan","Mitho Laage (The Dewarists, Season 5)","Mitho Laage - The Dewarists, Season 5",40,280000,FALSE,0.708,-5.567,1,0.0736,0.106,0,0.1,0.628,96.122,4,2,"indie_soul_rock",0.74
34336,"7mEARhzD4N9nXPGxCWuBvT","Divya Kumar;Ashish Kulkarni;Devdutta Manisha Baji","Fatteshikast","Woh Maseehan Aa Gaya hai",40,329476,FALSE,0.728,-6.389,1,0.06,0.252,1.18e-05,0.0945,0.657,172.995,1,2,"indie_soul_rock",0.56
34341,"1yWoLQD7RwwUgO7ZWJtHf6","MAR ABERTO","Telegrama","Telegrama",51,236162,FALSE,0.226,-14.557,1,0.128,0.423,0,0.0889,0.487,92.434,4,2,"indie_soul_rock",0.7
34343,"0e5LcankE0UyJUuCoq1uH2","Steve Miller Band","Fishing Music","The Joker",0,264503,FALSE,0.448,-9.616,1,0.0396,0.365,5.22e-06,0.207,0.796,83.293,4,2,"indie_soul_rock",0.35
34349,"2KM8qFw8vlV0m0HFBBoNxm","Steve Miller Band","Halloween Party 2022","Abracadabra",0,308373,FALSE,0.534,-13.261,0,0.0355,0.0749,1.99e-06,0.156,0.963,127.488,4,2,"indie_soul_rock",0.64
34350,"1fEGtTZjrjJW8eUeewnNJR","Iron & Wine","The Shepherd's Dog","Flightless Bird, American Mouth",69,241917,FALSE,0.403,-7.996,1,0.0259,0.827,0.0541,0.106,0.177,154.899,3,2,"indie_soul_rock",0.39
34371,"0wzThSEGQOnrGtFnyxGSMZ","Flower Face","Baby Teeth","Angela",58,284143,FALSE,0.126,-13.868,1,0.0327,0.926,3.36e-06,0.0992,0.102,99.892,3,2,"indie_soul_rock",0.73
34377,"1y7FoHfVtbZV6mONGJgU7j","Prateek Kuhad","The Way That Lovers Do","Hollow",40,204373,FALSE,0.31,-13.122,1,0.0413,0.845,0.0569,0.111,0.0474,114.812,4,2,"indie_soul_rock",0.84
34379,"5dJB5XK434AJSVX0NAlbsO","Kuldeep Manak","Masti Manak Di","Tere Nak Da Koka",41,87092,FALSE,0.603,-6.737,0,0.0909,0.902,0,0.554,0.96,82.796,4,2,"indie_soul_rock",0.73
34382,"70C4NyhjD5OZUMzvWZ3njJ","Billy Joel","Piano Man (Legacy Edition)","Piano Man",77,339000,FALSE,0.55,-6.483,1,0.0272,0.605,3.96e-06,0.192,0.429,177.734,3,2,"indie_soul_rock",0.53
34389,"0T1XfLc0ZuHTlRhImDiw7w","Sheppard","Pop Christmas 2022","Christmas Without You",0,237135,FALSE,0.579,-8.332,1,0.0342,0.308,1.55e-06,0.0846,0.394,80.004,3,2,"indie_soul_rock",0.32
34392,"5aF9fM2bw3aJ55B04lLfW9","Nathaniel Rateliff & The Night Sweats","Home At Christmas","Santa Baby",0,200669,FALSE,0.299,-11.236,1,0.0485,0.776,0,0.104,0.66,89.955,4,2,"indie_soul_rock",0.49
34396,"2wwYEAmYVc9wyIHjVG111K","Stealers Wheel","On air 70's Hits","Stuck In The Middle With You",0,205306,FALSE,0.759,-4.472,1,0.0348,0.134,9.56e-05,0.0531,0.96,124.201,4,2,"indie_soul_rock",0.36
34397,"7MmCtSgteCZnHA40oOSGSp","Stealers Wheel","Fiesta temática 70s","Stuck In The Middle With You",0,205306,FALSE,0.759,-4.472,1,0.0348,0.134,9.56e-05,0.0531,0.96,124.201,4,2,"indie_soul_rock",0.33
34428,"5KGYDSI57XnX1xqxhOvW2Q","Mahalia","Sad Girls","Plastic Plants",0,199533,FALSE,0.441,-7.645,1,0.156,0.636,7.68e-05,0.114,0.752,135.947,4,2,"indie_soul_rock",0.41
34462,"39KS96tkCoJMz9P5m1ZqHT","Raghu Dixit;Haricharan","Psycho (Original Motion Picture Soundtrack)","Ninna Poojege Bande Mahadeshwara",37,253753,FALSE,0.721,-11.59,0,0.167,0.336,1.41e-06,0.169,0.728,99.896,4,2,"indie_soul_rock",0.75
34476,"7LdUTzOChvJJbJPZNhJj5X","Hollow Coves","Evermore","Evermore",60,223846,FALSE,0.482,-9.917,1,0.0269,0.592,0.00448,0.078,0.335,78.987,4,2,"indie_soul_rock",0.78
34490,"02IW65kQC100srRSE5poWs","The Monkees","Maintain Your Mojo","(I'm Not Your) Steppin' Stone",0,144253,FALSE,0.625,-6.375,1,0.0317,0.016,0.000253,0.118,0.367,131.319,4,2,"indie_soul_rock",0.52
34493,"21Y2IgF2u7IpXSjmOMYO90","Pouca Vogal","Pouca Vogal (Ao Vivo)","Refrão de Bolero (Ao Vivo)",48,182146,FALSE,0.435,-8.348,0,0.0354,0.724,8.81e-05,0.746,0.311,150.154,4,2,"indie_soul_rock",0.58
34506,"794CtxRRtPthMlWTy6T1U2","Papon;Hopun Saikia","Haate Haat Dhori","Haate Haat Dhori",36,228926,FALSE,0.463,-8.773,1,0.0647,0.774,0.00269,0.0961,0.526,164.794,3,2,"indie_soul_rock",0.69
34514,"15aUq0ClcOIR3yQ9fSItaO","Nusrat Fateh Ali Khan","Best Urdu Qawwalies","Mast Nazron Se Allah Bachaye",38,380796,FALSE,0.806,-6.665,1,0.0837,0.152,0,0.502,0.613,105.124,4,2,"indie_soul_rock",0.49
34518,"0TAGwi2JsXjxebn1lW2qXP","Nusrat Fateh Ali Khan","Nusrat Fateh Ali Khan, Vol. 32","Kinna Sohna Tenu",37,627362,FALSE,0.623,-8.324,1,0.0758,0.276,1.9e-06,0.366,0.691,109.318,4,2,"indie_soul_rock",0.58
34521,"5RsFEHEEI0111kCS8aHRLf","Nusrat Fateh Ali Khan;Afternight Vibes","Revamped, Vol. 2 (Remix)","Gardeshon Ke Hain Marey",38,252004,FALSE,0.631,-9.01,1,0.0486,0.00458,0.00123,0.138,0.427,85.962,4,2,"indie_soul_rock",0.73
34537,"36NwMJRaCy7x77xYGJiG2M","Allman Brothers Band","Fishing Music","Midnight Rider",1,177960,FALSE,0.589,-9.922,1,0.036,0.21,0.00703,0.15,0.638,189.486,4,2,"indie_soul_rock",0.77
34542,"7q5n3GOK0ckWY1udaSNFXt","Pretenders","Holly Jolly Christmas","2000 Miles - 2007 Remaster",0,220426,FALSE,0.709,-9.052,1,0.0303,0.00292,0.0267,0.102,0.452,99.303,3,2,"indie_soul_rock",0.36
34551,"7a7gUCiBV0dgXziowAlR96","Vancouver Sleep Clinic;Amelia Magdalena","As It Was","As It Was",59,190000,FALSE,0.308,-14.567,0,0.0453,0.909,0.0566,0.11,0.136,143.603,4,2,"indie_soul_rock",0.6
34554,"4oSLCsucmfdBkgAzZLVo5c","Papon","Best Of Luck","Mathu Tumi",36,311562,FALSE,0.536,-9.217,1,0.0266,0.498,0.000155,0.305,0.575,119.985,4,2,"indie_soul_rock",0.63
34567,"6Fha6tXHkL3r9m9nNqQG8p","Vance Joy","Dream Your Life Away","Georgia",62,230506,FALSE,0.66,-7.372,1,0.0308,0.312,0.000307,0.0943,0.401,143.554,4,2,"indie_soul_rock",0.62
34569,"6Zz5CiVpQk2Fz2nV8m3YQm","The Lumineers","Cleopatra","Angela",60,201785,FALSE,0.563,-8.23,1,0.0305,0.649,0.000347,0.11,0.289,130.366,4,2,"indie_soul_rock",0.41
34573,"2MfwT3SKUyF0na2LCa2fCp","Flower Face","The Shark in Your Water","Cornflower Blue",57,188864,FALSE,0.215,-9.886,1,0.0335,0.807,0.000125,0.0921,0.0415,75.862,3,2,"indie_soul_rock",0.4
34574,"6klFWv2xDGeTDoiKTtx4hg","Matt Maltese","Good Morning It's Now Tomorrow","Everyone Adores You (at least I do)",68,203133,FALSE,0.427,-9.037,1,0.0242,0.747,0.105,0.0984,0.111,73.801,4,2,"indie_soul_rock",0.4
34584,"5hCPyBJTeFoMj5B9RhlxoY","Kailash Kher;Vishnupriya Ravi","Chitralahari (Original Motion Picture Soundtrack)","Prayathname",36,167812,FALSE,0.606,-9.087,0,0.0509,0.396,1.78e-05,0.168,0.289,96.062,4,2,"indie_soul_rock",0.76
34585,"7BVwi9cIzSc6tpyxsp47vJ","Vance Joy","Dream Your Life Away","Mess Is Mine",64,223640,FALSE,0.723,-8.256,1,0.0349,0.047,0.0286,0.0995,0.272,108.043,1,2,"indie_soul_rock",0.64
34586,"0dTqACDUQt7SrBJhzh9V2N","Seafret","Anywhere from Here","Valentine",44,216391,FALSE,0.385,-8.495,1,0.0262,0.909,0,0.0632,0.372,144.58,4,2,"indie_soul_rock",0.77
34592,"7gDNQLV9cr8449LFrQbk5J","Gregory Alan Isakov","Evening Machines","San Luis",68,272346,FALSE,0.434,-12.755,0,0.0349,0.86,0.257,0.115,0.254,82.459,4,2,"indie_soul_rock",0.69
34616,"2ImegcJfmRAUExdSm4tzqG","Nusrat Fateh Ali Khan","Kande Utte Mehrman Way Vol. 40","Je Toon Akhian De Samne Nahin Rehna",36,587906,FALSE,0.728,-12.82,1,0.071,0.221,0,0.408,0.771,110.385,4,2,"indie_soul_rock",0.43
34617,"3cqeFHqx2y05J7skmbc743","When Chai Met Toast","When We Feel Young","Remember",35,251709,FALSE,0.357,-12.748,1,0.0278,0.924,0.186,0.12,0.223,82.003,4,2,"indie_soul_rock",0.47
34618,"7v1xAlV5uwWSawlbs6TdD7","Papon","Qarib Qarib Singlle","Tu Chale Toh",36,213968,FALSE,0.514,-7.908,0,0.0656,0.655,1.25e-06,0.134,0.611,115.677,4,2,"indie_soul_rock",0.56
34619,"3ePd4K8tcdfr7KmbuOTrKK","Novo Amor","Woodgate, NY","From Gold",62,214335,FALSE,0.433,-13.313,1,0.0364,0.92,0.646,0.0937,0.0432,100.253,4,2,"indie_soul_rock",0.71
34624,"2RiBogNRfulkNf7fVbPOrJ","Vance Joy","Nation of Two","Saturday Sun",71,214720,FALSE,0.864,-4.381,1,0.0468,0.484,0,0.222,0.706,99.995,4,2,"indie_soul_rock",0.54
34627,"5CalS8Gn69OOrR9aiw0ZO9","The Head And The Heart","Living Mirage","Honeybee",67,196055,FALSE,0.52,-7.886,1,0.0387,0.118,0.000509,0.552,0.488,136.014,4,2,"indie_soul_rock",0.54
34637,"5bHzv7vwApROsBQFEqkZOP","Kibariye","Dört Mevsim","Buz",46,278569,FALSE,0.679,-5.956,0,0.101,0.347,0,0.05,0.629,158.939,4,2,"indie_soul_rock",0.34
34645,"5z7GGdAezDWdJxBlAM4Hkf","Steppenwolf","On air 70's Hits","Hey Lawdy Mama - Single Version",0,178760,FALSE,0.831,-12.373,1,0.0615,0.0195,2.41e-05,0.0635,0.511,98.813,4,2,"indie_soul_rock",0.78
34650,"1HuDXYtgswNFzkaOXIicuZ","Nusrat Fateh Ali Khan","Saja Hai Maikhana","Saja Hai Maikhana",36,486922,FALSE,0.653,-8.985,0,0.0326,0.341,0.00102,0.456,0.685,104.111,4,2,"indie_soul_rock",0.53
34658,"4VmWfFp2jmMv3FccGdsE71","Papon","Jonaki Raati","Phagunare Pasuwa Baa",34,328594,FALSE,0.396,-11.889,1,0.0388,0.842,0.00078,0.367,0.423,139.695,4,2,"indie_soul_rock",0.45
34668,"54hj06Z7sm7DaHSrGGMAZG","Lord Huron","Strange Trails","Meet Me In the Woods",60,262209,FALSE,0.926,-6.759,0,0.0446,0.387,0.456,0.0667,0.604,80.501,1,2,"indie_soul_rock",0.5
34672,"7MIMNleq34UeRnlLRdPpGY","Hollow Coves","The Woods (Acoustic)","The Woods - Acoustic",63,239960,FALSE,0.558,-8.553,1,0.0278,0.724,0.000331,0.116,0.287,104.991,4,2,"indie_soul_rock",0.49
34682,"11X4Gw3T4hoktVruLgTnm1","José González","Veneer","Heartbeats",66,160240,FALSE,0.15,-16.746,1,0.0338,0.974,0.735,0.0698,0.314,87.956,4,2,"indie_soul_rock",0.68
34683,"3r6AJfqJ44FepL26lwLMPf","Ready Kirken","Asi se něco děje","1+1",46,209186,FALSE,0.713,-6.619,1,0.0526,0.0836,0.00707,0.099,0.904,175.004,4,2,"indie_soul_rock",0.52
34725,"3f3dwmSjblge9Bq5RL2v8Q","Sergio Galleguillo Y Los Amigos","En Vivo","Zamba de la Bailarina - En Vivo",44,176493,FALSE,0.672,-8.064,1,0.0566,0.652,0,0.762,0.548,108.299,3,2,"indie_soul_rock",0.77
34735,"08VZ3ycsCq1LfabZjdRLg4","Nico;uChill","Slowed + Reverbed 2022","These Days - Slowed + Reverb",0,263316,FALSE,0.131,-18.6,1,0.0338,0.973,0.124,0.116,0.107,74.655,4,2,"indie_soul_rock",0.53
34753,"0f4X5ktEPrwnYNsTFpRXpA","Papon","Uduli Muduli","Uduli Muduli",33,269343,FALSE,0.479,-11.016,1,0.0353,0.511,0.000361,0.241,0.626,136.952,3,2,"indie_soul_rock",0.7
34774,"11TK5KLtLZUdKr1C549bAw","Drew Holcomb & The Neighbors","Good Light","What Would I Do Without You",64,172213,FALSE,0.336,-11.106,1,0.0369,0.883,0.0017,0.143,0.335,90.894,4,2,"indie_soul_rock",0.65
34775,"7iQmjnDXYngWGsbjVnDc1U","Gregory Alan Isakov","The Weatherman","Amsterdam",67,198640,FALSE,0.429,-12.51,1,0.0283,0.921,0.135,0.115,0.532,152.047,3,2,"indie_soul_rock",0.53
34778,"2yxX3D2lhl2BYASh1NvKPl","Nosstress","Perspektif Bodoh, Vol. 1","Smoking Kills",43,282070,FALSE,0.605,-6.109,1,0.0271,0.302,0.000347,0.227,0.675,125.02,4,2,"indie_soul_rock",0.43
34782,"6rPMeCHIEOJQK5vL7mPCSS","Campedrinos","Festivalero","Festivalero",44,183613,FALSE,0.897,-3.892,0,0.108,0.251,0,0.0527,0.964,100.091,4,2,"indie_soul_rock",0.82
34789,"5sGFvenxnClUZ6cV89v6Gh","Campedrinos;Sergio Galleguillo","Festivalero","Febrero Es Carnaval",44,205973,FALSE,0.933,-2.824,1,0.212,0.455,0,0.105,0.845,95.983,4,2,"indie_soul_rock",0.45
34794,"1uDCw6LVMOmbZ6zRliNcNX","The Civil Wars","Christmas Country Songs 2022","I Heard The Bells On Christmas Day",0,154440,FALSE,0.145,-14.504,0,0.0422,0.872,9.68e-06,0.107,0.218,90.078,4,2,"indie_soul_rock",0.64
34799,"2ZYRiFEv1F363SSoQRVlwN","The Pogues;Kirsty MacColl","Holly Jolly Christmas","Fairytale of New York (Edit) - Radio Edit",0,275896,FALSE,0.346,-14.313,1,0.0417,0.648,0.000139,0.0511,0.358,117.916,3,2,"indie_soul_rock",0.41
34819,"6Vejmu5dz6MMOnn2pIko9q","Axel Flóvent","Forest Fires","Forest Fires",63,210924,FALSE,0.295,-12.255,0,0.0299,0.701,1.08e-05,0.121,0.152,117.967,4,2,"indie_soul_rock",0.67
34821,"7DZ8n63a46dU6iUyN9OeRl","Passenger","The Way That I Love You","The Way That I Love You - single version",56,159761,FALSE,0.323,-13.239,1,0.0347,0.714,1.93e-05,0.118,0.472,120.861,4,2,"indie_soul_rock",0.44
34826,"27hhIs2fp6w06N5zx4Eaa5","The Mamas & The Papas","The Papas & The Mamas","Dream A Little Dream Of Me",72,194426,FALSE,0.313,-13.138,1,0.0519,0.791,1.5e-06,0.0727,0.349,92.515,4,2,"indie_soul_rock",0.57
34829,"6qXkYUVsWTNKnrUQHeGgA8","Divya Kumar;Enbee;Jasleen Royal","Veere Di Wedding (Original Motion Picture Soundtrack)","Laaj Sharam",33,201332,FALSE,0.789,-7.473,1,0.0622,0.0418,4.68e-05,0.161,0.842,179.977,4,2,"indie_soul_rock",0.7
34831,"0ooea8ptVQNZehNygA91ng","OUTROEU","Nós Dois","Nós Dois",44,176030,FALSE,0.78,-5.696,0,0.0262,0.0187,0.00109,0.255,0.794,132.021,4,2,"indie_soul_rock",0.53
34833,"4oOmRoG2lWjv6COrTT8Z28","ANAVITÓRIA","N","quem vai dizer tchau",45,198220,FALSE,0.372,-9.889,1,0.0272,0.559,0.000493,0.199,0.35,129.012,4,2,"indie_soul_rock",0.78
34836,"7nzeIh8kUdieUBLPXch9wi","Hafdís Huld","Vögguvísur","Góða nótt",45,132446,FALSE,0.175,-11.86,1,0.0325,0.954,0,0.115,0.635,99.902,3,2,"indie_soul_rock",0.29
34848,"4I2O6pV4gNBw6iteh0UPU0","The Pogues;Kirsty MacColl","Merry Christmas","Fairytale of New York (Edit) - Radio Edit",0,275896,FALSE,0.346,-14.313,1,0.0417,0.648,0.000139,0.0511,0.358,117.916,3,2,"indie_soul_rock",0.76
34850,"6aF4I3c26SowhiDCZLUqAY","Salim–Sulaiman;Pawandeep Rajan","Jai Ho Bhole","Jai Ho Bhole",33,228909,FALSE,0.514,-7.964,1,0.0288,0.653,0,0.0828,0.425,102.891,1,2,"indie_soul_rock",0.73
34852,"7gUpHwmxXyJ4JVra6UHpKA","Vancouver Sleep Clinic","Middle Of Nowhere","Middle Of Nowhere",58,402654,FALSE,0.425,-11.412,1,0.0327,0.502,0.00196,0.0873,0.183,123.747,4,2,"indie_soul_rock",0.63
34856,"63hdFZIL9g8LYE41aBuWHS","Fossils","Fossils 4","Haajar Bichhana",32,414629,FALSE,0.886,-6.101,1,0.0466,0.00721,0,0.146,0.306,136.014,4,2,"indie_soul_rock",0.65
34866,"06UypXw9fT0eW1m2WCB4T9","Nusrat Fateh Ali Khan;Afternight Vibes","Revamped, Vol. 2 (Remix)","Mast Nazron Se Allah Bachaye",36,179435,FALSE,0.685,-10.429,0,0.358,0.0225,0,0.161,0.544,87.88,4,2,"indie_soul_rock",0.21
34868,"2vZ2CUXoqBUUknYiM6o9aE","Nusrat Fateh Ali Khan;Afternight Vibes","Revamped, Vol. 3 (Remix)","Woh Hata Rahe Hain Parda",36,291448,FALSE,0.836,-5.74,1,0.289,0.057,0.00166,0.211,0.498,91.994,4,2,"indie_soul_rock",0.85
34885,"4TUMZBtQISdb2NUiaEMemd","Silvia Infantas Y Los Condores","Chile Tipico Vol.3 Camino De Luna","La Consentida",43,127613,FALSE,0.553,-8.527,0,0.0361,0.512,0,0.15,0.894,113.668,3,2,"indie_soul_rock",0.77
34886,"01ACdIbLskndpj7q5pMfh4","Andrew Bird","Chill Christmas Dinner","Christmas In April",0,211346,FALSE,0.304,-10.509,1,0.0342,0.825,0.0182,0.145,0.301,90.495,3,2,"indie_soul_rock",0.77
34890,"5Nc2SsX7qFymhcA6dStJdQ","Andrew Bird","Calm Christmas","Christmas In April",0,211346,FALSE,0.304,-10.509,1,0.0342,0.825,0.0182,0.145,0.301,90.495,3,2,"indie_soul_rock",0.42
34926,"341Tb27KBs8zzlRqaC9GvR","Adam Melchor","Refresh - Pop To Cool Down","Last Time",0,193972,FALSE,0.556,-11.351,1,0.102,0.714,0.0439,0.287,0.409,146.057,4,2,"indie_soul_rock",0.47
34962,"4Uzt7S2w2FWj4hC0iVlcKU","When Chai Met Toast","Believe","Who Are You",32,288403,FALSE,0.72,-6.791,1,0.0431,0.201,0.327,0.106,0.403,91.581,4,2,"indie_soul_rock",0.41
34964,"5t3Uyzbw2XISfoks8ujnIC","Yoke Lore","Beige (unburdened)","Beige (unburdened)",61,196493,FALSE,0.296,-9.815,1,0.0902,0.826,1.05e-05,0.093,0.243,80.13,4,2,"indie_soul_rock",0.69
34978,"1XojvsvPtUsG4SqgHiGiGX","Campedrinos","Zamba para Decir Adiós","Zamba para Decir Adiós",43,234347,FALSE,0.273,-9.398,1,0.0361,0.711,0,0.145,0.442,141.755,3,2,"indie_soul_rock",0.54
34985,"22hj3eliCcB4X54rVXPjxL","Son Mieux","Herbststimmung","Dancing at the Doors of Heaven",0,189093,FALSE,0.928,-5.75,1,0.0321,0.082,6.47e-06,0.324,0.888,133.03,4,2,"indie_soul_rock",0.54
34992,"4TNuw8GNp7t83YtgIwJVv0","hiperkarma","A NAPSÜTÖTTE RÉSZ","RÁD TALÁLT",43,192000,FALSE,0.805,-3.647,0,0.0793,0.196,0,0.153,0.673,163.998,4,2,"indie_soul_rock",0.48
37001,"5knuzwU65gJK7IF5yJsuaW","Clean Bandit;Sean Paul;Anne-Marie","Rockabye (feat. Sean Paul & Anne-Marie)","Rockabye (feat. Sean Paul & Anne-Marie)",75,251088,FALSE,0.763,-4.068,0,0.0523,0.406,0,0.18,0.742,101.965,4,7,"groove_dancehall",0.64
37018,"54toa3frFPD8yJdINp9hp1","Anitta;Swae Lee","New RnB","Poquito",0,175670,TRUE,0.851,-4.03,1,0.125,0.508,0,0.309,0.609,144.832,4,7,"groove_dancehall",0.53
37023,"6QvYmrqFKRSVrcVgvoA7Ar","Red Hot Chili Peppers","All That Really Matters - Just Hits","Tippa My Tongue",4,260808,FALSE,0.913,-6.52,0,0.0409,0.00861,0.0273,0.114,0.795,88.418,4,7,"groove_dancehall",0.54
37030,"6AluW3gfSIILKjUdKjPJoF","Anitta","Tropical Vibes","Envolver",0,193805,FALSE,0.733,-5.417,0,0.0847,0.15,0.00186,0.0909,0.397,91.988,4,7,"groove_dancehall",0.56
37033,"1tRpraJDpEUl0HjnkMosqx","Red Hot Chili Peppers","Top of the Rock","Black Summer",3,232412,FALSE,0.682,-5.071,1,0.0295,0.0267,0.000669,0.109,0.351,105.542,4,7,"groove_dancehall",0.21
37046,"47dUWyurHWefCpINwcvit2","Red Hot Chili Peppers","Pop Hits Now","Black Summer",0,232412,FALSE,0.682,-5.071,1,0.0295,0.0267,0.000669,0.109,0.351,105.542,4,7,"groove_dancehall",0.35
37054,"1x5sYLZiu9r5E43kMlt9f8","Clean Bandit;Zara Larsson","Symphony (feat. Zara Larsson)","Symphony (feat. Zara Larsson)",75,212459,FALSE,0.629,-4.581,0,0.0563,0.259,1.6e-05,0.138,0.457,122.863,4,7,"groove_dancehall",0.41
37087,"0OCa1PunDKY1cfsiiD7UzA","Stevie Wonder","Soulful Christmas","One Little Christmas Tree",0,161693,FALSE,0.377,-11.717,1,0.0597,0.764,0,0.272,0.717,92.23,4,7,"groove_dancehall",0.53
37094,"6sPGhhIVlRNOErn8AC2663","Stevie Wonder","Classic Christmas Music 2022","Someday At Christmas",0,169293,FALSE,0.536,-6.04,1,0.0323,0.614,0,0.251,0.218,101.483,4,7,"groove_dancehall",0.66
37112,"5Oh0WdiogFJP8iqNMez6Lq","Stevie Wonder","80s Bangers Vol. 1","I Just Called To Say I Love You - Single Version",2,260613,FALSE,0.564,-8.67,1,0.0236,0.179,0,0.0931,0.672,113.528,4,7,"groove_dancehall",0.5
37114,"3Onhy5g3mo0laU0Ny1PycZ","Stevie Wonder","Christmas Dinner 2022","One Little Christmas Tree",0,161693,FALSE,0.377,-11.717,1,0.0597,0.764,0,0.272,0.717,92.23,4,7,"groove_dancehall",0.61
37117,"3gkwsu7aHT9WLFkl2Q0RPX","Stevie Wonder","Soul Christmas Greatest Hits","Someday At Christmas",0,170746,FALSE,0.514,-6.726,1,0.0365,0.649,0,0.11,0.222,67.644,5,7,"groove_dancehall",0.48
37119,"2mQMVfhQFNACyM24qbrXl5","Stevie Wonder","pov: you bake cookies","What Christmas Means To Me",0,147800,FALSE,0.614,-8.05,1,0.0363,0.202,0,0.0802,0.751,82.229,4,7,"groove_dancehall",0.68
37120,"4YZFBZr3x5kEWRhKDU6WYz","Stevie Wonder","Classic Christmas 2022","The Little Drummer Boy",0,185453,FALSE,0.448,-13.53,1,0.0593,0.442,0,0.111,0.351,134.511,4,7,"groove_dancehall",0.36
37130,"7zJ9QW6qw89mJAtzEDzzai","Stevie Wonder","A Very 60s Christmas","What Christmas Means To Me",0,147800,FALSE,0.614,-8.05,1,0.0363,0.202,0,0.0802,0.751,82.229,4,7,"groove_dancehall",0.68
37146,"7ADdVyYqlbtVYVGm35p6CO","Stevie Wonder","Best Christmas Playlist Ever 2022","What Christmas Means To Me",0,147800,FALSE,0.614,-8.05,1,0.0363,0.202,0,0.0802,0.751,82.229,4,7,"groove_dancehall",0.32
37156,"6kPJZM97LwdG9QIsT7khp6","Clean Bandit;Demi Lovato","Solo (feat. Demi Lovato)","Solo (feat. Demi Lovato)",71,222653,FALSE,0.636,-4.546,0,0.0437,0.0441,6.66e-05,0.35,0.565,105.005,4,7,"groove_dancehall",0.37
37160,"6mAEGwvlMfcBoljHZfKttI","Clean Bandit;French The Kid;Rema","From The Ashes - New Beats","Sad Girls",0,163472,TRUE,0.847,-7.808,1,0.0956,0.254,2.14e-05,0.339,0.529,115.016,4,7,"groove_dancehall",0.56
37169,"4cxXHl9buGjMJpF2x8KRX6","Clean Bandit;Rita Ora;KYLE","Good Enough - Easy Pop","Nowhere",0,226040,FALSE,0.624,-6.024,0,0.0344,0.0575,2.08e-06,0.208,0.755,100.015,4,7,"groove_dancehall",0.44
37191,"6jBJxgXRdySGfOjzJKbMYt","Ice Cube","Bad Boy Club","Why We Thugs",0,224106,TRUE,0.59,-5.423,1,0.391,0.323,0,0.148,0.664,98.079,4,7,"groove_dancehall",0.69
37199,"1g3CdJPxXVYk2r9VTUgMNX","Marvin Gaye","(60's) Sixties Collected Volume 2","I Heard It Through The Grapevine - Single Version",0,192266,FALSE,0.45,-7.503,0,0.0396,0.199,3.14e-06,0.0739,0.664,118.455,4,7,"groove_dancehall",0.56
37201,"2grjqo0Frpf2okIBiifQKs","Earth, Wind & Fire","The Best Of Earth, Wind & Fire Vol. 1","September",83,215093,FALSE,0.832,-7.264,1,0.0298,0.168,0.00131,0.269,0.979,125.926,4,7,"groove_dancehall",0.3
37216,"2aibwv5hGXSgw7Yru8IYTO","Red Hot Chili Peppers","Stadium Arcadium","Snow (Hey Oh)",80,334666,FALSE,0.9,-3.674,1,0.0499,0.116,1.75e-05,0.119,0.599,104.655,4,7,"groove_dancehall",0.52
37219,"3IAfUEeaXRX9s9UdKOJrFI","Anitta","Envolver","Envolver",84,193805,FALSE,0.736,-5.421,0,0.0833,0.152,0.00254,0.0914,0.396,91.993,4,7,"groove_dancehall",0.75
37243,"3iZEhKaTMWl2W9IPh8mITL","Mc Kevin;DJ Negret","Mensagem 2","Mensagem 2",54,151578,FALSE,0.767,-7.073,0,0.0705,0.36,0,0.091,0.725,94.897,4,7,"groove_dancehall",0.5
37255,"3d9DChrdc6BOeFsbrZ3Is0","Red Hot Chili Peppers","Blood Sugar Sex Magik (Deluxe Edition)","Under the Bridge",82,264306,FALSE,0.345,-13.496,1,0.0459,0.0576,0.000105,0.141,0.458,84.581,4,7,"groove_dancehall",0.52
37291,"7pe5uLgTTJwaCkbMyJT6Qq","INXS","Hits Pop Rock 90's","Elegantly Wasted",1,272506,FALSE,0.781,-3.98,1,0.0443,0.00124,0.0138,0.0796,0.787,110.014,4,7,"groove_dancehall",0.51
37307,"2SU8oUjV8T8BEKqJYbVFou","Rudimental;Anne-Marie;Tion Wayne","Hot Mix Pop","Come Over",1,206657,FALSE,0.672,-6.135,1,0.0477,0.0442,0.0027,0.149,0.561,131.978,4,7,"groove_dancehall",0.48
37313,"0P92G94rnQ2gFaxuMGfKsu","Rudimental;Rita Ora","Am I Ready - Pop Night Out","Summer Love",0,258140,TRUE,0.724,-6.263,1,0.0458,0.174,0.00321,0.149,0.279,159.916,4,7,"groove_dancehall",0.62
37318,"3urkfnML0dfP4UIO9SBSUN","Rudimental;Jess Glynne;Macklemore;Dan Caplen","Coffee Chill","These Days",1,211760,FALSE,0.798,-4.084,1,0.045,0.188,0,0.15,0.576,92.209,4,7,"groove_dancehall",0.4
37321,"1Hr0rfY2ZxxmSgZJwQEAhm","Mc IG","Quem Acordou, Acordou","Quem Acordou, Acordou",51,152470,TRUE,0.424,-7.413,1,0.317,0.127,0,0.125,0.834,113.472,5,7,"groove_dancehall",0.58
37328,"53DZTymdCwUwL9yJdqSLjR","Mc Davi","Tudo No Privê","Tudo No Privê",50,211200,FALSE,0.547,-8.916,0,0.15,0.551,0,0.0967,0.456,149.951,4,7,"groove_dancehall",0.34
37335,"7dTWdIfi4ywqquu0aJCrad","Tz da Coronel;Caio Passos","Vida de Rei","Vida de Rei",52,192863,TRUE,0.526,-6.305,0,0.0592,0.264,0,0.116,0.516,112.017,4,7,"groove_dancehall",0.48
37359,"00Ofee5Bbfstz49RfSL0oM","Gloria Groove;Sorriso Maroto","LADY LESTE","TUA INDECISÃO",51,230907,FALSE,0.692,-6.82,1,0.0371,0.6,0,0.214,0.724,141.917,4,7,"groove_dancehall",0.81
37374,"0uUgBV4rY00nkgG2PeIBuq","Sanchezz DJ;MC Meno Dani;DJ PANDISK;DJ GUSTAVO DA VS;DJ Jeeh FDC","MEGA FUNK VOLTEI PRA CACHORRADA X COCOTA FEIA PRA CARALHO (feat. DJ GUSTAVO DA VS & DJ Jeeh FDC)","MEGA FUNK VOLTEI PRA CACHORRADA X COCOTA FEIA PRA CARALHO (feat. DJ GUSTAVO DA VS & DJ Jeeh FDC)",50,200630,TRUE,0.768,-5.607,1,0.393,0.151,0,0.32,0.4,124.962,4,7,"groove_dancehall",0.42
37380,"5IT7XxS3ioreEHQ2QYvMvI","DJ Arana","EU SOU O MAGO: Á ORIGEM","EU SOU O MAGO: Á ORIGEM",50,234552,TRUE,0.794,-5.437,1,0.134,0.212,0.0079,0.449,0.34,131.966,4,7,"groove_dancehall",0.59
37382,"0LEsbrfyc3hIaj1uuGs7pc","George Benson","80's","Give Me the Night (Single Version)",0,298080,FALSE,0.801,-6.409,1,0.0611,0.476,0.0126,0.387,0.856,110.132,4,7,"groove_dancehall",0.59
37383,"0H1pXo2rOF0oVP1egktsuk","Mc Kevin;DJ Negret;Dj Luan MPC","Passado & Presente","Vida Longa",49,190423,TRUE,0.446,-10.838,0,0.195,0.37,0,0.14,0.327,138.971,4,7,"groove_dancehall",0.52
37388,"7iWku14DAw9BS3mftbVEeK","James Brown","70s Christmas Party","Go Power At Christmas Time",0,189652,FALSE,0.68,-4.586,1,0.0684,0.436,0,0.142,0.805,49.211,3,7,"groove_dancehall",0.47
37395,"2vVVKj5p0Lb3Kc3Grs37Ls","James Brown","A Very 60s Christmas","Santa Claus Go Straight To The Ghetto",0,181052,FALSE,0.61,-6.101,1,0.0446,0.481,0,0.203,0.812,139.608,4,7,"groove_dancehall",0.54
37403,"2GqCEJpzmD81AJ2H0Hyz5T","MC Kaique da VP","Taca a Xereca pra Mim","Taca a Xereca pra Mim",63,260832,TRUE,0.449,-7.409,1,0.061,0.0184,0,0.123,0.491,130.04,4,7,"groove_dancehall",0.64
37414,"3XsnWRMGM7gooBbdY6huSr","DJ Lg do Sf;GORDÃO DO PC;DJ 2K DO TAQUARIL;MC Garoto;Mc Leozin","Bebel","Bebel",47,132048,TRUE,0.616,-0.079,1,0.0602,0.691,0.00106,0.139,0.803,129.811,4,7,"groove_dancehall",0.53
37423,"22LjfafJJbajmRvtsSTGcZ","KayBlack;MC Ryan SP;Nagalli;WEY","Não É Conselho, É Visão","Não É Conselho, É Visão",49,224000,TRUE,0.707,-6.417,0,0.0865,0.0866,0,0.173,0.463,90.26,4,7,"groove_dancehall",0.32
37424,"3mKmbi4o7JIIr6lc6lF4Md","MC Hariel;MC Ryan SP;DJ Luan Beat 7;MC Marks;Mc Kanhoto;Mc Magal;Chris Helv","Quantos Não Dava Nada","Quantos Não Dava Nada",48,396000,FALSE,0.6,-7.386,0,0.579,0.727,0,0.0919,0.557,127.667,5,7,"groove_dancehall",0.52
37429,"4EO1KrWmRDAaj71pEtKCuC","Dj Victor;Mc Kadu;Mc Paiva ZS;MC G10","Patraozão","Patraozão",48,279272,FALSE,0.41,-7.652,1,0.425,0.759,0,0.0916,0.652,112.372,4,7,"groove_dancehall",0.56
37431,"5Akb1w6HGjt4O7Ynha61gN","Mc Vzs;DJ Vilão","Medley Vale das Sombras","Medley Vale das Sombras",49,295714,TRUE,0.535,-4.714,1,0.45,0.407,0,0.202,0.76,111.949,4,7,"groove_dancehall",0.35
37437,"6dL5J3pfax49nEyvqz0ZcU","Rick James","Halloween 2022","Super Freak",0,204600,FALSE,0.796,-6.866,0,0.0527,0.079,0,0.0503,0.944,132.528,4,7,"groove_dancehall",0.58
37441,"50ScQSopF80pIkO3ZpWJri","Mc Kevin;Mc Don Juan","Cavalinho","Cavalinho",48,152036,FALSE,0.464,-5.135,0,0.172,0.332,0,0.16,0.49,120.002,4,7,"groove_dancehall",0.59
37442,"3F8dSAI8l3euloq5a8EenB","Faith No More","Maintain Your Mojo","Epic",0,293933,FALSE,0.899,-7.069,0,0.134,0.0112,0.122,0.195,0.27,174.298,4,7,"groove_dancehall",0.42
37446,"6f0BCLXP3ZZYnl8TmaoWCd","The Supremes","Rockin' Around The Christmas Tree 2022","Silver Bells - Stereo",0,179266,FALSE,0.344,-10.95,1,0.0272,0.586,9.84e-06,0.144,0.304,75.683,3,7,"groove_dancehall",0.47
37447,"2KXCPIak6A0jbTiMfoY4Sr","Mc Kevin;Dj Luan MPC;DJ Glenner","A Última","A Última",48,192000,FALSE,0.589,-4.292,0,0.449,0.241,0,0.102,0.629,126.802,5,7,"groove_dancehall",0.34
37451,"54X78diSLoUDI3joC2bjMz","Prince","Purple Rain","Purple Rain",75,520786,FALSE,0.452,-10.422,1,0.0307,0.0353,0.00228,0.689,0.189,113.066,4,7,"groove_dancehall",0.51
37453,"2avKuMN2QXkaG9vvHa2JLt","Limp Bizkit","Chocolate Starfish And The Hot Dog Flavored Water","Take A Look Around",74,321040,FALSE,0.852,-5.607,1,0.046,0.0175,0.306,0.0935,0.512,101.968,4,7,"groove_dancehall",0.58
37454,"2wVQcA1YCuGL6EW0QbgVoV","Clean Bandit;A7S","Everything But You (feat. A7S)","Everything But You (feat. A7S)",70,198014,FALSE,0.764,-5.301,1,0.0391,0.031,9.05e-06,0.0951,0.471,124.977,4,7,"groove_dancehall",0.39
37463,"1GmcAwGupJea9KVsSXRGEo","Chaka Khan","80's","Ain't Nobody",0,245133,FALSE,0.766,-12.393,0,0.0457,0.223,6.34e-05,0.116,0.724,104.8,4,7,"groove_dancehall",0.6
37473,"1qnCh4pnEt4Rd6DEePwS08","Four Tops","Christmas Soul Classics","Have Yourself A Merry Little Christmas",0,230706,FALSE,0.322,-9.226,1,0.0255,0.647,0,0.347,0.191,80.164,4,7,"groove_dancehall",0.48
37476,"53qyJwZ8xbHr1DIOx45tGW","Chaka Khan","Gourmet Soul","Ain't Nobody",0,280853,FALSE,0.878,-7.109,1,0.0434,0.189,0.000104,0.14,0.816,104.282,4,7,"groove_dancehall",0.49
37490,"4bmFTB79L8PUgBgNvXL3ra","The Supremes","A Very 60s Christmas","Little Bright Star - Stereo",0,146000,FALSE,0.774,-6.769,1,0.0564,0.549,0,0.103,0.553,115.007,4,7,"groove_dancehall",0.51
37498,"52u5RRaWoi6S6X41aKNw85","The Supremes","Blinding Lights","If My Friends Could See Me Now/Nothing Can Stop Us Now/Once In A Lifetime - Medley/Live On The Ed Sullivan Show, February 15, 1970",0,198965,FALSE,0.579,-9.583,0,0.0391,0.54,7.25e-05,0.981,0.707,77.15,4,7,"groove_dancehall",0.44
37501,"1dtTRXifeGC51adYy0902s","Yung Bae;bbno$;Billy Marchiafava","Bad Boy","Bad Boy",62,187570,FALSE,0.82,-4.807,0,0.0728,0.032,4.76e-06,0.0706,0.781,118.04,4,7,"groove_dancehall",0.47
37504,"6eCmK3GQyFuTNWCJHsaF9d","Clean Bandit;Topic;Wes Nelson","Drive (feat. Wes Nelson)","Drive (feat. Wes Nelson)",71,179374,FALSE,0.571,-7.189,0,0.085,0.0624,1.63e-06,0.094,0.771,125.994,4,7,"groove_dancehall",0.52
37507,"6JSedYl1Y7I5Wax8A1UYM9","Mc Davi;MC Ryan SP;Gaab","Me Deixou Só (Acústico)","Me Deixou Só (Acústico)",46,241666,TRUE,0.598,-5.412,1,0.0887,0.264,0,0.206,0.746,117.048,4,7,"groove_dancehall",0.41
37508,"1p4bk0gDn8ItJF182RwkMQ","DJ Cayoo","Mec Mec 2","Mec Mec 2",47,114461,FALSE,0.673,-6.028,0,0.466,0.609,1.24e-06,0.033,0.891,130.015,4,7,"groove_dancehall",0.31
37514,"1jjmqxL4LmMpjEqOQCAZfT","Salvador Da Rima;MC Ryan SP","Conto as Horas","Conto as Horas",47,170666,TRUE,0.528,-5.919,0,0.51,0.318,0,0.193,0.434,89.97,4,7,"groove_dancehall",0.68
37516,"3dkXSYgqtNE3BlLendqGnU","2T;Chris Beats Zn;Tz da Coronel;SoudCrime","Favelado Chique","1.5.7",49,163000,TRUE,0.635,-6.033,0,0.0393,0.0327,0,0.422,0.236,119.942,5,7,"groove_dancehall",0.42
37523,"15PW92VF2PYTODv1sHgXpD","MC Ryan SP;Dj Gabriel do Borel","Paraíso da Revoada","Paraíso da Revoada",47,258993,TRUE,0.551,-7.397,1,0.369,0.024,0,0.391,0.573,190.074,4,7,"groove_dancehall",0.5
37525,"0BefNxXD09wJy0pkerQQik","MC Ryan SP;Cynthia Luz;Pedro Lotto;Chris MC","Coração Terra de Ninguém","Ciúmes",47,269803,TRUE,0.707,-6.132,1,0.123,0.0757,0,0.105,0.699,152.96,4,7,"groove_dancehall",0.44
37534,"1F950jjYRddZh4gcJDKTYo","MC Hariel","Chora Agora, Ri Depois","Guindaste",46,162139,TRUE,0.523,-7.926,0,0.276,0.508,0,0.0947,0.599,143.982,4,7,"groove_dancehall",0.64
37538,"5JXvoEZEgcU8In4etecfrh","MC Igão;MC Meno K;Dj Chulo","Que Saudade Que Eu To","Que Saudade Que Eu To",48,151384,TRUE,0.499,-2.584,1,0.119,0.161,0,0.101,0.721,82.16,5,7,"groove_dancehall",0.62
37539,"7j0cTjB4Vk5MiRlp8IQB8x","P.O.D.","Timeless Rock Hits","Youth of the Nation",0,257398,FALSE,0.897,-6.147,1,0.0645,0.00377,0.0116,0.392,0.473,97.851,4,7,"groove_dancehall",0.58
37550,"2iH1dTkVI0pdFMSfLd4MaW","MC Ingryd;Mandragora","Vapo Vapo (Remix)","Vapo Vapo (Remix)",60,160112,TRUE,0.886,-3.6,1,0.138,0.00117,0.000805,0.0797,0.0393,149.966,4,7,"groove_dancehall",0.64
37552,"7q6lr1W6cmGWijl5kCv5RG","Eazy-E","It's On (Dr. Dre) 187um Killa","Real Muthaphuckkin G's",50,332626,TRUE,0.797,-4.611,0,0.285,0.0174,0,0.62,0.731,170.444,4,7,"groove_dancehall",0.4
37569,"50rPuH2ycZ8TqREI6gOzIW","MC Meno K;DJ Gbeats","Camisa do Brasil","Camisa do Brasil",45,185538,FALSE,0.64,-3.665,0,0.0844,0.206,0,0.392,0.626,130.197,4,7,"groove_dancehall",0.49
37578,"5x2STIzWAYohcaKuxohIGa","Atitude 67","Atitude 67 (Ao Vivo)","Vou Te Escrever Um Rap - Ao Vivo",48,190440,FALSE,0.823,-6.298,1,0.0859,0.561,0,0.767,0.765,161.885,4,7,"groove_dancehall",0.52
37580,"5ep36BTpB6EzmwswU2vPJl","Tasha & Tracie;CESRV","Diretoria","Rouff",48,117936,FALSE,0.647,-6.462,0,0.535,0.363,0,0.227,0.711,142.043,4,7,"groove_dancehall",0.4
37582,"0qQ2C3H8rZSYFhF1dZfnIi","Dj Arthur Almeida","MEGA FUNK - TU TAVA NA REVOADA","MEGA FUNK - TU TAVA NA REVOADA",46,314877,TRUE,0.528,-10.891,1,0.472,0.145,0.000672,0.156,0.553,122.028,4,7,"groove_dancehall",0.39
37586,"4osjIuJmxVYQN7YCtuWaPB","Curtis Mayfield","Slow Down Soul","Keep on Trippin'",0,197600,FALSE,0.504,-14.537,1,0.101,0.779,0.174,0.228,0.736,112.922,4,7,"groove_dancehall",0.49
37598,"6OBf2yazP1S970cVUgw4OI","DJ Arthur ZL;DJ Arana","AUTOMOTIVO DA FELICIDADE","AUTOMOTIVO DA FELICIDADE",47,264960,FALSE,0.984,-1.504,1,0.322,0.0786,0.000323,0.107,0.0396,129.9,4,7,"groove_dancehall",0.59
37601,"2dCmGcEOQrMQhMMS8Vj7Ca","Rick James","Street Songs (Deluxe Edition)","Super Freak",75,205466,FALSE,0.794,-8.245,0,0.0531,0.22,0,0.0575,0.962,132.446,4,7,"groove_dancehall",0.34
37605,"1f9lD5VdRIGdSihiIwOFSx","Xamã;Jailhouse;Neo Beats","Malvadão 2","Malvadão 2",47,149112,FALSE,0.595,-9.781,1,0.0714,0.282,0.000117,0.112,0.911,130.019,4,7,"groove_dancehall",0.49
37623,"2bP9oZ2M09JjMCnYtyTDez","MC Rhamon;Mc Galvão;DJ Alle Mark","Vale da Sombra","Vale da Sombra",45,234352,FALSE,0.487,-5.89,1,0.39,0.274,0,0.113,0.62,169.888,4,7,"groove_dancehall",0.52
37629,"5gKj4kvEU63pGvXPRZrFXD","Dj Victor;Mc Kadu;MC Ryan SP;MC Cebezinho;Mc Jean;Mc Kanhoto;Mc Daniel","Chapa de Licor","Chapa de Licor",45,352000,FALSE,0.452,-5.237,0,0.729,0.597,0,0.0825,0.729,119.364,5,7,"groove_dancehall",0.49
37633,"0jms2T9rX2UO85zEZd65Nu","MC Neguinho do Kaxeta;MC Marks","A Vitória","A Vitória",45,225600,FALSE,0.598,-6.467,0,0.0865,0.264,0,0.295,0.477,133.489,5,7,"groove_dancehall",0.38
37635,"5DG4dGVLEmul9xSv7mEun6","Trilha Sonora do Gueto","Purke Tudu Num Mundu É Vaidade","Face Oculta",46,309916,FALSE,0.582,-7.91,1,0.455,0.429,0,0.358,0.883,82.652,4,7,"groove_dancehall",0.55
37638,"4BlanWzCPtPDniBMEZG72v","Mc Kelvinho;MC Menor da VG;Mc Ruzika;Dj Nene","Obrigado Meu Deus","Obrigado Meu Deus",45,284137,FALSE,0.406,-10.18,0,0.268,0.0633,0,0.0981,0.509,173.92,4,7,"groove_dancehall",0.47
37646,"69CosxPHBUhsVCwt6r5gcJ","Mc Kadu;Mc Romeo;Kotim;Mc Lele JP;Mc Dena;Love Funk","É Na Madruga","É Na Madruga",44,259764,TRUE,0.469,-8.252,1,0.425,0.201,0,0.041,0.693,170.037,4,7,"groove_dancehall",0.32
37648,"5o592RqGm4wuhfCGlxNtuR","MC Hariel;Mc Lele JP;MC Neguinho do Kaxeta","Avisa que é o Funk","Favela Pede Paz",45,215730,FALSE,0.65,-5.237,0,0.481,0.37,0,0.0873,0.378,87.947,4,7,"groove_dancehall",0.76
37653,"3W2reBya7FkjHCP1B2nmQr","Red Hot Chili Peppers","Return of the Dream Canteen","Peace and Love",67,243224,TRUE,0.679,-6.076,1,0.0423,0.00495,0.00861,0.0953,0.867,83.821,4,7,"groove_dancehall",0.7
37654,"5rRi4RW8F99U24EAS2Cdte","LUDMILLA","Vem amor","Vem amor",45,132000,FALSE,0.704,-2.182,1,0.226,0.133,0,0.135,0.689,86.453,5,7,"groove_dancehall",0.73
37668,"5Lpng2G5cFmswU5MCOmjA1","KayBlack","Bandido Mau","Bandido Mau",44,150062,TRUE,0.597,-5.85,0,0.411,0.417,0,0.0797,0.532,119.96,4,7,"groove_dancehall",0.44
37690,"3AhotTd61YSUaIvPDVkmsf","DJ Arthur ZL","COCOTA FEIA PRA CARALHO","COCOTA FEIA PRA CARALHO",45,192075,FALSE,0.976,0.83,0,0.293,0.31,0,0.439,0.747,130.043,4,7,"groove_dancehall",0.58
37705,"7nnWIPM5hwE3DaUBkvOIpy","Incubus","Make Yourself","Drive",75,232453,FALSE,0.792,-7.34,0,0.036,0.0562,0.0121,0.119,0.666,90.565,4,7,"groove_dancehall",0.56
37713,"1EPm9nur0OUn444yTjkNvY","Xamã;Bagua Records;Portugal No Beat;Xavi","Zodíaco","Peixes",46,159344,TRUE,0.636,-4.99,0,0.0897,0.107,0,0.127,0.647,122.05,4,7,"groove_dancehall",0.48
37714,"00B7SBwrjbycLMOgAmeIU8","Red Hot Chili Peppers","Return of the Dream Canteen","Reach Out",66,251588,FALSE,0.71,-5.55,0,0.0599,0.00745,0.00559,0.147,0.487,120.984,4,7,"groove_dancehall",0.53
37722,"18GyOllB82uQAy7C03p5i8","Tchakabum","Explosão","Explosão",45,182693,FALSE,0.9,-4.3,1,0.0913,0.508,0.000911,0.345,0.828,136.051,3,7,"groove_dancehall",0.58
37729,"3eQhNXztp70161CD4mgdFv","DJ DN;MC Torugo","Dentro da Casa de Show","Dentro da Casa de Show",44,144000,TRUE,0.546,-2.029,1,0.443,0.631,0.000113,0.119,0.703,130.835,4,7,"groove_dancehall",0.51
37749,"4g34PaexNa5sTssgHuAFM8","Mc Kadu;Dj Nene","Desenvolto","Desenvolto",43,128000,TRUE,0.46,-5.27,0,0.159,0.738,0,0.088,0.439,119.741,5,7,"groove_dancehall",0.55
37754,"0GjeAmrsQQuyc5UOguhSkj","Xamã;Bagua Records;CMK;Major RD","O Iluminado","Taxi Drive",46,200470,TRUE,0.682,-6.528,0,0.375,0.0554,0,0.194,0.632,170.097,3,7,"groove_dancehall",0.55
37769,"6yoEBvEehjyf8JHHrlqgOj","MC Hariel","Pirâmide Social - Spotify Singles","Pirâmide Social - Spotify Singles",43,198281,FALSE,0.686,-6.537,0,0.17,0.654,0,0.14,0.836,96.072,4,7,"groove_dancehall",0.39
37781,"1qHOuyguj3oPBkd6MTnEO3","Mc Kevin;MC Ryan SP;MC GP;Mc Lele JP;Mc IG;Dj Nene","Donos da Capital","Donos da Capital",43,376526,TRUE,0.782,-0.73,0,0.0778,0.0589,0,0.314,0.571,166.862,4,7,"groove_dancehall",0.46
37784,"6y55451hqhafsFGl4KHi8f","Mc Kautry;DJ Guh Mix","Amigo Prateado","Amigo Prateado",45,183000,FALSE,0.468,-4.221,0,0.261,0.139,0,0.0832,0.507,106.544,5,7,"groove_dancehall",0.53
37826,"0JBlB87v8DaQS60V7m3T7V","MC Saci;GORDÃO DO PC;DJ TH DO PRIMEIRO","Isso É Porte de Bandido","Isso É Porte de Bandido",42,166153,TRUE,0.904,0.105,1,0.296,0.521,0,0.301,0.767,130.139,4,7,"groove_dancehall",0.62
37831,"79GgWm5EjKgv2GkgoYqSr6","Leo Santana","Inovando","10 Beijos De Rua",45,186440,FALSE,0.759,-3.994,0,0.037,0.462,0,0.25,0.711,122.025,4,7,"groove_dancehall",0.6
37837,"6Sq25M0UA2iX5CUgntaEY2","Furacão 2000;MC Marcinho","Clássicos do Funk, Vol. 1 (Ao Vivo)","Rap do Solitário - Ao Vivo",43,345605,FALSE,0.829,-8.357,0,0.275,0.00518,0,0.37,0.613,125.049,4,7,"groove_dancehall",0.83
37840,"57n605a9nDDzchHanKhP0u","Lucas Lucco","O Destino (Bonus Track Version)","11 Vidas",45,189893,FALSE,0.622,-5.78,1,0.03,0.804,0,0.155,0.457,140.021,4,7,"groove_dancehall",0.48
37854,"6U3PUhdhUHMM8lBqmIg2Ro","Xamã;Damassaclan;Neo Beats","Malvadão","Malvadão",45,149956,TRUE,0.851,-5.015,0,0.284,0.216,0,0.293,0.923,93.363,4,7,"groove_dancehall",0.73
37872,"1Sfy6ZDSpQIrBFmYCUITyd","Jão","LOBOS (Deluxe)","Me Beija Com Raiva",44,196658,FALSE,0.677,-5.739,0,0.0669,0.271,0,0.102,0.483,150.027,4,7,"groove_dancehall",0.57
37881,"7LuwWSHa1OLcLlyfXEAPqL","MC Ryan SP;MC Hariel","Hat-Trick do Tubarão","O Dia Chegou",43,166153,TRUE,0.587,-6.267,0,0.114,0.383,0,0.691,0.797,130.039,4,7,"groove_dancehall",0.42
37889,"7AlExLnELa4tPExzwqf91R","Smokey Robinson & The Miracles","70s Christmas Party","Jingle Bells",0,167733,FALSE,0.676,-7.482,1,0.0384,0.335,0,0.125,0.963,103.554,4,7,"groove_dancehall",0.63
37899,"0B88ZwGCujSnIgnVzzqW5l","Smokey Robinson & The Miracles","A Very 70s Christmas","Deck The Halls / Bring A Torch, Jeannette, Isabella - Medley",0,248760,FALSE,0.446,-10.986,1,0.0272,0.345,3e-05,0.378,0.47,101.524,4,7,"groove_dancehall",0.65
37903,"0esCYvF5PDw6Mkv7JaidO3","BIN","Conexão","Conexão",44,135754,TRUE,0.331,-9.593,0,0.467,0.786,1.45e-05,0.109,0.779,139.835,4,7,"groove_dancehall",0.37
37906,"3XrzApq8R10O6WwNwMw8t4","Deniece Williams","The Best Of Deniece Williams: Gonna Take A Miracle","Silly",44,357360,FALSE,0.241,-14.872,1,0.0323,0.89,0.00386,0.141,0.404,115.163,3,7,"groove_dancehall",0.62
37917,"5u0xPA27MDStaMSUCJ6iLN","Mc Gw;DJ NEGRESKO;Igor vilão","Os Mlk do Momento","Os Mlk do Momento",42,147816,TRUE,0.755,-3.521,1,0.0594,0.0985,0.00144,0.127,0.184,129.884,4,7,"groove_dancehall",0.54
37919,"57WhksJeKPrlWBScoir5Jn","Mc Kevin","Folgada","Folgada",42,240047,TRUE,0.529,-5.581,0,0.0391,0.0922,0,0.0939,0.384,110.051,4,7,"groove_dancehall",0.68
37920,"4BedjJsVJvrmSnVr8rLcSU","Mc Kevin;DJ Negret","Mina de Fé","Mina de Fé",42,189000,FALSE,0.533,-9.711,0,0.155,0.392,0,0.117,0.424,159.966,4,7,"groove_dancehall",0.46
37925,"46WkQqx5LpVRB0rl0ZeQLw","Mc Felipe Boladão","Residência dos Loucos","Residência dos Loucos",42,152032,TRUE,0.787,-4.928,1,0.198,0.525,0,0.16,0.619,131.074,4,7,"groove_dancehall",0.66
37937,"2jI4ABmHk9XZjYmy3EPfN9","MC Rogerinho","Na Pressão","Cheirosa",44,176770,FALSE,0.598,-2.849,0,0.0453,0.0926,3.73e-06,0.0509,0.889,130.008,4,7,"groove_dancehall",0.47
37940,"5J7fw04ZUbiK1Q6jDHftKf","Dj Wesley Gonzaga;MC Fahah;MC Saci;Mc Rodrigo CN","Faz no Vinte e Dois o Que Não Fez no Vinte e Um","Faz no Vinte e Dois o Que Não Fez no Vinte e Um",42,161587,TRUE,0.721,-3.051,1,0.34,0.66,1.02e-06,0.328,0.682,86.571,5,7,"groove_dancehall",0.72
37942,"35W98rX4oGmjWAl59SKvwU","MC Ryan SP","Eai! Como Cê Tá?","Eai! Como Cê Tá?",42,221538,FALSE,0.646,-4.599,0,0.381,0.391,0,0.35,0.625,130.33,4,7,"groove_dancehall",0.51
37948,"4sbR19WEgjJUfRsU1z2DY2","Mikezin;Greezy","Suco de Fruta","Suco de Fruta",43,140487,TRUE,0.745,-6.821,0,0.221,0.772,1.73e-05,0.116,0.779,123.038,4,7,"groove_dancehall",0.71
37951,"0RcYEWXtbu4ehdv1tiBOi0","Snoop Dogg;The Doors","Riders On The Storm (Fredwreck Remix)","Riders On The Storm - Fredwreck Remix",65,382240,FALSE,0.786,-5.273,0,0.152,0.416,3.1e-05,0.122,0.831,101.984,4,7,"groove_dancehall",0.26
37960,"6JiGGZRe4Sh6T4u6oGRP8l","Malía","Escuta","Faz Uma Loucura Por Mim",43,217494,FALSE,0.553,-6.384,0,0.0574,0.152,0,0.4,0.523,135.948,4,7,"groove_dancehall",0.43
37978,"4vP2nMFiFNbQMqnJIT45CR","DJ Arana","PAI VAI TI PAPA","PAI VAI TI PAPA",43,201196,TRUE,0.946,-1.679,1,0.283,0.294,0,0.105,0.781,129.996,4,7,"groove_dancehall",0.44
37993,"2x9cVSh5pr4bjU5PZgXoTs","Solomon Burke","Christmas Time","Presents for Christmas",0,193493,FALSE,0.815,-9.223,0,0.216,0.668,0,0.324,0.54,114.316,4,7,"groove_dancehall",0.54
38001,"5FVd6KXrgO9B3JPmC8OPst","Arctic Monkeys","AM","Do I Wanna Know?",88,272394,FALSE,0.532,-7.596,1,0.0323,0.186,0.000263,0.217,0.405,85.03,4,16,"alt_punk_rock",0.33
38006,"2AT8iROs4FQueDv2c8q2KE","Arctic Monkeys","AM","R U Mine?",83,201726,FALSE,0.758,-5.692,0,0.0371,0.00616,0,0.303,0.619,97.094,4,16,"alt_punk_rock",0.35
38028,"0z5x3VmmQ7cyTeOP7VAf3T","Arctic Monkeys","The Car","Perfect Sense",0,167379,FALSE,0.478,-10.862,1,0.0276,0.61,0.00122,0.105,0.545,82.932,4,16,"alt_punk_rock",0.43
38035,"1YsAj4ybnMC11VoTg7k6s5","Wolfmother","Halloween Metal Nights","Back Round",0,236866,FALSE,0.927,-4.906,0,0.0676,2.68e-05,0.00843,0.0947,0.316,154.071,4,16,"alt_punk_rock",0.34
38038,"1aQjSuo7Oul4A51k6dQxAp","Gorgon City;Laura Welsh","Halloween & Chill","Here For You",0,233480,FALSE,0.678,-6.799,0,0.0382,0.0248,0.0901,0.116,0.32,121.978,4,16,"alt_punk_rock",0.26
38043,"7em6T7mETpDEzyPg2UArtk","Royal Blood","Rock Brandneu","Honeybrains",0,186847,FALSE,0.8,-5.243,1,0.101,0.00537,0,0.398,0.604,125.886,3,16,"alt_punk_rock",0.42
38046,"3T5o2gOsExc13J9yfo1sPF","Royal Blood","All Out Alternative","Trouble's Coming",0,228400,FALSE,0.694,-5.059,0,0.0384,0.0629,0,0.32,0.78,112.012,4,16,"alt_punk_rock",0.15
38064,"4qEW8QgybJTgA3bKgqVpSM","Summer Salt","Favorite Holiday, Vol. 1","One Last Time",59,217636,FALSE,0.36,-10.925,1,0.0281,0.753,0.233,0.0894,0.433,109.997,3,16,"alt_punk_rock",0.37
38068,"1aOxOpH4AkGAd8OMrKjyNY","The Strokes","The New Abnormal","Why Are Sundays So Depressing",68,275666,FALSE,0.714,-4.455,1,0.0347,0.00258,0.0269,0.111,0.299,109.971,4,16,"alt_punk_rock",0.42
38074,"7kzKAuUzOITUauHAhoMoxA","The Strokes","Is This It","Last Nite",74,193506,FALSE,0.91,-5.703,1,0.0297,0.0285,0.000198,0.0789,0.767,104.042,4,16,"alt_punk_rock",0.13
38075,"0LxeKwg9t7HOnyfv4bTALT","Arctic Monkeys","Suck It and See","Suck It and See",64,225986,FALSE,0.932,-5.017,1,0.057,0.00105,0.114,0.255,0.586,128.291,4,16,"alt_punk_rock",0.16
38076,"0kHwTHf8ye0mSd66pwcrEN","The Heavy","The House That Dirt Built","How You Like Me Now",61,217493,FALSE,0.71,-4.692,1,0.029,0.000973,0.703,0.0777,0.268,110.059,4,16,"alt_punk_rock",0.28
38085,"5bsnLiT00hG37qd8p2jdVl","Arctic Monkeys","Humbug","Cornerstone",68,197973,FALSE,0.721,-5.81,1,0.0387,0.00764,0,0.328,0.763,169.252,4,16,"alt_punk_rock",0.14
38096,"3xshQaCOlSCIkXuXDQS1S6","Dear Seattle","The Special Two (triple j Like A Version)","The Special Two - triple j Like A Version",40,255912,TRUE,0.898,-4.782,1,0.119,0.000134,3.67e-06,0.254,0.567,168.88,4,16,"alt_punk_rock",0.44
38097,"4rr1OPf80f71BYsDv26G3F","Sly Withers","Passing Through","Passing Through",42,236226,FALSE,0.839,-5.465,1,0.0391,0.000169,4.47e-06,0.282,0.719,141.025,4,16,"alt_punk_rock",0.27
38106,"36Owb6DDJbBFXi86x3X61z","Pity Party (Girls Club)","Healing Process","Yellow",62,134442,TRUE,0.782,-9.142,1,0.0599,0.848,0.477,0.396,0.655,125.068,4,16,"alt_punk_rock",0.33
38120,"5RrHzXKmwVd5BCq4UzyJPd","Arctic Monkeys","Favourite Worst Nightmare","D is for Dangerous",63,138106,FALSE,0.925,-4.689,1,0.0362,1.09e-05,0.000161,0.0659,0.77,145.061,4,16,"alt_punk_rock",0.31
38131,"2mDYYGaGd9uXKkK2YhDA3i","The Strokes","The New Abnormal","Brooklyn Bridge To Chorus",64,235946,FALSE,0.571,-3.897,1,0.0628,0.00602,9.21e-05,0.0833,0.467,119.899,4,16,"alt_punk_rock",0.39
38132,"6u0x5ad9ewHvs3z6u9Oe3c","The Strokes","Angles","Under Cover of Darkness",68,235546,FALSE,0.775,-3.364,1,0.054,0.00433,0.283,0.0676,0.588,199.866,4,16,"alt_punk_rock",0.32
38144,"53xKlevoXT2OIdDQx3KDl1","? & The Mysterians","Don't Break This Heart Of Mine","96 Tears",40,176866,FALSE,0.562,-5.965,1,0.0345,0.0623,3.08e-05,0.076,0.88,123.674,4,16,"alt_punk_rock",0.43
38156,"57asCheDC0X1S9QnyTsmOQ","Mellow Fellow","Dancing","Dancing",56,282671,FALSE,0.474,-7.856,0,0.031,0.736,9.26e-05,0.287,0.387,101.918,4,16,"alt_punk_rock",0.17
38169,"6VNooTY5w9A9wg1YUsEbKB","Maribou State;Holly Walker","Portraits","Midas",68,218357,FALSE,0.578,-5.213,0,0.095,0.393,0.379,0.106,0.3,114.995,4,16,"alt_punk_rock",0.23
38181,"2LMloFiV7DHpBhITOaBSam","The Strokes","Is This It","Hard To Explain",63,224426,FALSE,0.682,-6.281,1,0.0584,0.000413,0.849,0.0999,0.623,82.495,4,16,"alt_punk_rock",0.52
38184,"1uT2b9tByCtdjL4PN3xbRs","Black Rebel Motorcycle Club","Beat the Devil's Tattoo (Deluxe Version)","Beat the Devil's Tattoo",55,226760,FALSE,0.909,-2.815,1,0.0378,0.451,0.0135,0.0923,0.683,96.528,4,16,"alt_punk_rock",0.17
38186,"0idZZsnM7nuSYanlpKTuwV","Arctic Monkeys","Favourite Worst Nightmare","If You Were There, Beware",59,276200,FALSE,0.805,-6.74,0,0.0383,0.000938,0.048,0.104,0.264,135.546,4,16,"alt_punk_rock",0.26
38189,"5lN1EH25gdiqT1SFALMAq1","The Black Keys","El Camino","Gold on the Ceiling",70,224333,FALSE,0.833,-4.632,1,0.0475,0.00772,7.9e-05,0.069,0.565,130.121,4,16,"alt_punk_rock",0.3
38201,"36bVcRltxiQSg0ZEHDAZZ1","Beach Fossils","Somersault","May 1st",59,178554,FALSE,0.623,-7.441,1,0.0274,0.0413,0.0134,0.539,0.495,139.958,4,16,"alt_punk_rock",0.24
38203,"69aYiwVMrTpdqiZdupIAgZ","RICEWINE","Summer Spent / Tried Living","Summer Spent",58,135798,FALSE,0.756,-7.318,1,0.0347,0.00419,0.271,0.0439,0.981,115.792,4,16,"alt_punk_rock",0.37
38205,"6lXSBOTOmviaeeDlTBP79A","Acid Ghost","Warhol","Not the Same Person",49,212000,FALSE,0.598,-9.148,0,0.0289,0.907,0.9,0.138,0.375,137.37,4,16,"alt_punk_rock",0.45
38206,"0Bl1Gt8R9kjz7JO7SYAuhe","Moses Gunn Collective","Mercy Mountain","Shalala",56,228015,FALSE,0.729,-5.6,1,0.0304,0.0192,0.0583,0.115,0.46,84.005,4,16,"alt_punk_rock",0.49
38215,"3VwgtTh9D0CubY32jdhI5U","Crumb","Jinx","Cracking",59,111986,FALSE,0.385,-11.621,1,0.0341,0.39,0.783,0.0993,0.117,121.951,4,16,"alt_punk_rock",0.56
38228,"5IKz3HfzRT3EAhxCsrBqwf","Arctic Monkeys","When The Sun Goes Down","7",58,128506,FALSE,0.976,-4.104,0,0.105,0.00171,8.37e-06,0.0729,0.541,98.377,4,16,"alt_punk_rock",0.43
38235,"2pcwmk8c1pTYwX0COSVX52","Wolfmother","Wolfmother","Woman",61,175666,FALSE,0.948,-3.496,0,0.217,2.78e-05,0.0864,0.0945,0.215,150.753,4,16,"alt_punk_rock",0.19
38253,"0BNoCFTbr9muSAah6hgHff","Acid Ghost","Vacation II","Nature (Poem)",48,196440,FALSE,0.675,-4.898,1,0.0241,0.619,0.884,0.38,0.335,110.066,4,16,"alt_punk_rock",0.34
38254,"0vMr3GXZJi1IIIWE8bBJuZ","Crumb","Locket","Plants",59,191904,FALSE,0.406,-10.725,0,0.0411,0.607,0.496,0.122,0.222,81.03,4,16,"alt_punk_rock",0.3
38271,"2HbYLDA1SigY1ilC94ieVu","Arctic Monkeys","Tranquility Base Hotel & Casino","American Sports",54,158040,FALSE,0.865,-4.288,0,0.0513,0.00169,0.00293,0.127,0.594,176.689,3,16,"alt_punk_rock",0.51
38278,"2hxkbjPVAtDs2PCjvF56di","The Slingers","Fake Fruit","Happy Birthday To Me",32,480419,FALSE,0.565,-9.39,0,0.0304,0.279,0.000466,0.342,0.346,134.979,4,16,"alt_punk_rock",0.37
38283,"2uXkW8uJcOIhlbUatEPLPs","The Sonics","Here Are the Sonics","Have Love Will Travel",56,160400,FALSE,0.948,-5.626,1,0.105,0.727,0,0.0904,0.934,130.195,4,16,"alt_punk_rock",0.52
38290,"6fquGlYsbBJa31QqLrOroE","Beddy Rays","Beddy Rays","FOTU",32,191464,FALSE,0.952,-2.011,1,0.0659,0.0031,2.36e-06,0.354,0.419,105.006,4,16,"alt_punk_rock",0.23
38292,"15g66KeELSbN00rFTweCj8","The Third Bardo","I'm Five Years Ahead of My Time","I'm Five Years Ahead of My Time",31,136293,FALSE,0.79,-5.696,0,0.0394,0.0493,2.28e-06,0.182,0.562,110.491,3,16,"alt_punk_rock",0.24
38296,"4HZA7xNDUIbvD60awnomU9","Todd Terry;J Paul Getto","MOVELT HOUSE PARTY 2","Wash The Window",0,360370,FALSE,0.924,-7.264,1,0.0895,0.00129,0.824,0.309,0.59,127.003,4,16,"alt_punk_rock",0.31
38306,"1iLBI0xUhGKZQM1DresHuj","Good Morning","On The Street / You","You",57,190696,FALSE,0.64,-8.046,1,0.0297,0.157,0.724,0.129,0.367,149.709,3,16,"alt_punk_rock",0.4
38310,"7aiKdAM9WYW3GzWSA9OXIl","Arctic Monkeys","Tranquility Base Hotel & Casino","Batphone",51,271613,FALSE,0.681,-5.728,0,0.0356,0.312,0,0.304,0.675,106.521,4,16,"alt_punk_rock",0.12
38318,"3rkhS3GkzkEqRGBjL3y2e3","The Beefs","Country Member","Country Member",31,167684,TRUE,0.976,-4.698,1,0.203,0.0138,0,0.116,0.51,175.942,4,16,"alt_punk_rock",0.14
38321,"4dk12UlAYNruc5pwHEXncR","Ruby Fields","Permanent Hermit","Dingo",31,327760,FALSE,0.625,-5.793,0,0.0329,0.126,0.00115,0.191,0.187,131.984,4,16,"alt_punk_rock",0.49
38353,"0eYzqP1sVy0LvAc3dL5wE0","RICEWINE","Flood","Photo",49,258051,FALSE,0.37,-12.571,1,0.0303,0.9,0.866,0.109,0.22,115.035,4,16,"alt_punk_rock",0.19
38363,"6adjXENHRzh4uyVziFlVGm","Maribou State","Kingdoms In Colour","Beginner's Luck",58,268027,FALSE,0.573,-10.104,0,0.0488,0.606,0.854,0.218,0.243,81.979,4,16,"alt_punk_rock",0.16
38403,"16Gd8yX4wyhb6wE0pOoSQ7","Beach Fossils","Agony","Agony",51,205335,FALSE,0.332,-10.153,1,0.0247,0.683,0.00953,0.129,0.0783,101.97,4,16,"alt_punk_rock",0.55
38406,"7isVqPzG3R5ni6IM4YG0sv","Maribou State","Kingdoms In Colour","Glasshouses",56,225910,FALSE,0.483,-9.54,1,0.0454,0.637,0.763,0.0626,0.177,89.98,4,16,"alt_punk_rock",0.12
38421,"0UkCbvs8IqloZmWZmCce4S","andymori","光","愛してやまない音楽を",32,157066,FALSE,0.825,-4.834,1,0.0571,0.112,0,0.274,0.822,103.58,4,16,"alt_punk_rock",0.3
38435,"3cqRQt4WL5TWCnF4NKFkH4","Tijuana Panthers","Wayne Interest","Four Horsemen",29,106837,FALSE,0.96,-3.517,0,0.0906,1.76e-05,0.856,0.0759,0.594,86.164,4,16,"alt_punk_rock",0.49
38439,"1bVCDiOtVkcXc4pq58IPbv","The Spits","Vol. IV","Rip Up The Streets",29,68533,FALSE,0.904,-3.421,1,0.0618,0.271,0.762,0.0943,0.251,113.701,5,16,"alt_punk_rock",0.34
38440,"0FL7kNRhjCXAS5eyTbDoaz","Sly Withers","Clarkson","Clarkson",29,177013,TRUE,0.814,-5.186,1,0.0478,0.00142,0,0.125,0.283,151.921,4,16,"alt_punk_rock",0.53
38442,"0pcMryjkcJE7FDLX463c24","Cash Savage and the Last Drinks","One of Us","Rat-a-tat-tat",30,273473,FALSE,0.771,-5.247,0,0.0313,0.00205,0.00312,0.182,0.705,90.977,4,16,"alt_punk_rock",0.24
38454,"1EZYmas3jh7aUKqCF9EI5A","CASTLEBEAT","VHS","These Days",50,156497,FALSE,0.772,-9.993,1,0.0295,0.757,0.887,0.115,0.946,129.999,4,16,"alt_punk_rock",0.31
38458,"6wLQJHoauNYAv8mhPis5pb","Kidnap;Leo Stannard","Grow","Grow",50,216794,FALSE,0.486,-8.034,1,0.0303,0.126,0.0211,0.116,0.205,116.987,4,16,"alt_punk_rock",0.1
38470,"2hpoLae9rAKGQUBXMYVbr1","Architechs;Nay Nay","Summer Dance 2022","Body Groove - Mix Mc Version",28,315533,FALSE,0.707,-7.911,1,0.0509,0.0366,5.64e-06,0.27,0.92,132.954,4,16,"alt_punk_rock",0.11
38496,"6EUCYeuN44yZ7nhCM3tLJW","Shannon & The Clams","Year Of The Spider","In The Hills, In The Pines",28,154293,FALSE,0.615,-3.423,1,0.0304,0.532,0,0.0868,0.657,119.886,4,16,"alt_punk_rock",0.46
38498,"7jGzYUZ2Bgg8BDfYlQRfn8","The Troggs","From Nowhere","Wild Thing",65,155333,FALSE,0.658,-13.472,1,0.0539,0.741,0.0288,0.135,0.761,203.871,4,16,"alt_punk_rock",0.28
38501,"1VUcb7Ik5bYw0SzXBH9rLr","Arctic Monkeys","Live at the Royal Albert Hall","Why'd You Only Call Me When You're High? - Live",53,183680,FALSE,0.811,-7.591,0,0.0577,0.175,0.00012,0.722,0.533,91.691,4,16,"alt_punk_rock",0.26
38516,"4jthDkiSNO5oVWlA2KhXJ1","Skegss","Bush TV","Bush TV",28,170186,FALSE,0.92,-2.339,1,0.0436,1.65e-05,0.000136,0.157,0.413,95.242,4,16,"alt_punk_rock",0.4
38532,"0ylMmzHz9GpYWNpCNpQSaI","The Growlers","Hot Tropics","Nosebleed Sun",27,81400,FALSE,0.459,-10.234,0,0.0356,0.758,0.197,0.314,0.805,122.446,4,16,"alt_punk_rock",0.26
38550,"0gdWSthwNMJ4TPVya8b0bh","RICEWINE","Already Gone","Already Gone",49,178952,FALSE,0.508,-10.882,1,0.0286,0.227,3.45e-05,0.137,0.63,109.966,4,16,"alt_punk_rock",0.17
38574,"6B1LYsu1ZI0sIVmsjCYzNN","Chain Whip","Two Step To Hell","Laguna Bleach",28,119667,FALSE,0.976,-5.678,0,0.132,1.03e-05,0.772,0.244,0.23,132.594,4,16,"alt_punk_rock",0.32
38579,"45oYjrEnlICcBzPjWyK9E3","Dear Seattle","Someday","Aside Again",27,265680,FALSE,0.842,-4.589,1,0.0407,0.00248,8.57e-06,0.113,0.464,165.95,4,16,"alt_punk_rock",0.27
38582,"17vKUGw04FmNguDxJnLiCy","Children Collide","Theory Of Everything","My Eagle",29,169706,FALSE,0.875,-3.404,1,0.0809,0.000695,2.31e-06,0.215,0.518,139.961,4,16,"alt_punk_rock",0.5
38589,"3ZQGdO1gA9r1ip0cC03kJn","Beddy Rays","Lost Found Beat Around","Fool Around",28,207578,FALSE,0.903,-4.567,1,0.0443,0.00162,4.5e-05,0.118,0.683,79.886,4,16,"alt_punk_rock",0.41
38590,"3B6c6S2aPsIe0T0MIPJ1S8","Polish Club","Iguana","We Don't Care",27,259706,TRUE,0.939,-4.023,1,0.159,0.000639,0,0.314,0.337,172.051,4,16,"alt_punk_rock",0.42
38591,"5aMi2rTS9s2Kohlh31fbor","Beddy Rays","Beddy Rays","Good With Bad",28,222016,FALSE,0.934,-3.099,1,0.0753,0.000129,8.68e-06,0.475,0.342,177.94,4,16,"alt_punk_rock",0.51
38624,"1J5WXmhv9Bi2NQHkcdtOsh","Prison Affair","Split","Out of Jail",27,110626,FALSE,0.961,-4.445,1,0.139,0.0752,0.00139,0.631,0.531,114.411,4,16,"alt_punk_rock",0.43
38625,"5gOH4Dh5GaaFP6FgpoQ5vv","Cold Beat","Mother","Prism",26,262030,FALSE,0.734,-5.019,1,0.032,0.356,0.896,0.272,0.396,149.973,4,16,"alt_punk_rock",0.45
38628,"04LL918sfjXolHQB8evxCV","The Briefs","Hit After Hit","Silver Bullet",28,68000,FALSE,0.989,-4.031,1,0.0921,0.0236,0,0.502,0.502,185.696,4,16,"alt_punk_rock",0.17
38638,"7eol1PkEpR61IjfCN9SmWh","The Growlers","Gilded Pleasures","Pretend I'm Gay",26,190378,FALSE,0.716,-6.907,1,0.033,0.333,0,0.374,0.727,79.284,4,16,"alt_punk_rock",0.2
38657,"4Q2vbGXSU28xWveWKp4wra","Arctic Monkeys","Live at the Royal Albert Hall","505 - Live",51,275733,FALSE,0.724,-9.384,1,0.0753,0.0133,3.89e-05,0.325,0.186,139.451,4,16,"alt_punk_rock",0.39
38691,"7eSBIJxK74rXGJfRIrX8yr","The Growlers","Hot Tropics","Underneath Our Palms",26,189013,FALSE,0.788,-4.597,1,0.0352,0.388,0.06,0.581,0.679,120.228,4,16,"alt_punk_rock",0.37
38698,"41EhJDCxiPswiM7y3reHlw","The Smith Street Band","Sunshine and Technology","I Want Friends",27,236390,FALSE,0.835,-4.596,1,0.118,0.0571,3.14e-05,0.118,0.501,150.921,4,16,"alt_punk_rock",0.1
38708,"4pHMhg5PP9yjOZ6ADs1Drx","DJ Luck & MC Neat","Piano Loco (Radio Edit)","Piano Loco - Radio Edit",26,219760,FALSE,0.857,-4.984,1,0.126,0.376,4.4e-06,0.165,0.755,133.027,4,16,"alt_punk_rock",0.16
38725,"6ggA962ctXjQA5PZYUM3i6","The Growlers","Hot Tropics","Let it Be Known",26,198586,FALSE,0.633,-6.492,0,0.0333,0.784,0.925,0.479,0.389,121.714,4,16,"alt_punk_rock",0.28
38727,"1060gzllf4b0UETAXisR5l","Royal Blood","How Did We Get So Dark?","Lights Out",60,236426,FALSE,0.824,-7.25,1,0.0413,0.000127,0.000311,0.0922,0.57,89.972,4,16,"alt_punk_rock",0.09
38730,"65x4CxCcLuUxwskHmKVHCH","Bleeding Knees Club","Virginity","Truth or Dare",25,131586,FALSE,0.987,-0.918,1,0.0396,0.506,0.837,0.418,0.759,105.152,4,16,"alt_punk_rock",0.26
38732,"2HZEHDOa9ZYITDTafasd1z","WAAX","Wild & Weak","You Wouldn't Believe",26,198226,FALSE,0.885,-5.84,1,0.0405,0.000883,0.0671,0.0552,0.451,125.996,4,16,"alt_punk_rock",0.22
38739,"5PvME4fN10yACuWNRlOsGz","The Bennies","Rainbows In Space","Knights Forever",27,204253,TRUE,0.772,-5.426,1,0.0833,0.000971,1.1e-05,0.582,0.658,170.372,4,16,"alt_punk_rock",0.16
38740,"3hXMVNjjdXnDKg1ixBu7Lj","Gee Tee","Gee Tee","Hangin' at Caltex",25,112222,FALSE,0.942,0.632,1,0.0548,0.0641,0.969,0.328,0.298,172.527,4,16,"alt_punk_rock",0.23
38742,"2jvRE2M0qCSiEhRQP3aEUu","The Chesterfield Kings","Psychedelic Sunrise","Up and Down",26,212400,FALSE,0.961,-2.596,1,0.0378,0.00842,0,0.068,0.722,135.024,4,16,"alt_punk_rock",0.16
38744,"4J4LjEe33yN6gLmPib0nqz","The Libertines","Up the Bracket","Time for Heroes",57,160280,FALSE,0.925,-4.157,1,0.0554,0.0106,0.000211,0.0136,0.712,152.395,4,16,"alt_punk_rock",0.37
38754,"0qZngsBTYM37fevbe03IlX","Lunar Vacation","Swell","Swimming",49,280251,FALSE,0.404,-13.252,1,0.0266,0.0366,0.351,0.117,0.366,154.959,3,16,"alt_punk_rock",0.15
38757,"5Z10YWrfpP2UAUwmmHIR8y","The White Stripes","De Stijl","Apple Blossom",54,133293,FALSE,0.454,-7.896,1,0.0551,0.65,0.000154,0.0852,0.626,128.193,4,16,"alt_punk_rock",0.26
38758,"7cRR82VFtvy3FeqIrjEeFy","Arctic Monkeys","Suck It and See","All My Own Stunts",51,232280,FALSE,0.943,-4.934,1,0.0537,0.00135,0.0181,0.187,0.531,127.283,4,16,"alt_punk_rock",0.32
38773,"2QPtp20ZOlbrixCMJ0DMXC","C.O.F.F.I.N","Piss~up","Locals Only",26,150800,TRUE,0.833,-4.429,1,0.0361,0.00046,0.00132,0.187,0.783,145.937,4,16,"alt_punk_rock",0.49
38786,"0A4z93tJeaBRgZV6L5WP9h","WAAX","Most Hated Girl","Most Hated Girl",26,168606,TRUE,0.962,-2.526,1,0.0967,0.000346,0,0.086,0.602,157.4,4,16,"alt_punk_rock",0.4
38788,"5xdDPyLk9MjyXsHdqpDVbk","Bad//Dreems","Dogs At Bay","My Only Friend",27,178286,TRUE,0.891,-3.215,0,0.0363,0.00113,7.69e-05,0.208,0.583,129.951,4,16,"alt_punk_rock",0.2
38799,"3A7EZpfg3JFaMYOGuYj5VX","Trolls;Thomas Karallus;Lena Meyer-Landrut;Mark Forster;Friederike Walke;Kerstin Sanders-Dornseif;Nic Romm;Robert Griesbach;Jan-David Rönfeldt;Rubina Nath;Bastian Sierich;Maximiliane Häcke;Bianca Krahl;Patrick Bach;Leonhard Mahlich;Timmo Niesner;Helmut Gauß;Marius Clarén","Trolls (Das Original-Hörspiel zum Kinofilm)","Trolls - Teil 2",25,181198,FALSE,0.433,-10.617,0,0.898,0.679,0,0.546,0.641,104.165,4,16,"alt_punk_rock",0.21
38809,"4Do8zB8wXpDEn0lBKg3Rf0","The Growlers","Chinese Fountain","Big Toe",55,151719,FALSE,0.766,-5.814,0,0.0279,0.00943,3.1e-05,0.0679,0.729,132.162,4,16,"alt_punk_rock",0.17
38812,"0IzYePOyQXnvYYhLXWFiAG","Mini Skirt","Casino","Pressure",25,155146,FALSE,0.682,-5.554,0,0.0349,2.24e-05,0.0166,0.195,0.644,175.417,4,16,"alt_punk_rock",0.29
38818,"30NHFPOKHNieSZSmZDlguG","Pist Idiots","Pist Idiots","Surry Hills",26,174250,FALSE,0.649,-12.494,0,0.072,0.000724,0.00653,0.151,0.427,149.848,4,16,"alt_punk_rock",0.3
38852,"3nf9In5KCH6RdorA6J1C8F","Mark Whalen","Morning Glory","Oh Susan",49,208000,FALSE,0.443,-11.118,1,0.038,0.623,0.00942,0.113,0.612,90.03,4,16,"alt_punk_rock",0.31
38855,"77iRifbhkJGvGBBRNykUwN","Drugdealer;Weyes Blood","The End Of Comedy","Suddenly",56,197040,FALSE,0.465,-7.538,1,0.0328,0.503,0.0455,0.495,0.585,107.75,4,16,"alt_punk_rock",0.07
38857,"5KJHWZqPKnhrVq7t5kGviH","Lunar Vacation","Swell","Blue Honey",49,154960,FALSE,0.579,-13.841,0,0.0555,0.0263,0.0157,0.345,0.503,159.921,4,16,"alt_punk_rock",0.36
38870,"0Mwkh0zfeoXTXUVndWpJm2","Ethanol Blend","The Blend Part 2.","River",25,204074,FALSE,0.601,-11.623,1,0.034,0.00493,0.136,0.152,0.649,85.619,4,16,"alt_punk_rock",0.22
38875,"6rTsc0aAS1iD3YF73DNQMd","Black Lips","Lost Angel","No Rave",23,191553,FALSE,0.821,-5.309,1,0.042,0.00031,0,0.32,0.391,124.979,4,16,"alt_punk_rock",0.24
38903,"14pWwYKnJzzxfRi97MDdaD","Mild High Club","Skiptracing","Kokopelli",48,175459,FALSE,0.33,-10.737,1,0.0384,0.32,0.0818,0.525,0.168,146.649,4,16,"alt_punk_rock",0.34
38909,"1nWplg2wIdoaajVFRaHzlf","Pity Party (Girls Club)","Hard Times / Bad Trips","Stuck on u",47,80065,FALSE,0.339,-11.247,1,0.0422,0.908,0.00028,0.211,0.219,97.273,4,16,"alt_punk_rock",0.44
38911,"23YIwE3aDFoPsu4E4esfW1","Tired Lion","Agoraphobia","Agoraphobia",25,204095,FALSE,0.775,-5.235,1,0.0335,0.000305,0.46,0.436,0.619,85.555,4,16,"alt_punk_rock",0.36
38927,"4mXTwtJ1IhSiyIatOmfyHz","Zero Boys","Vicious Circle","Down The Drain",25,72880,FALSE,0.966,-1.611,1,0.0899,0.000779,0.854,0.161,0.724,156.049,4,16,"alt_punk_rock",0.29
38941,"5DPVwVO4nCI7cbvHRfePPk","Beddy Rays","Lost Found Beat Around","Sway",26,243282,FALSE,0.823,-5.412,1,0.0477,0.000164,5.61e-05,0.341,0.447,157.369,4,16,"alt_punk_rock",0.29
38946,"4aNbYoDOmasKeeYVyFg1o5","Luca Brasi","ReWiggled","The Shimmie Shake",25,81016,FALSE,0.905,-6.923,1,0.121,0.000145,0.000737,0.155,0.72,165.071,4,16,"alt_punk_rock",0.36
38948,"60TKA6hK6OU0u3eePHQrrA","Poison Idea","Pick Your King E.P. / Record Collectors Are Pretentious Assholes (The Fatal Erection Years: 1983-1986)","This Thing Called Progress",27,61284,TRUE,0.979,-6.583,1,0.274,6.95e-06,0.809,0.446,0.263,210.368,4,16,"alt_punk_rock",0.12
38954,"6xJSVfI6xi51iJrbm9KjXb","CASTLEBEAT;Sonia Gadhia","Telephone","Telephone",46,209274,FALSE,0.518,-8.933,1,0.0282,0.284,0.938,0.104,0.439,124.029,4,16,"alt_punk_rock",0.33
38962,"3jx9FPjavJCC6R2JUluub3","The Peep Tempel","Joy","Constable",24,334386,FALSE,0.77,-8.526,1,0.0477,0.000122,0.276,0.69,0.131,165.188,4,16,"alt_punk_rock",0.23
38967,"0tTJmDmjnMuQMbwxSGYVPL","Ruby Fields","Song About A Boy","Song About A Boy",25,229767,TRUE,0.807,-4.566,1,0.0594,0.00892,0.00134,0.205,0.239,153.934,4,16,"alt_punk_rock",0.31
38970,"68HGqHHc41qmJHUWlLUKCd","Eagles Of Death Metal","Heart On","Wannabe In L.A",52,135853,FALSE,0.949,-3.94,0,0.0451,0.276,0.126,0.0989,0.967,158.516,4,16,"alt_punk_rock",0.36
38978,"05IlfXHU2eVPnVo6whFGC1","Peter Matthew Bauer","Flowers","Chiyoda, Arkansas, Manila",24,220900,FALSE,0.743,-6.168,1,0.0479,0.084,0,0.124,0.111,130.014,4,16,"alt_punk_rock",0.19
38979,"6DnInlIu2uWxRpbRUNifLb","The Smith Street Band","More Scared Of You Than You Are Of Me","Young Once",25,303919,TRUE,0.765,-4.179,1,0.104,0.101,0.000828,0.429,0.384,118.536,4,16,"alt_punk_rock",0.25
38981,"08hLUBlm0VzuiQvCQCjt3P","Sly Withers","Sly Withers","Girls",25,318293,TRUE,0.917,-5.098,1,0.0434,0.0457,0.00567,0.0996,0.473,146.886,4,16,"alt_punk_rock",0.29
38998,"1TDWF4d2tyP4VZKOEXbAJu","Black Box Revelation;Seasick Steve","Tattooed Smiles","Built To Last",25,207360,FALSE,0.878,-5.398,0,0.0796,0.19,2.39e-06,0.0894,0.664,94.323,4,16,"alt_punk_rock",0.22
40002,"29ZrGQad8homm9iN5mZQlp","Isaias Saad","Sua Presença (Ao Vivo)","Sua Presença - Ao Vivo",58,314154,FALSE,0.633,-6.056,1,0.0315,0.408,0,0.345,0.224,137.956,4,13,"brazil_gospel_trad",0.24
40018,"5h7e9eHY6RnP617D9zzzKb","Gerson Rufino","Sobrevivi","Vai Passar",51,332933,FALSE,0.555,-4.789,1,0.0262,0.037,0,0.14,0.223,136.008,4,13,"brazil_gospel_trad",0.15
40020,"0ZCJLp30rQp6O0Rf6CDeuO","Gerson Rufino","10 Anos de Louvor","Dia de Sol",49,252026,FALSE,0.654,-6.266,1,0.0291,0.65,0,0.315,0.318,97.564,4,13,"brazil_gospel_trad",0.17
40023,"4DVIA9RLre5v407SeMerY3","Nívea Soares","Eu Vou Construir","Eu Vou Construir",52,409459,FALSE,0.443,-10.068,1,0.029,0.357,0,0.362,0.314,139.701,4,13,"brazil_gospel_trad",0.21
40041,"5qFhSnV9eDeYNOlCNPASK7","Gabriel Brito","Aprender Com a Vida","Não Adoro por Sinais",53,203264,FALSE,0.463,-8.995,1,0.0285,0.588,0,0.114,0.382,130.015,4,13,"brazil_gospel_trad",0.16
40056,"3BXYxSllo4ZsW2yeeSi8pQ","Bruna Karla","Deus Está Cuidando de Você","Deus Está Cuidando de Você",49,268887,FALSE,0.458,-8.379,1,0.0264,0.0577,0,0.127,0.252,105.003,4,13,"brazil_gospel_trad",0.2
40061,"2O5QijC25ENqIc04YOsuw1","PG","Eu Sou Livre","Quem Sou Eu?",48,308128,FALSE,0.632,-5.616,1,0.0282,0.369,0,0.805,0.223,134.06,4,13,"brazil_gospel_trad",0.09
40063,"74x0zAixJTR1kaXQRzO9uJ","Gabriela Gomes","Vinde A Mim","Vinde A Mim",48,329262,FALSE,0.574,-5.48,1,0.0375,0.026,0,0.075,0.12,145.824,4,13,"brazil_gospel_trad",0.23
40067,"4mQ6f7PV6XaCDRzMtZFoZq","Midian Lima","Vai Ter Vida Aí","Vai Ter Vida Aí",49,270512,FALSE,0.441,-9.177,1,0.0335,0.405,0,0.0985,0.305,94.658,4,13,"brazil_gospel_trad",0.16
40072,"575A4uzmh4OIHn34wRD6Gy","Sued Silva","Foi a Mão de Deus","Foi a Mão de Deus",48,408181,FALSE,0.53,-6.736,1,0.0402,0.0736,0,0.132,0.371,121.729,4,13,"brazil_gospel_trad",0.11
40073,"0QsSiIX2ziSLY6TGqeqsco","Leandro Borges","Leandro Borges ao Vivo: Parte I","Cuida - Ao Vivo",48,232405,FALSE,0.394,-10.175,1,0.0476,0.809,0,0.945,0.633,95.597,4,13,"brazil_gospel_trad",0.15
40084,"24Jh5ZcRVUQCFnWVO1j8DY","Gerson Rufino","Hora da Vitória","Eu Vou Vencer",48,311750,FALSE,0.828,-4.932,1,0.0403,0.278,0,0.38,0.555,149.947,4,13,"brazil_gospel_trad",0.44
40085,"2Mi2dFDnw7jpARNW0bAj4W","Discopraise","Palavra, Som e Poder (Deluxe)","Ouvir o Teu Falar",48,487392,FALSE,0.679,-4.598,1,0.0399,0.0554,0,0.486,0.266,139.606,4,13,"brazil_gospel_trad",0.16
40093,"6op6oqy6YayTHBwq9eikH6","Régis Danese","Família (Ao Vivo)","Família - Ao Vivo",49,328413,FALSE,0.292,-13.766,1,0.0306,0.66,0,0.296,0.171,129.679,4,13,"brazil_gospel_trad",0.27
40097,"32b1k1AKy89SsqjDRf1jPL","Amanda Ferrari","Eu Vejo Deus","O Relógio de Deus",48,299200,FALSE,0.828,-3.24,1,0.0322,0.489,0,0.368,0.657,145.927,4,13,"brazil_gospel_trad",0.19
40150,"3f3rZKrBx3GIrv64hVYK4S","DJ Matheus Lazaretti","Closer","Closer",47,148129,FALSE,0.8,-5.872,1,0.0465,0.0745,3.12e-05,0.0978,0.36,127.987,4,13,"brazil_gospel_trad",0.1
40162,"0fT9IAbwcA2zHAZHvKR4MC","Stella Laura;Valesca Mayssa","Preciso Confiar","Preciso Confiar",46,288496,FALSE,0.529,-5.33,1,0.0312,0.648,0,0.132,0.328,121.892,4,13,"brazil_gospel_trad",0.17
40163,"2XzfX9mvl3eg8UM5VhYAJX","Damares;Canção & Louvor","O Leão","O Leão",45,267398,FALSE,0.749,-5.147,0,0.0744,0.14,0,0.0666,0.573,75.891,4,13,"brazil_gospel_trad",0.06
40170,"7gvMCmfFPtS1LY1PSWdmKT","Paulo Cesar Baruk;Leonardo Gonçalves","Santo Espírito (Holy Spirit) (feat. Leonardo Gonçalves) [Ao Vivo]","Santo Espírito (Holy Spirit) (feat. Leonardo Gonçalves) - Ao Vivo",46,513960,FALSE,0.618,-7.159,1,0.0396,0.625,5.55e-06,0.484,0.209,135.963,4,13,"brazil_gospel_trad",0.15
40178,"1J17nBsbh9HWVvtJFsAPYb","Leandro Borges","Era Deus (Ao Vivo)","Era Deus - Ao Vivo",46,283257,FALSE,0.825,-7.009,1,0.0636,0.254,0,0.416,0.495,136.005,4,13,"brazil_gospel_trad",0.09
40187,"6SbSZHFTrjx61IaRLbEU1n","Marcos Freire;Anderson Freire","Ainda é Tempo (feat. Anderson Freire)","Ainda é Tempo (feat. Anderson Freire)",45,205000,FALSE,0.56,-6.605,0,0.0387,0.155,0,0.121,0.308,139.75,4,13,"brazil_gospel_trad",0.18
40188,"5j4efyqEcrNX74JQJOmToB","Kiara Vitória","Despreocupa","Despreocupa",46,310635,FALSE,0.581,-5.614,1,0.0309,0.513,0,0.243,0.318,134.823,4,13,"brazil_gospel_trad",0.33
40201,"3VSH4Sf48KMwRzt788M5B7","Damares","Apocalipse","Apocalipse",44,402826,FALSE,0.752,-2.41,1,0.0497,0.444,0,0.141,0.529,145.961,4,13,"brazil_gospel_trad",0.18
40204,"7aqbM1anoTfbbQKQqwMrER","Midian Lima","Midian Lima Live Session","Prioridade",45,251611,FALSE,0.489,-8.725,1,0.0392,0.254,0,0.709,0.239,94.026,4,13,"brazil_gospel_trad",0.09
40214,"3yc4ioKMDoCW1QwzD5C9oC","Marcelo Markes;André Aquino","Melhor Lugar (Ao Vivo)","Melhor Lugar - Ao Vivo",45,510982,FALSE,0.724,-6.614,1,0.0351,0.0757,4.17e-06,0.838,0.144,136.425,4,13,"brazil_gospel_trad",0.28
40219,"0v9mFL6DK8xiyJWNPYjXca","Jozyanne","Eu Tenho a Promessa","Abra os Meus Olhos",44,336271,FALSE,0.693,-5.845,0,0.0442,0.242,0,0.922,0.352,139.93,4,13,"brazil_gospel_trad",0.29
40221,"7cU0PtlmCWolIieowxvdhd","Jéssica Augusto;ONE Service","Aba Pai","Aba Pai",45,430193,FALSE,0.62,-8.253,1,0.0477,0.215,0,0.653,0.406,144.569,4,13,"brazil_gospel_trad",0
40228,"67TQGw4cZzFD33j4KJcOdQ","Cassiane","Para Sempre","Vou Seguir",43,282633,FALSE,0.396,-11.166,1,0.0335,0.542,1.21e-06,0.127,0.436,140.071,4,13,"brazil_gospel_trad",0.32
40265,"7frJTPBH4qaatdpJXJfjB5","Antonio Cirilo","Poderoso Deus","Poderoso Deus",44,889066,FALSE,0.32,-10.914,1,0.0306,0.813,0,0.176,0.148,124.428,4,13,"brazil_gospel_trad",0.41
40291,"759PEyOJs59vSUBfd3qf6B","Fabiana Anastácio","Sou Eu","Sou Eu",44,290266,FALSE,0.78,-3.802,1,0.0329,0.479,0,0.127,0.901,127.946,4,13,"brazil_gospel_trad",0.11
40292,"3Gf2BZwDDs6UNXInEgIkdo","Gerson Rufino","Não Preciso de Licença","Além Da Medicina",43,173200,FALSE,0.455,-7.745,1,0.106,0.476,0,0.186,0.427,145.963,4,13,"brazil_gospel_trad",0.26
40294,"27YQDARCxhQ9jOsVH6ICfX","Samuel Messias;Midian Lima","A Promessa Está de Pé (Ao Vivo)","A Promessa Está de Pé (Ao Vivo)",43,314542,FALSE,0.528,-7.492,1,0.0335,0.172,0,0.106,0.249,90.999,4,13,"brazil_gospel_trad",0.3
40296,"4Cv0zyNdOe46nuIablBQf1","Rose Nascimento;John Nascimento","Uma Questão de Fé","O Tempo de Deus (feat. John Nascimento)",45,247053,FALSE,0.615,-4.424,1,0.0304,0.764,0,0.149,0.394,115.991,4,13,"brazil_gospel_trad",0.29
40299,"2zsBzaQiHi7oaOCVpYBUxN","Gabriel Brito","Incomparável Amor (Acústico)","Incomparável Amor - Acústico",44,173871,FALSE,0.206,-8.657,1,0.0323,0.822,3.13e-06,0.236,0.276,125.89,4,13,"brazil_gospel_trad",0.56
40311,"7LXJorEhjuKbh2xwMp5RaA","Bruna Karla;Anderson Freire","Identidade","Identidade",43,267168,FALSE,0.853,-6.529,0,0.0633,0.188,0,0.413,0.364,167.915,4,13,"brazil_gospel_trad",0.17
40333,"1GPRgnSUZcUe6xWG1fJwwy","Mattos Nascimento","Harpa Cristã","Que Mudança",42,159764,FALSE,0.334,-9.627,1,0.0286,0.0162,3.88e-06,0.294,0.698,175.282,4,13,"brazil_gospel_trad",0.48
40334,"4REZYGhSITpkC8xUiHAi2T","André e Felipe;Casa Worship;Julliany Souza;Léo Brandão","Em Meu Coração","A Sós (feat. Léo Brandão)",42,267409,FALSE,0.722,-4.597,1,0.0337,0.132,0,0.107,0.476,139.926,4,13,"brazil_gospel_trad",0.16
40336,"39EapDoz0JHCTSDXqMgy1M","Fredy Miller","Não Mais Escravos","Não Mais Escravos",43,288141,FALSE,0.684,-7.798,1,0.0384,0.0188,0.000585,0.239,0.135,73.085,4,13,"brazil_gospel_trad",0.38
40342,"5XWANb1t35rvZLytVAnEXo","Aline Barros","Caminho de Milagres","Poder Pra Salvar (Mighty to Save)",43,359166,FALSE,0.831,-3.876,1,0.0511,0.455,0,0.808,0.382,149.813,4,13,"brazil_gospel_trad",0.53
40349,"4awRg8VFzaSxRnYKSLeI6d","Gabriela Rocha;Mariana Valadão","Juntos Em Adoração (Live 2020)","Braços do Pai / Em Teus braços - Live 2020",43,618676,FALSE,0.489,-6.429,1,0.0383,0.0864,6.54e-05,0.101,0.125,133.42,4,13,"brazil_gospel_trad",0.07
40351,"0C1DEVNH2WCyn6tfvvDdEy","Isaias Saad","Espírito Vem","Espírito Vem",43,328330,FALSE,0.48,-8.519,1,0.0329,0.274,0.000687,0.073,0.155,148.087,4,13,"brazil_gospel_trad",0.31
40360,"1JxseLLcAhM48rfw0pQfYd","Bruna Karla","Aceito o Teu Chamado","Aceito o Teu Chamado",42,265032,FALSE,0.591,-5.058,1,0.0313,0.323,0,0.227,0.3,139.995,4,13,"brazil_gospel_trad",0.51
40361,"6ael0a5FVQXGupOfzpkoOB","Lukas Agustinho","Milagres (Acústico)","Milagres - Acústico",43,290000,FALSE,0.26,-9.556,1,0.0334,0.776,0,0.146,0.129,90.369,3,13,"brazil_gospel_trad",0.17
40365,"5nOzM5Onid922yer0Oy7bC","Palavrantiga","Esperar é Caminhar","Rookmaaker",42,266472,FALSE,0.723,-7.529,1,0.0304,0.0632,0.000104,0.106,0.578,116.876,4,13,"brazil_gospel_trad",0.32
40381,"2Hi3vv6TII5u4q4MwPUQ6v","Lydia Moisés","O Encontro","Além do Rio Azul",42,269351,FALSE,0.538,-8.314,1,0.0425,0.567,8.56e-06,0.109,0.238,75.125,4,13,"brazil_gospel_trad",0.16
40383,"112xCud9jguXjyvcXAknez","Fredy Miller","Destino","Destino",42,349302,FALSE,0.539,-8.074,1,0.0328,0.069,6.56e-05,0.102,0.248,129.659,4,13,"brazil_gospel_trad",0.41
40388,"0dgAGcYsSU319WqjzLO2JP","Ministerio Ipiranga","Venha Teu Reino","Minha Porção",42,283653,FALSE,0.533,-8.902,1,0.0317,0.606,1.25e-06,0.516,0.238,126.05,4,13,"brazil_gospel_trad",0.23
40390,"10REoqlHqSR42l2v2ZKwTJ","Valesca Mayssa","Tô Chegando","Tô Chegando",42,270048,FALSE,0.618,-6.076,1,0.0442,0.676,0,0.143,0.47,123.891,4,13,"brazil_gospel_trad",0.2
40393,"3vLWdZEpit9IuykuzzAZLE","Shirley Carvalhaes","Tudo Sobre Mim","Ditosa Cidade",42,256413,FALSE,0.447,-7.766,1,0.0278,0.0335,0.000141,0.723,0.16,175.952,3,13,"brazil_gospel_trad",0.07
40412,"5hwSpQcgJmb1K7L4QTXYGE","Heloisa Rosa","Celebrar Vitória","Celebrar Vitória",41,300952,FALSE,0.857,-5.184,1,0.0419,0.00301,0.0104,0.069,0.212,125.991,4,13,"brazil_gospel_trad",0.38
40417,"5IeDI91m54XmiKmOp3EG95","Deise do Vale","Ele É Deus","Até Quando",41,230200,FALSE,0.79,-5.347,1,0.0548,0.609,0,0.262,0.482,156.114,4,13,"brazil_gospel_trad",0.15
40436,"2QmBVh6OiFFRgvWGxO1lMa","Gabi Sampaio;Weslei Santos","Na Terra Como no Céu (Here as in Heaven) (feat. Weslei Santos)","Na Terra Como no Céu (Here as in Heaven) (feat. Weslei Santos)",42,445035,FALSE,0.446,-8.299,1,0.0333,0.118,0,0.109,0.141,138.666,4,13,"brazil_gospel_trad",0.26
40444,"1BtemHS8v4yN5Kqu5A7t0i","Israel Salazar","Avante","No Meio Dos Louvores",42,259624,FALSE,0.951,-4.245,1,0.126,0.00444,3.11e-05,0.989,0.185,130.115,4,13,"brazil_gospel_trad",0.2
40472,"7IUzlg0H39s2WMWPNNAgqe","Marcos Antônio","Toma os Pedaços","Quase Morri",41,223791,FALSE,0.442,-12.217,1,0.03,0.278,0,0.364,0.393,105.895,4,13,"brazil_gospel_trad",0.4
40482,"0b9EANOIOKnoZ5yAZYO77Z","Gabriel Guedes de Almeida","Tudo é Possível","Tudo é Possível",41,233112,FALSE,0.671,-6.653,1,0.0474,0.0929,0,0.447,0.398,123.625,3,13,"brazil_gospel_trad",0.34
40500,"4rQSLX4qMiUWL81hEQOuPY","Randy Travis","Top 10","Forever and Ever, Amen",63,212586,FALSE,0.68,-8.492,1,0.0264,0.303,1.51e-05,0.159,0.704,90.607,4,13,"brazil_gospel_trad",0.54
40511,"0P3UvQJlKTMx2g8a4FL7zP","Coral Vozes Guerreiras","20 Super Sucessos: Pagode e Churrasco","Hoje Vou Pagodear / Seja Mais Você",41,270470,FALSE,0.823,-5.85,1,0.161,0.547,0,0.475,0.55,87.753,4,13,"brazil_gospel_trad",0.47
40518,"3RWAeIE2pfAeIvvsSn6D5G","Trazendo a Arca","Ao Vivo no Maracanãzinho, Vol. 2 (Ao Vivo)","Marca da Promessa - Ao Vivo",40,487173,FALSE,0.786,-6.205,1,0.0595,0.00566,0,0.738,0.266,78.036,4,13,"brazil_gospel_trad",0.37
40520,"3X2oSv1BdYiIu7ri3z0eRM","Gabriel Guedes de Almeida","Alvo Mais Que a Neve","Alvo Mais Que a Neve",41,330000,FALSE,0.331,-9.682,1,0.0311,0.86,0,0.102,0.343,129.611,4,13,"brazil_gospel_trad",0.41
40521,"3K3rDGY3giQzCIprR4v3BW","Vitória Souza;Sued Silva","Naturalmente","Naturalmente",41,300053,FALSE,0.527,-5.78,1,0.0315,0.406,0,0.161,0.433,117.895,4,13,"brazil_gospel_trad",0.17
40524,"2fUxb1BQXS5BvamV4TOUj6","Resgate","Ainda não é o último","Vou me lembrar",40,305146,FALSE,0.693,-5.976,1,0.0329,0.00459,1.14e-06,0.1,0.363,115.583,4,13,"brazil_gospel_trad",0.22
40526,"4rQcdah6F4YkgDlmigtAFg","Shirley Carvalhaes","Não Temas","Deus Dará de Volta Tudo pra Você",40,254200,FALSE,0.502,-6.137,1,0.0375,0.736,0,0.0938,0.35,135.931,4,13,"brazil_gospel_trad",0.41
40530,"4PwuiP5jYhdKPFWNJuMHL9","Voz da Verdade","Quando Deus Se Cala","Quando Deus Se Cala",40,373960,FALSE,0.559,-6.335,1,0.0254,0.759,6.6e-06,0.0951,0.319,139.5,4,13,"brazil_gospel_trad",0.31
40540,"5dZ44ovq0lsSvf72vAC1t2","Damares","Diamante (2010)","Preciosidade",41,289960,FALSE,0.708,-4.606,1,0.0331,0.621,0,0.472,0.514,143.862,4,13,"brazil_gospel_trad",0.12
40541,"07rWaFwTzLkyWg2zfQ30ni","Sérgio Lopes","O Amor de Deus","Entre Nós Outra Vez",40,374400,FALSE,0.499,-9.081,0,0.0286,0.499,3.74e-06,0.656,0.161,76.021,4,13,"brazil_gospel_trad",0.41
40543,"5SoyAxzmqc7yc1PdngMewL","Cristina Mel;Priscilla Alcantara","Tua Graça (feat. Priscilla Alcantara)","Tua Graça (feat. Priscilla Alcantara)",41,299844,FALSE,0.634,-3.918,1,0.0317,0.00574,0,0.07,0.236,149.883,4,13,"brazil_gospel_trad",0.28
40554,"5dbruWysUsKNZE5gtrGH71","Stella Laura;Edson Junio","Em Teu Altar","Em Teu Altar",40,369000,FALSE,0.829,-4.463,0,0.0435,0.0733,0,0.122,0.247,127.987,4,13,"brazil_gospel_trad",0.32
40564,"29lMm79Lx7c33ZcSmyk58u","Marcelo Markes","Sinto Fluir: Sessão Acústica","Sinto Fluir: Sessão Acústica",41,275901,FALSE,0.197,-10.362,1,0.0305,0.953,0.116,0.137,0.152,122.045,4,13,"brazil_gospel_trad",0.23
40565,"162RpF0I5vMGaBMMsZ6vqb","Arena Louvor;Fernandinho","Dono do Meu Barco","Dono do Meu Barco",40,434218,FALSE,0.659,-6.531,1,0.0299,0.506,0,0.455,0.315,135.998,4,13,"brazil_gospel_trad",0.47
40569,"26r8GiF91eLTmcQDvpOEIm","Deise do Vale","Ele É Deus","Minha Cruz",40,220733,FALSE,0.529,-7.439,1,0.029,0.659,0,0.3,0.197,95.102,4,13,"brazil_gospel_trad",0.26
40578,"38DylDHZqbZ8zzIasbWFab","Voz da Verdade","Chuva de Sangue","Chuva de Sangue",40,311373,FALSE,0.702,-4.988,1,0.035,0.511,0.00149,0.123,0.212,75.096,4,13,"brazil_gospel_trad",0.35
40586,"6x3OZsw5KqSL0nBsG5P5ch","Gerson Rufino","Enquanto Falam de Mim","Descartável",39,252853,FALSE,0.742,-2.096,1,0.0255,0.254,0,0.611,0.445,99.985,4,13,"brazil_gospel_trad",0.34
40588,"6uRbdxKnVbotYpucskKxxK","Gerson Rufino","Carta Escondida","Contigo Outra Vez",39,231560,FALSE,0.593,-7.002,1,0.0301,0.483,0.000356,0.311,0.668,114.059,4,13,"brazil_gospel_trad",0.31
40591,"2j7MghhJ5Eu6FOyoMYH31U","Aurelina Dourado","Pra Todo Mundo Ouvir","Valeu a Pena Ser Fiel",40,228623,FALSE,0.64,-4.429,1,0.0316,0.707,0,0.135,0.56,96.647,4,13,"brazil_gospel_trad",0.07
40592,"0BNDtgT9yFjdbiQFnRuKcE","Renascer Praise","Daniel (Live)","A Resposta - Live",40,358573,FALSE,0.472,-7.401,0,0.0314,0.263,0,0.891,0.188,119.936,4,13,"brazil_gospel_trad",0.27
40598,"4pb5brx1YoihzV0iY1tgBq","Gerson Rufino","Sobrevivi","Basta uma Palavra",40,250080,FALSE,0.555,-6.283,1,0.0342,0.23,0,0.118,0.504,67.85,5,13,"brazil_gospel_trad",0.42
40610,"3c3DAV2Q8jWj24cLUqUMYI","Vitória Souza","Só Faz Ajudar","Só Faz Ajudar",40,267983,FALSE,0.468,-6.81,0,0.0336,0.318,0,0.123,0.337,119.749,4,13,"brazil_gospel_trad",0.51
40615,"2WkOVkZNTj2Ys77uUnKPpk","J Neto","A Harpa Cristã (Interpretada por J Neto)","O Bondoso Amigo",39,190473,FALSE,0.392,-6.409,1,0.0336,0.792,0.000172,0.12,0.284,81.506,4,13,"brazil_gospel_trad",0.36
40617,"6IextfKBKUZwGfjl6M4akE","Andrea Fontes","Momento de Deus","Permissão de Deus",39,263546,FALSE,0.776,-3.323,1,0.0424,0.783,0,0.179,0.38,134.933,4,13,"brazil_gospel_trad",0.23
40630,"6FKHq6z4nAq1gu4ozU95ac","Gabriel Guedes de Almeida","My Sessions","Eu Me Rendo",40,281722,FALSE,0.215,-9.484,1,0.0307,0.912,2.28e-05,0.0936,0.124,137.617,3,13,"brazil_gospel_trad",0.39
40664,"5TQGLSiv6jJexsucU0wcPm","Rebeca Carvalho","Vendavais (Em Casa Acústico)","Vendavais - Em Casa Acústico",40,281142,FALSE,0.469,-6.825,0,0.0327,0.729,0,0.409,0.276,92.11,5,13,"brazil_gospel_trad",0.38
40673,"2IlFyiCXLg5EK5JChEgWGA","Aline Barros","Aline Barros e Cia 3","Arca de Noé",39,201038,FALSE,0.899,-3.726,1,0.0949,0.374,0,0.247,0.913,140.209,4,13,"brazil_gospel_trad",0.38
40688,"1ygYXKBJq60bBWYYLkyaCm","Rosa de Saron","Acústico e Ao Vivo 2/3","Mais Que um Mero Poema - Ao Vivo",41,375880,FALSE,0.883,-4.648,1,0.0307,0.188,0,0.242,0.188,98.968,4,13,"brazil_gospel_trad",0.3
40689,"0Z4glj2wUh4ZIrFaehS3ms","AO Cubo","Entre o Desespero e a Esperança","Cinderela",41,314213,FALSE,0.626,-7.645,0,0.198,0.365,0,0.166,0.708,149.89,4,13,"brazil_gospel_trad",0.41
40691,"1Pg7pX24fz55TgRcnDi9YE","Eli Soares;Ministério Nova Jerusalém","Memórias 2 (Ao Vivo)","Tua Unção - Ao Vivo",39,302148,FALSE,0.484,-10.334,1,0.0415,0.186,0,0.344,0.277,134.936,4,13,"brazil_gospel_trad",0.5
40721,"2JTyKEvUv60PdRPSButEgl","Delino Marçal","Breve Virá","Breve Virá",39,211435,FALSE,0.7,-5.643,1,0.0458,0.04,0,0.171,0.454,135.944,4,13,"brazil_gospel_trad",0.31
40743,"2gvn5QvlQdnE2T06ErTaer","Crianças Diante do Trono","Crianças Diante do Trono","O Amor do Nosso Deus",39,310106,FALSE,0.263,-8.664,1,0.0278,0.709,0,0.322,0.232,133.896,4,13,"brazil_gospel_trad",0.29
40744,"0D3J5hfXcaQLeMmZVxD4S7","Gerson Rufino","Homem Invisível","Minha Fé",38,226640,FALSE,0.495,-9.668,1,0.035,0.252,6.64e-06,0.18,0.21,135.87,4,13,"brazil_gospel_trad",0.35
40746,"1a0o8IHsqnvW313P98H5oM","Salzband","A Esperança Se Renova","Meu Coração Te Pertence",40,378573,FALSE,0.386,-8.555,1,0.0261,0.0504,5.6e-06,0.0639,0.424,139.983,4,13,"brazil_gospel_trad",0.45
40749,"6lp6PPv7PjP8mLLP7bVjgZ","Aline Barros","Aline Barros 20 Anos Ao Vivo","Jesus Cristo Mudou Meu Viver (What a Difference You've Made In My Life) - Ao Vivo",39,236840,FALSE,0.459,-6.734,1,0.0286,0.215,2.74e-06,0.972,0.197,172.003,4,13,"brazil_gospel_trad",0.21
40752,"6JtAUX42kf3oOWJvZuOCs2","Pr. Júlio Ribeiro","Cantor Cristão e Harpa Cristã 9","Oh Quão Cego Andei",39,183903,FALSE,0.155,-11.032,1,0.0358,0.868,0,0.104,0.438,137.811,4,13,"brazil_gospel_trad",0.39
40756,"22Yk1yPGtoAaJMUJEFlco2","Dunamis Music;Rapha Gonçalves;Victor Valente","Primeiro Amor (Ao Vivo)","Primeiro Amor - Ao Vivo",39,747346,FALSE,0.279,-10.801,1,0.0344,0.71,0,0.146,0.131,130.923,4,13,"brazil_gospel_trad",0.46
40760,"65qrLy7UvfRH7hNNlrGttM","Fernandinho","Galileu - Ao Vivo (Deluxe)","Hosana - Ao Vivo",38,255373,FALSE,0.912,-5.516,1,0.0432,0.0537,7.69e-06,0.675,0.206,108.06,4,13,"brazil_gospel_trad",0.13
40761,"5oDkgd1jpgrT0wcHwtsSQq","Trazendo a Arca","Salmos e Cânticos Espirituais","Em Ti Esperarei - Salmo 27",38,314586,FALSE,0.697,-4.878,0,0.0328,0.131,0,0.0718,0.271,139.975,4,13,"brazil_gospel_trad",0.18
40762,"4d6jPYgl4nvPN2XKMyOj0V","Jairo Bonfim","Eu Clamei","Mestre",39,324893,FALSE,0.602,-4.794,0,0.0311,0.642,0,0.183,0.213,73.044,4,13,"brazil_gospel_trad",0.59
40772,"1ChnX2usc3g854cLBGClvc","J Neto","Retorno","O Rosto de Cristo",38,220933,FALSE,0.35,-9.687,1,0.0296,0.812,2.97e-05,0.125,0.419,180.19,4,13,"brazil_gospel_trad",0.46
40775,"6UG8qpI0MhYNU7nvm2QmoT","Cassiane","25 Anos de Muito Louvor","Medley - Hino da Vitória / Recompensa",38,418237,FALSE,0.583,-6.955,1,0.041,0.565,0,0.797,0.35,141.806,4,13,"brazil_gospel_trad",0.25
40792,"6D0kRtdXs44vIWevOblw4I","Eli Soares;João Alexandre","Memórias 2 (Ao Vivo)","Todos São Iguais - Ao Vivo",38,256197,FALSE,0.781,-8.847,0,0.06,0.0668,0,0.692,0.771,100.013,4,13,"brazil_gospel_trad",0.24
40793,"18a9QFyrmJwILt7F9EfwaX","Paulo Cesar Baruk;Leandro Rodrigues","Piano e Voz, Amigos e Pertences 2 (Ao Vivo)","Teu Amor Não Falha - Ao Vivo",39,328866,FALSE,0.653,-10.034,1,0.0692,0.45,0,0.974,0.504,115.952,4,13,"brazil_gospel_trad",0.61
40797,"06W5Cw6eutln721NGGKc1g","Daniel & Samuel;André e Felipe","Deus por Mim","Deus por Mim",39,223200,FALSE,0.683,-6.328,1,0.0317,0.385,0,0.0953,0.817,110.021,4,13,"brazil_gospel_trad",0.21
40806,"3MqMwwQekZvxoIIJyYv9GW","Dunamis Music;Rapha Gonçalves;Brunão Morada","The Send Brasil (Ao Vivo)","Vem Derrama / Faz Chover / A Terra Clama - Ao Vivo",39,332838,FALSE,0.775,-5.322,0,0.0448,0.157,0,0.211,0.13,142.573,4,13,"brazil_gospel_trad",0.24
40815,"4iH2dwF9IkH3hQdNxzDz9j","Quatro por Um","Deixa o Céu Descer","O Mover do Espírito",38,296565,FALSE,0.769,-5.219,0,0.0288,0.00731,0,0.289,0.428,145.949,4,13,"brazil_gospel_trad",0.56
40816,"2W8Ctbm6kG0Q81ebOQITFR","Jeyzer Maia","Deus Não Falhará","Ao Único",39,215920,FALSE,0.179,-14.551,1,0.0347,0.924,3.13e-06,0.111,0.279,127.599,3,13,"brazil_gospel_trad",0.46
40822,"2W6ysQKAmbfRbMV5HVUUDO","Antonio Cirilo","A Presença Da Glória","Intimidade",39,295160,FALSE,0.102,-16.856,1,0.0327,0.913,2.08e-05,0.096,0.214,103.96,4,13,"brazil_gospel_trad",0.53
40824,"37ggwqTDiNfFIZaxUsLAjh","João Alexandre","Acústico","Teus Altares",38,226720,FALSE,0.134,-14.648,1,0.0373,0.933,0.000389,0.107,0.381,104.834,4,13,"brazil_gospel_trad",0.17
40831,"37QXq42xGy7Qmzqsozd1aM","Daniela Araújo","Criador do Mundo","Criador do Mundo",38,249306,FALSE,0.667,-5.294,1,0.0259,0.261,3.42e-05,0.143,0.217,95.045,4,13,"brazil_gospel_trad",0.32
40841,"37XkLh9OwbbaWPG9zJafXK","Cristina Mel","Som do Amor","Jerusalém e Eu",39,297540,FALSE,0.526,-5.798,1,0.0274,0.75,0,0.0998,0.178,130.127,4,13,"brazil_gospel_trad",0.2
40878,"0FqBW0B73YSpw5NcmVWI4p","Klebson Kollins","Impressionante (Ao Vivo)","Impressionante - Ao Vivo",39,328000,FALSE,0.619,-6.471,1,0.0294,0.0502,0.00423,0.103,0.0596,134.961,4,13,"brazil_gospel_trad",0.46
40880,"32lcnZn71fZ4C9CiPrIptw","Mattos Nascimento","Harpa Cristã","Há Poder no Sangue de Jesus",37,229302,FALSE,0.498,-7.079,1,0.0249,0.236,0,0.114,0.482,79.192,4,13,"brazil_gospel_trad",0.11
40883,"7Cdo20MPK9QSQabUVEXfwS","Rachel Novaes;Julia Vitória","Jesus é o Centro (Jesus At The Center) [Ao Vivo]","Jesus é o Centro (Jesus At The Center) - Ao Vivo",38,346346,FALSE,0.377,-9.66,1,0.0349,0.524,0,0.166,0.299,135.959,4,13,"brazil_gospel_trad",0.26
40900,"4ad1Cxg3SH5053Q7U2tiLO","Guy Penrod","Hymns","Count Your Blessings",42,203160,FALSE,0.414,-6.428,1,0.0276,0.787,1.2e-06,0.0744,0.226,84.03,4,13,"brazil_gospel_trad",0.14
40904,"2MHys4QtjlA9PW4vpWMHme","Daniela Araújo","Santo","Santo",38,218538,FALSE,0.437,-9.071,1,0.0392,0.791,0.00299,0.148,0.23,97.978,4,13,"brazil_gospel_trad",0.4
40905,"0g9ZJthUXOHRZi8VGlTeg1","Dunamis Music;MORADA","The Send Brasil ONLINE","Emaús",38,390838,FALSE,0.741,-5.185,1,0.0498,0.322,0,0.105,0.22,139.997,4,13,"brazil_gospel_trad",0.28
40906,"6EU77FdHD4uuuBUf89lghI","Thaiane Seghetto","Fala Comigo","Fala Comigo",38,223375,FALSE,0.622,-7.029,1,0.027,0.0179,0,0.0791,0.416,143.87,4,13,"brazil_gospel_trad",0.2
40912,"2j3jKZm09BQYgy4ogvPgUF","Gabriela Rocha","Pra Onde Iremos?","Vou Te Adorar",38,207866,FALSE,0.863,-3.276,1,0.0399,0.201,2.28e-06,0.118,0.255,135.143,4,13,"brazil_gospel_trad",0.09
40923,"1TrBxJdVre9fDf5nEO7v9N","Gabriela Rocha","Jesus","Reconhecemos",38,273080,FALSE,0.387,-6.03,1,0.0291,0.344,0,0.118,0.112,111.93,4,13,"brazil_gospel_trad",0.26
40927,"3xIPfMxsPGsN98bedAYqQ3","Ministério Adoração e Vida;Adriana Arydes","Em Santidade","Decididamente",39,315093,FALSE,0.598,-3.89,1,0.034,0.397,0,0.181,0.307,131.956,4,13,"brazil_gospel_trad",0.14
40932,"2iYXSXjBdWroGKE69mGadT","Leonardo Gonçalves","Principio (Ao Vivo)","bondade - Ao Vivo",37,251866,FALSE,0.683,-6.461,1,0.032,0.345,5.04e-05,0.924,0.3,117.989,4,13,"brazil_gospel_trad",0.52
40933,"4lADaIG68wwDcYeSDRy86i","Cristina Mel","Tudo por Você","Tudo por Você",38,275253,FALSE,0.585,-4.925,1,0.0324,0.366,0,0.176,0.389,131.941,4,13,"brazil_gospel_trad",0.15
40935,"5QUjSnLOXb7ors2PiUm8Cg","Nani Azevedo","Excelência","O Melhor Desta Terra",37,396506,FALSE,0.724,-7.272,1,0.0565,0.335,0,0.138,0.343,62.06,4,13,"brazil_gospel_trad",0.5
40946,"1irO0WkYsvyJn69eU2WPtp","Cassiane","Nível do Céu","O Leão e o Cordeiro",37,380110,FALSE,0.721,-2.279,1,0.031,0.524,0,0.099,0.148,139.927,4,13,"brazil_gospel_trad",0.16
40955,"71SkFSzzAmdsM2Kgzpo35c","Isaias Saad;Luma Elpidio","Isaias Saad","Estou Aqui",38,284440,FALSE,0.354,-8.585,1,0.0284,0.522,5.46e-05,0.0747,0.128,134.057,4,13,"brazil_gospel_trad",0.27
40957,"3AuqTrp6jqLVXc5DvXKtAV","Thalles Roberto","Pentecostes (Ao Vivo) [Deluxe]","Jacó Segurou O Anjo (Ao Vivo na Lagoinha Alphaville)",38,248947,FALSE,0.979,-4.982,0,0.09,0.0168,8.5e-05,0.822,0.523,109.999,4,13,"brazil_gospel_trad",0.56
40966,"3ghY1MUkBTB80hwDHXCroW","Gabriela Rocha","Juntos Em Adoração (Live 2020)","Lugar secreto / Pai nosso - Live 2020",38,515385,FALSE,0.835,-4.053,0,0.0545,0.00477,0,0.236,0.235,136.624,4,13,"brazil_gospel_trad",0.44
40986,"2Iivr4Fw5UsADw9HKbqhk4","Asaph Borba","Jubileu 25 Anos","Jesus em Tua Presença",37,320160,FALSE,0.482,-7.575,1,0.0302,0.308,0,0.558,0.194,107.472,4,13,"brazil_gospel_trad",0.48
41031,"2drouoeVvVzz5cRfe9VK8W","Siouxsie and the Banshees","Halloween Songs | Witches Hour","Halloween",1,221466,FALSE,0.91,-7.097,1,0.08,0.0116,0.000518,0.212,0.364,171.75,4,15,"underground_heavy_hybrid",0.58
41048,"5Zzlx30trBD0YtHJelBF1z","The Cramps","Twisted Halloween Hits","I Was A Teenage Werewolf - Remastered",0,183866,FALSE,0.601,-10.493,1,0.0536,0.000866,0.0455,0.321,0.49,114.543,4,15,"underground_heavy_hybrid",0.75
41055,"5eVZkAsMWVeco6tARgthS4","Lani Mo","T(r)aktkänsla","Traktkänsla",35,143400,FALSE,0.698,-7.208,1,0.0958,0.611,0,0.106,0.465,92.738,4,15,"underground_heavy_hybrid",0.95
41061,"1OX7MYik5uRJq1VBH6eOoK","Timo Räisänen;Amanda Ginsburg","Blinkar blå","Blinkar blå",32,245373,FALSE,0.355,-9.53,0,0.0557,0.417,4.19e-06,0.0444,0.785,121.204,4,15,"underground_heavy_hybrid",0.84
41072,"3iamODg6JJkhG8iCME2CWG","Håkan Hellström","Vänta tills våren","Vänta tills våren",34,389737,FALSE,0.452,-7.525,1,0.0281,0.69,0,0.0602,0.312,104.514,4,15,"underground_heavy_hybrid",0.88
41074,"3od3TT0urEB8HMaFZhaEYW","Timo Räisänen","Lyckliga gatan","Lyckliga gatan",33,250706,FALSE,0.663,-8.698,0,0.146,0.476,0,0.377,0.391,102.994,4,15,"underground_heavy_hybrid",0.63
41077,"6UUvEYYyVOu2jlkXpPVBc7","Håkan Hellström","Håkan Boma Ye! (Live)","Valborg (Live)",34,295666,FALSE,0.507,-8.872,1,0.0373,0.758,0.00141,0.95,0.227,146.849,3,15,"underground_heavy_hybrid",0.7
41080,"3sKpv29OT60Bj1nqMTk5vp","Håkan Hellström","Luften bor i mina steg","Äntligen på väg",34,148840,FALSE,0.58,-7.815,1,0.028,0.366,0.0178,0.459,0.352,94.042,4,15,"underground_heavy_hybrid",0.81
41084,"3L6C4MG2zFzZ5CE1JQ9tCo","Håkan Hellström","Känn ingen sorg för mig Göteborg","Dom dimmiga dagarna",35,191533,FALSE,0.422,-6.45,1,0.033,0.00676,4.65e-06,0.295,0.179,122.683,3,15,"underground_heavy_hybrid",0.66
41088,"5EhS3QVhDcAorvZPKqNCAU","Håkan Hellström","Känn ingen sorg för mig Göteborg","Atombomb",35,271626,FALSE,0.702,-5.69,1,0.0473,0.00768,0.452,0.347,0.413,102.962,4,15,"underground_heavy_hybrid",0.65
41089,"552btQqImGwYpCQj1uWntl","Håkan Hellström","Ett kolikbarns bekännelser","Hurricane Gilbert",38,382093,FALSE,0.667,-7.176,1,0.0307,0.0639,0.000514,0.354,0.591,151.065,4,15,"underground_heavy_hybrid",0.92
41092,"33K05kfIRvNzkPgWc85E7m","Jonas Lundqvist","Den okända floden","En dikt, en bok, ett band",36,160764,FALSE,0.885,-3.709,1,0.0477,0.325,0,0.343,0.765,120.231,4,15,"underground_heavy_hybrid",0.76
41097,"0nlxkDzyZPBFxaFQqoNdYy","Håkan Hellström","2 steg från paradise (Deluxe Version)","2 steg från paradise",39,347720,FALSE,0.757,-6.471,1,0.162,0.147,0,0.339,0.712,141.96,4,15,"underground_heavy_hybrid",0.79
41099,"25OiwUZWgAm4sLteTYFgg0","New Model Army","Thunder And Consolation","I Love the World",32,308200,FALSE,0.719,-12.742,1,0.0647,0.00652,0.011,0.108,0.16,161.841,4,15,"underground_heavy_hybrid",0.96
41105,"4yU1riWbAJLjQPMkeouacD","Arvid Lundquist","Låt det regna","Låt det regna",32,211626,FALSE,0.683,-6.409,1,0.283,0.241,2.61e-06,0.0932,0.533,83.245,4,15,"underground_heavy_hybrid",0.78
41109,"0JBQnLKfLXmlkquabLtAgd","In Flames","Clayman","Only for the Weak",63,294866,FALSE,0.835,-4.824,0,0.0449,2.33e-06,0.766,0.289,0.549,104.986,4,15,"underground_heavy_hybrid",0.91
41125,"5G58fsWcZc1d6NY89D5yiq","Joe Buck Yourself","Piss and Vinegar","Demon in My Head",32,194176,TRUE,0.891,-7.9,1,0.0393,0.375,3.63e-06,0.391,0.627,120.668,4,15,"underground_heavy_hybrid",0.91
41128,"66kqrFVROVop0UX709Irwx","Black Eyed Vermillion;The Inheritance","The Pleasure Tide","Pass the Bottle",30,250520,FALSE,0.579,-4.256,0,0.0386,0.104,0,0.0589,0.289,133.065,4,15,"underground_heavy_hybrid",0.65
41138,"5VjScoCMCxa4fVKiAYYjln","Håkan Hellström","Du gamla du fria","Öppen genom hela natten",32,281522,FALSE,0.829,-5.321,1,0.0609,0.156,0.802,0.137,0.566,113.392,4,15,"underground_heavy_hybrid",0.75
41146,"4jw37be7lRkmbZ9p6ENGD9","Håkan Hellström","Känn ingen sorg för mig Göteborg","Jag var bara inte gjord för dessa dar",33,263933,FALSE,0.935,-5.864,0,0.101,0.00023,2.1e-05,0.214,0.512,88.711,4,15,"underground_heavy_hybrid",0.55
41147,"70QGFY5PktLr8fsn1t96SK","Håkan Hellström","2 steg från paradise (Deluxe Version)","Det dom aldrig nämner",33,285613,FALSE,0.854,-4.734,1,0.0313,0.00499,4.89e-06,0.105,0.763,128.057,4,15,"underground_heavy_hybrid",0.97
41151,"1qcxdQUQ4nljA7pHJBX3Yc","Shamrain","Someplace Else","To Leave",50,267160,FALSE,0.687,-5.014,0,0.028,3.42e-05,0.216,0.197,0.354,160.013,4,15,"underground_heavy_hybrid",0.79
41155,"1P1u2H8BTKaKTRhsQAwFH4","Traitrs","Butcher's Coin","Thin Flesh",54,218750,FALSE,0.734,-2.29,1,0.0398,6.4e-06,0.25,0.0967,0.185,76.517,4,15,"underground_heavy_hybrid",0.79
41157,"3NOnCLiEN4TvmcizWIIkNG","Petrus","Sjunger i minor","Sjunger i minor",30,189777,TRUE,0.494,-9.356,0,0.048,0.336,0,0.307,0.48,139.71,4,15,"underground_heavy_hybrid",0.77
41160,"4waEOLXIQUNqFs5RWAzeYN","Hofmästarn;Petrus","Kefas","Överlever Vintern",30,216364,FALSE,0.49,-10.709,0,0.098,0.405,2.66e-06,0.231,0.481,134.983,4,15,"underground_heavy_hybrid",0.84
41176,"1tyj1zfXtVhfcAi14dyZND","Håkan Hellström","Nåt gammalt, nåt nytt, nåt lånat, nåt blått","Jag vill ha allting",30,262000,FALSE,0.539,-10.043,1,0.0279,0.886,0.361,0.37,0.533,109.817,4,15,"underground_heavy_hybrid",0.93
41181,"5jqJx4nlEEd9MwMIYn3Hgp","Vision Video","Inked in Red","Static Drone",29,202240,FALSE,0.939,-3.895,1,0.0435,0.072,0.00523,0.0928,0.737,84.067,4,15,"underground_heavy_hybrid",0.89
41184,"0eV3PB3T0OxW4feG1DlOjQ","HammerFall","Crimson Thunder","Hearts on Fire",63,231386,FALSE,0.901,-5.981,1,0.0492,0.000431,3.59e-06,0.672,0.337,90.997,4,15,"underground_heavy_hybrid",0.63
41223,"6IYLlgg0pYZbg7QJcWxld1","Ugly Valley Boys","Double Down","Shadows Fire",27,174146,FALSE,0.668,-9.509,1,0.0347,0.718,7.06e-06,0.136,0.843,94.539,4,15,"underground_heavy_hybrid",0.83
41239,"71yBNgcDSOc0IJZ4bPlrcw","Håkan Hellström","Håkan Boma Ye! (Live)","Jag vet inte vem jag är men jag vet att jag är din (Live)",29,271106,FALSE,0.878,-6.964,1,0.0597,0.0479,0.0032,0.792,0.378,160.696,4,15,"underground_heavy_hybrid",0.88
41246,"1ZdhsDAC5Pn0x2nwPJdxpu","Avatar","Thoughts of No Tomorrow","War Song",29,134920,FALSE,0.948,-5.811,0,0.0731,0.000211,0.825,0.096,0.649,120.014,4,15,"underground_heavy_hybrid",0.76
41264,"2TZTw3t1RNXF3s7PgEwnXa","KÅRP","Album 1","Therapist^2",26,205413,FALSE,0.697,-8.424,0,0.0365,0.174,0.00366,0.0769,0.0877,119.963,4,15,"underground_heavy_hybrid",0.95
41270,"02rMawfX5aNC9eIfpCbhUG","buller;Grayuboi;GLOBBY;El Chilli;Kladd","Kalas","Kalas",26,168421,TRUE,0.649,-6.019,1,0.139,0.352,0,0.666,0.769,120.072,4,15,"underground_heavy_hybrid",0.8
41273,"645M5Q5ZGKgwYkfKl51nbU","Håkan Hellström","Du gamla du fria","Jag utan dig",28,244995,FALSE,0.465,-10.729,1,0.0322,0.581,0.184,0.258,0.412,103.765,4,15,"underground_heavy_hybrid",0.79
41298,"19UE05rcUZlSOk9hbvUaQd","New Model Army","Thunder And Consolation","White Coats",26,257933,FALSE,0.785,-11.707,0,0.0445,0.417,0.000176,0.0773,0.411,91.245,4,15,"underground_heavy_hybrid",0.93
41339,"2u24fPgbr1HoAQxghFLQ8Y","Håkan Hellström","Det är så jag säger det","Mississippi kan vänta",26,296613,FALSE,0.846,-6.235,0,0.0527,0.00551,0.0223,0.0669,0.446,144.799,4,15,"underground_heavy_hybrid",0.63
41348,"0LJ32ClTvkOjp2TmrZJO4x","New Model Army","No Rest For The Wicked","Better Than Them",26,190866,FALSE,0.836,-7.88,1,0.0445,0.063,0,0.183,0.79,135.059,4,15,"underground_heavy_hybrid",0.96
41356,"2kpjkKDk5B3FDWyciTAjS7","Lani Mo","Låt oss leva","PARA",25,208040,TRUE,0.713,-5.586,0,0.0388,0.629,0,0.141,0.946,100.147,4,15,"underground_heavy_hybrid",0.89
41367,"5WqtCTkM6LIvj1wOEfA2k2","HammerFall","Crimson Thunder","Dreams Come True",43,242626,FALSE,0.354,-8.22,0,0.0307,0.169,0,0.14,0.268,140.084,4,15,"underground_heavy_hybrid",0.78
41372,"4T6Q2BquZQAoG0ztPeO5yC","Jayke Orvis","Its All Been Said","Feelings Like This",24,292859,TRUE,0.349,-12.157,0,0.0324,0.242,0.267,0.125,0.596,137.675,4,15,"underground_heavy_hybrid",0.75
41373,"1HSc7UcNE3xsyhUy2keaDo","obnoXIuz","Mellan Gott & Ont","Knack Knack",26,199480,FALSE,0.719,-8.387,0,0.488,0.0294,0,0.0605,0.663,90.735,4,15,"underground_heavy_hybrid",0.81
41376,"4xEHOrM6L6J6KetxEVI3hd","Avatar","Schlacht","All Which Is Black",26,173453,FALSE,0.963,-5.199,1,0.0845,6.83e-06,0.0167,0.29,0.486,149.964,4,15,"underground_heavy_hybrid",0.84
41395,"0nUIfGclAnSgTLiKPwDAXK","HammerFall","Renegade","A Legend Reborn",26,312653,FALSE,0.776,-8.326,1,0.0402,0.00138,9.88e-06,0.0635,0.46,122.948,4,15,"underground_heavy_hybrid",0.92
41397,"5d0B19teJRYmeAx1B5vH9K","Within Temptation","Mother Earth","Ice Queen - Live",25,310026,FALSE,0.67,-8.206,0,0.0472,0.00603,0,0.336,0.321,185.116,4,15,"underground_heavy_hybrid",0.74
41402,"0Jt4oMpZKEFRrHYBNglgzt","Dissection","Reinkaos","Maha-Kali",40,366333,FALSE,0.853,-4.733,0,0.0303,3.37e-05,0.126,0.0919,0.648,109.019,4,15,"underground_heavy_hybrid",0.89
41405,"0I7y3aEavUHgkt4aCreBDa","Lacuna Coil","Comalies","Heaven's a Lie",51,286533,FALSE,0.881,-3.458,0,0.0403,0.0011,0.00279,0.124,0.384,140.004,4,15,"underground_heavy_hybrid",0.95
41418,"5xNMQfKiF6QXVO01YLcZDP","Håkan Hellström","PS. lycka till i kväll","Aprilhimlen",25,282213,FALSE,0.865,-5.56,1,0.0563,0.000971,4.99e-05,0.0836,0.482,109.163,4,15,"underground_heavy_hybrid",0.9
41424,"4CTQxpHlgMLtZpClDfxgUw","Steget","Längst bak i publiken","Längst bak i publiken",24,278445,FALSE,0.342,-11.334,0,0.033,0.785,0.000204,0.0899,0.362,143.992,4,15,"underground_heavy_hybrid",0.8
41430,"648sg880AzlNrq7i8a1jkj","Reverend Glasseye","Black River Falls","Midnight Cabaret",24,184333,FALSE,0.813,-7.655,1,0.0465,0.0176,2.79e-05,0.0638,0.897,152.163,4,15,"underground_heavy_hybrid",0.78
41435,"0QSx3sQoHPNUfg2vwh5tOi","Therion","Theli","Nightside of Eden",25,449280,FALSE,0.739,-7.746,1,0.0339,0.000155,0.0458,0.227,0.308,138.986,4,15,"underground_heavy_hybrid",0.8
41438,"5EjdlN9Utk2ZciKKzhfFBl","Håkan Hellström","Du gamla du fria","Lämna mig inte i det här skicket",25,230733,FALSE,0.732,-6.813,1,0.0287,0.000561,0.000904,0.295,0.389,120.038,4,15,"underground_heavy_hybrid",0.77
41447,"2LCQRwCzSWyFeI62SBxAUV","Zombina & The Skeletones","That Doll Just Tried to Kill Me (And Other Chilling Tales of Mind-Bending Horror)","I Was a Teenage Frankenstein",24,59500,FALSE,0.927,-6.738,1,0.041,0.0469,0.000337,0.751,0.696,98.569,4,15,"underground_heavy_hybrid",0.92
41456,"2t34NVhBMk3VqQv9SNjOv7","KÅRP","Album 1","Devotion",23,206949,FALSE,0.728,-9.581,0,0.074,0.125,0.0918,0.205,0.162,129.955,4,15,"underground_heavy_hybrid",0.96
41457,"3AbeaYvogQfNX6iyK4xrOI","Hofmästarn;Stefan Missios","På moln","Upp & Ner",23,201403,FALSE,0.506,-6.507,1,0.246,0.457,9.28e-06,0.0677,0.738,88,4,15,"underground_heavy_hybrid",0.77
41460,"3JEtu0701R9e9jZWbxwExO","buller;LKN;El Chilli","Badabing","Badabing",23,170400,FALSE,0.638,-5.81,1,0.0496,0.029,7.3e-05,0.335,0.403,100.022,4,15,"underground_heavy_hybrid",0.85
41466,"5LCjZoCHRvB8uwsALLmKLS","Lacuna Coil","In a Reverie","Honeymoon Suite",22,270960,FALSE,0.82,-7.263,1,0.0556,0.00168,0.000331,0.132,0.494,118.081,4,15,"underground_heavy_hybrid",0.85
41471,"2arD3ec7sJyrM3AAQA1N8P","Unleash The Archers","Defy the Skies","Upon Ashen Wings",24,311823,FALSE,0.974,-3.309,0,0.163,5.11e-05,0.0011,0.138,0.2,140.027,4,15,"underground_heavy_hybrid",0.84
41472,"1hDMHBbFCXMMZCS2EOBYKV","In Flames","Subterranean","Ever Dying",26,263200,TRUE,0.826,-7.993,0,0.0591,0.00116,0.856,0.203,0.162,138.698,4,15,"underground_heavy_hybrid",0.6
41481,"0tUZIfMQCUFpPz4JMfTKfQ","Roffe Ruff;Pst/Q","Och han älskade dom alla","Svavel och salpeter",24,208208,FALSE,0.717,-8.17,0,0.266,0.188,0,0.409,0.839,160.928,4,15,"underground_heavy_hybrid",0.58
41491,"785u6F17y3IIUl4qdbEDhD","New Model Army","Winter","Die Trying",23,215233,FALSE,0.271,-14.918,1,0.0323,0.858,8.23e-06,0.132,0.549,155.889,4,15,"underground_heavy_hybrid",0.72
41517,"1sAF18kgegdsrhitXdreDO","Slowgold","Kärlek","Vill inte du",23,305080,FALSE,0.49,-8.874,0,0.0269,0.078,0.617,0.0762,0.639,104.826,4,15,"underground_heavy_hybrid",0.67
41519,"5SNDGulFALe3DpSbuYarl7","Nightwish","Century Child","Ever Dream",54,282933,FALSE,0.873,-7.097,0,0.0594,0.000518,0.000158,0.277,0.25,147.806,4,15,"underground_heavy_hybrid",0.88
41533,"3Rguj1t1DIaFWiIxg1uC9b","Deathstars","Synthetic Generation","Syndrome",24,191346,FALSE,0.742,-8.164,1,0.0599,0.000899,0.868,0.0841,0.237,92.082,4,15,"underground_heavy_hybrid",0.86
41568,"2waLtrS0yyXvlQ7i4LkbFm","Terra ","Underbara saker","Kackerlacka",23,167746,FALSE,0.674,-8.81,0,0.0287,0.0366,0,0.105,0.475,90.041,4,15,"underground_heavy_hybrid",0.94
41569,"7GDbd2ZQ4kfp2aJxlctPig","Moonspell","Irreligious","A Poisoned Gift",22,334533,FALSE,0.826,-8.839,1,0.0542,0.000199,0.71,0.1,0.109,124.542,4,15,"underground_heavy_hybrid",0.96
41570,"4ngkoOK7aDLvbXaGKWU71Y","Kamelot","Ghost Opera: The Second Coming","Blücher",25,243506,FALSE,0.976,-3.759,1,0.129,0.0459,0.00478,0.11,0.248,104.972,3,15,"underground_heavy_hybrid",0.93
41573,"6I1TKbVfGUvi8hXZwMrlfh","The Ghastly Ones","Hallmark Guitars Presents: The Kustom Kings","Kargoyle",23,153493,FALSE,0.828,-6.213,0,0.0384,0.00358,0.835,0.28,0.725,98.633,4,15,"underground_heavy_hybrid",0.94
41595,"0IIC2K4afDE3WImg3ElGq2","Håkan Hellström","För sent för Edelweiss","Dom fyra årstiderna",23,216346,FALSE,0.889,-5.559,1,0.06,0.687,0.733,0.185,0.58,97.604,4,15,"underground_heavy_hybrid",0.88
41604,"3634aKisKlGdUfD9V3MOY5","Type O Negative","Bloody Kisses (Top Shelf Edition)","Christian Woman",56,538106,FALSE,0.619,-8.965,1,0.04,0.148,0.0243,0.22,0.131,90.019,4,15,"underground_heavy_hybrid",0.75
41622,"5yfNK1ZKXsWhtflOZd3rBX","Clan of Xymox","Clan Of Xymox","Stumble and Fall",24,305000,FALSE,0.37,-17.108,1,0.032,0.0131,0.0124,0.0991,0.509,131.072,4,15,"underground_heavy_hybrid",0.77
41623,"3HCzXf0lNpekSqsGBcGrCd","Nightwish","Imaginaerum","I Want My Tears Back",48,307533,FALSE,0.959,-3.721,0,0.064,0.00065,0.00013,0.0524,0.558,139.968,4,15,"underground_heavy_hybrid",0.78
41637,"7gOVxn8jQX8rhBYcKfMtBn","Within Temptation","Black Symphony","The Truth Beneath The Rose",22,442773,FALSE,0.867,-6.857,0,0.063,0.00189,3.52e-06,0.959,0.191,119.487,4,15,"underground_heavy_hybrid",0.64
41645,"0KPcMlo0HE24n569CuYRYb","Unleash The Archers","Time Stands Still","Tonight We Ride (Video Edit)",23,323142,FALSE,0.947,-5.495,0,0.116,0.000317,9.19e-05,0.308,0.32,159.996,4,15,"underground_heavy_hybrid",0.67
41656,"2tekEYJoRgNW5612ljzCdV","Stream of Passion","A War of Our Own","Delirio",21,302120,FALSE,0.659,-6.335,1,0.0347,0.0416,0.000218,0.06,0.165,99.997,4,15,"underground_heavy_hybrid",0.89
41657,"4oJgwqOuG0v1TIp4d6J5CM","Harsh Symmetry","Display Model","Severance",22,251000,FALSE,0.76,-8.42,1,0.0312,0.00834,0.446,0.15,0.917,119.979,4,15,"underground_heavy_hybrid",0.87
41660,"5NuELzFROpg4Br5lQZ6zNw","Specimen","Wet Warm Cling Film Red Velvet Crush","Lovers",22,184040,FALSE,0.596,-7.705,1,0.0251,4.48e-05,6.11e-06,0.352,0.366,130.683,4,15,"underground_heavy_hybrid",0.79
41675,"3d1IeJFz3z4vLgmD8BNgtP","Spear Of Destiny","One Eyed Jacks (Expanded Edition)","Prisoner Of Love",21,216893,FALSE,0.904,-5.326,0,0.0684,0.000165,0.00186,0.186,0.629,122.866,3,15,"underground_heavy_hybrid",0.88
41689,"66mxYpOUiqrZJglHd4LiFr","Anabantha","Sin Decir Adiós","El Crepusculo",23,216590,FALSE,0.55,-6.856,1,0.0331,0.317,5.92e-05,0.155,0.0798,120.141,4,15,"underground_heavy_hybrid",0.65
41693,"7oZA27Pgqzffx3Yu0923UT","Steget","Förändrar Allt","Kom Igen",22,231360,FALSE,0.506,-5.964,1,0.0318,0.647,0,0.101,0.545,128.181,4,15,"underground_heavy_hybrid",0.64
41695,"2ZYzHk9xJsGuj7BVtmnyrG","Epica","Design Your Universe","Incentive",22,254905,FALSE,0.967,-5.059,1,0.0778,0.00109,0.396,0.0624,0.302,113.895,4,15,"underground_heavy_hybrid",0.77
41700,"0hP0ZyupGW3dEmWHHLZrb0","Parham","Torsken","Oysters",23,199177,FALSE,0.544,-7.579,0,0.0943,0.0216,0,0.0906,0.416,123.586,4,15,"underground_heavy_hybrid",0.76
41703,"3P4Vcz7MhJngRf8WUAaoA0","Rotting Christ","Kata Ton Daimona Eaytoy (Do What Thou Wilt)","Χ Ξ Σ - 666",46,348053,FALSE,0.758,-6.329,1,0.0312,0.00114,0.829,0.0978,0.0993,84.003,4,15,"underground_heavy_hybrid",0.63
41717,"7i7WpJsJ6cSIupFbcfQreN","Hofmästarn;Roffe Ruff","Panterparken","Viskleken",22,169040,FALSE,0.555,-10.524,1,0.257,0.356,0,0.274,0.932,96.151,4,15,"underground_heavy_hybrid",0.73
41719,"3IHQ7ccBdk9HitvdJowR2t","Petrus","Emily","Ingens fel",22,167293,FALSE,0.455,-7.544,1,0.0371,0.477,0.00253,0.11,0.355,104.8,4,15,"underground_heavy_hybrid",0.88
41729,"6MYPhjpnb0xRlgFq5eNqp8","Me And That Man;John Porter","Fight (feat. John Porter)","Fight (feat. John Porter)",21,200172,FALSE,0.868,-5.274,0,0.04,0.000194,0.000321,0.208,0.406,149.892,4,15,"underground_heavy_hybrid",0.51
41738,"4Wm7PKoS6IN6mfrDMkANie","Bombus","Repeat Until Death","Horde of Flies",21,218080,FALSE,0.833,-5.295,0,0.0427,1.3e-05,0.324,0.307,0.636,137.027,4,15,"underground_heavy_hybrid",0.45
41746,"58wITYkBrxpsHccjqPyh9v","Anabantha","Letanías, Capítulo 2","Morador de las Tinieblas",23,288320,FALSE,0.963,-2.893,0,0.183,0.138,1.21e-05,0.183,0.196,76.081,4,15,"underground_heavy_hybrid",0.83
41777,"5uh9wvwU20dUHQXo6eAVhG","Therion","Les Fleurs du mal","En Alabama",22,157440,FALSE,0.919,-2.693,0,0.0297,6.95e-05,0.323,0.0565,0.643,101.984,4,15,"underground_heavy_hybrid",0.98
41778,"0IiPs8XPYZrLiKnnTtH32F","The Coffinshakers","The Coffinshakers","The Coffinshakers' Theme",22,186560,TRUE,0.877,-6.333,0,0.0475,0.109,0.00129,0.316,0.697,129.885,4,15,"underground_heavy_hybrid",0.75
41787,"5ORgresDxzvFKqe7fLkt9a","Killing Joke","Killing Joke - 2003","Asteroid - Remastered",23,206186,FALSE,0.973,-3.084,1,0.0524,0.00021,1.65e-06,0.191,0.563,108.584,4,15,"underground_heavy_hybrid",0.82
41791,"1JhzfKvJtSiAKsGyRV4vNM","Arvid Nero","Mother Earth","Jesus Knocking",21,236106,FALSE,0.697,-7.285,0,0.0301,0.462,0.00192,0.109,0.686,105.46,4,15,"underground_heavy_hybrid",0.59
41796,"1DZdEQAf8dht2RfDk1TDGW","Eisregen","Krebskollektion","Mein Eichensarg",22,304613,FALSE,0.918,-6.678,0,0.131,9.23e-05,0,0.0837,0.108,90.086,4,15,"underground_heavy_hybrid",0.89
41804,"4SFZy7JdnQW3KLkw3kNtNr","Bori & Suan","Be för mig","Be för mig",22,183000,FALSE,0.843,-5.458,0,0.0586,0.0704,0,0.066,0.827,101.929,4,15,"underground_heavy_hybrid",0.6
41818,"4yS4UZYdv83o3SS5WNmwiH","Charon","Downhearted","At The End Of Our Day",22,199533,FALSE,0.826,-3.526,0,0.0449,8.71e-05,0.0018,0.33,0.339,127.984,4,15,"underground_heavy_hybrid",0.85
41843,"0yS0XhFaCIq85IYdxfVN76","The Gathering","How to Measure a Planet? (Deluxe Edition)","Probably Built In the Fifties",21,446133,FALSE,0.793,-7.546,0,0.0502,0.0225,0.153,0.0522,0.116,154.057,4,15,"underground_heavy_hybrid",0.91
41866,"705lRae2H61O0z4sj6KOYx","Sirenia","Riddles, Ruins & Revelations","Into Infinity",21,281737,FALSE,0.925,-4.329,0,0.0961,0.00364,0.0022,0.437,0.49,125.932,4,15,"underground_heavy_hybrid",0.69
41868,"6CbfeRho92GQtn84HNBYAg","The Cemetary Girlz","Smoke My Brain","Death Has Tasted Blood",20,233373,FALSE,0.884,-6.268,0,0.04,7.12e-06,0.33,0.0959,0.474,144.978,4,15,"underground_heavy_hybrid",0.87
41902,"1zKmJBq5Ks6w9r4S9ML8Ae","Engel","Raven Kings","Salvation",21,240226,FALSE,0.989,-5.709,0,0.188,1.78e-05,0.127,0.215,0.0395,109.953,3,15,"underground_heavy_hybrid",0.7
41933,"3l4IvDjjn3LMVIThtAsOVX","Gothminister","Empire of Dark Salvation","Happiness in Darkness",21,322546,FALSE,0.877,-7.068,0,0.0472,0.00033,0.737,0.343,0.109,100.021,4,15,"underground_heavy_hybrid",0.77
41936,"1eFwkAHcq1WOdqe55bCZ8L","Killing Joke","Absolute Dissent","The Raven King",22,393986,FALSE,0.746,-4.825,1,0.0339,0.00162,0.00181,0.137,0.0774,125,4,15,"underground_heavy_hybrid",0.77
41939,"7LFN5AlCpstfLPJmIHYEGL","Deadbolt","Buy a Gun - Get a Free Guitar","Hillbilly War",20,240066,FALSE,0.927,-5.85,1,0.0749,0.00114,0.0288,0.0718,0.562,116.433,4,15,"underground_heavy_hybrid",0.65
41942,"3i8CD9XwX3jf82ciqxDLg0","The Mission","Children","Dream On",21,234133,FALSE,0.243,-22.014,0,0.0285,0.0431,0,0.118,0.198,78.254,4,15,"underground_heavy_hybrid",0.85
41944,"1yrUehPArjWJDx8Ptc4g58","Jonas Lundqvist","Vissa nätter","Den som ser havet",20,225026,FALSE,0.676,-7.129,0,0.0307,0.415,2.5e-05,0.13,0.401,119.007,4,15,"underground_heavy_hybrid",0.81
41960,"086imXQn4E83QXwNyDrfEA","Havet","Bipolär - EP","Jag gillar dig",20,138000,FALSE,0.912,-2.76,1,0.0479,0.0727,0,0.0811,0.91,127.961,4,15,"underground_heavy_hybrid",0.65
41966,"5vRP1WgQd0viriWYo2Tn0c","Nox Novacula","Ascension","Last Will and Testament",21,285008,FALSE,0.799,-6.212,1,0.0429,0.0235,0.946,0.0747,0.222,130.992,4,15,"underground_heavy_hybrid",0.54
41968,"6dKVBsUYlplxnwmSHfFL0i","Broder Daniel","Broder Daniel Forever","Dark Heart",21,167066,FALSE,0.902,-5.274,1,0.0567,0.000178,0.0274,0.698,0.493,152.033,4,15,"underground_heavy_hybrid",0.93
41978,"71KioWGR7gtWAm4mgozl4i","This Mortal Coil","Dust & Guitars","Sixteen Days Reprise - Remastered",22,253413,FALSE,0.614,-11.75,1,0.0431,0.000885,0.891,0.0873,0.279,141.025,4,15,"underground_heavy_hybrid",0.74
42001,"08mN6zznHWwYmK0tjROuuf","Antigama","Whiteout","Undeterminate",18,105186,FALSE,0.994,-5.567,1,0.209,1.23e-06,0.681,0.281,0.0992,129.604,4,10,"extreme_metal",0.79
42004,"7lNNgDlzU6kvwUo8m31rdC","Impetigo","Horror of the Zombies","Trap the and Kill Them",19,168040,FALSE,0.981,-3.964,0,0.111,0.000129,0.61,0.0703,0.291,96.964,4,10,"extreme_metal",0.44
42034,"3DJMYmquETMHqFoOICHeMH","Internal Rot","Grieving Birth","Unnegotiable Impact",20,76720,FALSE,0.992,-3.73,1,0.126,0.00362,0.729,0.489,0.0316,131.607,1,10,"extreme_metal",0.57
42035,"5luRVoc6FQ9i5Alb096JJF","Haggus","Straight from the Slaughterhaus","Terminally Infernal",21,175266,FALSE,0.997,-3.48,1,0.116,6.13e-06,0.473,0.235,0.0361,178.725,4,10,"extreme_metal",0.59
42036,"6W8dAyjBDGUxxVAftvJtOO","Soilent Green","Sewn Mouth Secrets & A String of Lies","Felt Nothing",21,61173,FALSE,0.963,-5.766,0,0.148,0.0183,0.812,0.0901,0.0393,130.515,4,10,"extreme_metal",0.49
42043,"4lAbzIkrGNSU9kWgy4hMXB","Weekend Nachos","Worthless","Old Friends Don't Mean Shit",23,39733,FALSE,0.836,-3.288,1,0.0616,2.21e-05,0.96,0.359,0.14,102.587,4,10,"extreme_metal",0.5
42047,"0afs1qOMOzp14QQffEfNqf","Cloud Rat","Artoffact Records: Heavy","Losing Weight",0,75306,FALSE,0.994,-4.998,1,0.172,2.66e-06,0.577,0.224,0.198,93.529,4,10,"extreme_metal",0.6
42051,"2RIFAkLK6fA6DtWA9GceWI","Archagathus","Canadian Horse","Perennial Loser",18,81988,FALSE,0.961,-6.707,1,0.24,0.00054,0.242,0.776,0.218,199.496,4,10,"extreme_metal",0.59
42059,"1EDdItcFIQuGjMlhrqYTDt","Impetigo","Horror of the Zombies","Cannibal Lust",18,118186,FALSE,0.977,-4.159,1,0.177,0.00412,0.179,0.322,0.0458,153.672,4,10,"extreme_metal",0.58
42073,"0v7w4yIv4KEHzEIz3z1VVr","disrupt","The Rest","Protest",19,114933,FALSE,0.993,-4.704,1,0.232,1.39e-05,2.29e-06,0.241,0.13,171.474,4,10,"extreme_metal",0.68
42081,"4bsIPLFncVobiojWFcdGXk","The Red Chord","Clients","Black Santa",20,172066,FALSE,0.92,-4.788,1,0.154,6.62e-05,9.31e-06,0.336,0.146,98.473,4,10,"extreme_metal",0.64
42088,"1PjTVOnjvAzECCTDfpUK3b","Pig Destroyer","Phantom Limb","Deathtripper",20,64346,TRUE,0.988,-3.715,1,0.238,1.29e-05,0.881,0.0505,0.0462,139.438,1,10,"extreme_metal",0.53
42095,"2rH7V3ZpdQ1DCruNSDgcwS","Weekend Nachos","Still","You're Not Punk",19,57306,FALSE,0.972,-4.302,0,0.0812,1.3e-06,0.125,0.196,0.221,96.129,4,10,"extreme_metal",0.47
42112,"6XiZvljaX3Aky59o6vBfDZ","Man Is The Bastard","Thoughtless","Puppy Mill",18,208373,TRUE,0.898,-13.413,1,0.104,0.0333,0.925,0.197,0.22,149.411,5,10,"extreme_metal",0.32
42123,"3vXhtMxhiqqd6GzgCUyJUX","Discordance Axis","The Inalienable Dreamless (Reissue)","Compiling Autumn",16,48133,FALSE,0.967,-6.173,0,0.116,2.93e-06,0.935,0.118,0.0694,105.991,4,10,"extreme_metal",0.63
42131,"2txQDhNywyVw3BdUowS9jL","disrupt","Unrest","Reality Distortion",17,205093,FALSE,0.958,-7.177,1,0.145,1.21e-05,0.132,0.263,0.325,117.545,4,10,"extreme_metal",0.76
42141,"2gmVKYuax3xbfdpivy0xpd","Gorerotted","Only Tools And Corpses","Zombie Graveyard Rape Bonanza",17,157186,FALSE,0.985,-4.348,0,0.17,2.02e-05,0.655,0.283,0.266,139.666,4,10,"extreme_metal",0.55
42144,"6cBae805PheRxGwNVyAurO","Mortician","Chainsaw Dismemberment","Wolfen",18,63400,FALSE,0.505,-13.524,0,0.15,0.000438,0.886,0.279,0.2,123.971,4,10,"extreme_metal",0.66
42145,"1nAoLuGshX8UZyqKWXUCYG","Anaal Nathrakh","Vanitas","A Metaphor For The Dead",19,259826,TRUE,0.81,-2.575,1,0.0566,1.24e-05,0.624,0.0998,0.0895,139.866,3,10,"extreme_metal",0.57
42146,"1WBs2MWGUFoxoshHtUeBrT","Carcass","Symphonies of Sickness","Empathological Necroticism",20,345066,TRUE,0.847,-11.518,0,0.0797,1.44e-06,0.736,0.145,0.46,134.191,4,10,"extreme_metal",0.67
42152,"2CcQSrjcDUvr7U2WQiEdSX","Iron Lung","Life. Iron Lung. Death.","Diagnosis",17,88513,FALSE,0.994,-7.422,1,0.467,8.43e-05,0.669,0.415,0.0376,70.778,3,10,"extreme_metal",0.65
42162,"5tVktBDUvWM213Q6JS2DEU","Facada","Quebrante","A Farsa: Nojo",17,57664,FALSE,0.919,-8.235,0,0.0896,4.42e-06,0.92,0.365,0.3,138.084,4,10,"extreme_metal",0.52
42163,"4Fs8Wf671YFvDMrEji2Vtu","Despise You","West Side Horizons","One More Rosary",17,61333,TRUE,0.955,-4.27,0,0.116,2.69e-06,0.634,0.358,0.568,141.623,5,10,"extreme_metal",0.51
42170,"4yDU3Hwlp6RLIVSj4F32Gk","Cripple Bastards","Misantropo a senso unico","Dio é solo merda",16,158053,TRUE,0.995,-2.681,1,0.13,0.00101,0.122,0.276,0.439,111.648,4,10,"extreme_metal",0.52
42182,"3QIKlxgJe4exDyey5Ibjo7","Napalm Death","Enemy of the Music Business + Leaders Not Followers","Next on the List",16,216093,FALSE,0.997,-4.56,1,0.122,2.34e-05,0.00371,0.294,0.243,115.032,4,10,"extreme_metal",0.57
42188,"526hsQ4kGeEKjQPshTGnCi","Terrorizer","World Downfall (Full Dynamic Range Edition)","Strategic Warheads",15,96230,FALSE,0.957,-13.25,1,0.0694,9.61e-06,0.881,0.179,0.101,105.707,3,10,"extreme_metal",0.64
42192,"0iXeMjJiEFa45KOM1GGXx4","Carcass","Symphonies of Sickness","Swarming Vulgar Mass of Infected Virulency",19,190506,TRUE,0.846,-11.594,0,0.0788,2.42e-06,0.899,0.194,0.359,102.896,4,10,"extreme_metal",0.64
42194,"36dwWerpIDf8qS5wlcVf3v","Mortician","Chainsaw Dismemberment","Obliteration",18,78733,FALSE,0.613,-10.627,0,0.0624,2.79e-06,0.964,0.333,0.419,125.263,4,10,"extreme_metal",0.71
42222,"6FyY2QoPLPmIyL2GxI55Gm","disrupt","The Rest","No One Seems to Give a Fuck",16,164533,FALSE,0.998,-4.561,0,0.122,4.5e-06,0.00597,0.507,0.247,162.17,4,10,"extreme_metal",0.62
42225,"3XRwutMJNgGrPNjibI2s1v","Capitalist Casualties","Split","Drainage Ditch",16,89000,FALSE,0.909,-5.618,1,0.0623,1.11e-06,0.939,0.255,0.536,98.398,4,10,"extreme_metal",0.47
42227,"1NkPFEP9QRdKGJAC3VwQ2g","Mortician","Chainsaw Dismemberment","Rats",17,96840,FALSE,0.88,-11.59,1,0.112,0.00327,0.965,0.408,0.0364,125.287,4,10,"extreme_metal",0.41
42229,"3olV6V5grwXveZf3WXLdJY","Internal Rot","Grieving Birth","Chronic Bedlam",16,89306,FALSE,0.997,-3.303,1,0.137,0.000856,0.801,0.254,0.038,133.171,4,10,"extreme_metal",0.67
42230,"3gF0Of6vdh3cMBnYO61fch","Sore Throat","Unhindered By Talent","Hang Norman Tebbit",15,58493,FALSE,0.877,-7.101,1,0.0481,0.000124,0.946,0.0908,0.372,82.505,4,10,"extreme_metal",0.7
42231,"2FzUQFO5RnJNROrFleXolq","Insult","Emobashing Fastcore Pimps","Insanity Reigns Supreme",16,132493,FALSE,0.976,-6.809,1,0.152,9.92e-05,0.0377,0.783,0.146,104.508,1,10,"extreme_metal",0.62
42235,"7xnF1QUc2VaPkaGJbzqR7I","Pig Destroyer","Head Cage","House of Snakes",16,427475,FALSE,0.982,-4.126,1,0.201,1.17e-05,0.31,0.117,0.186,140.265,3,10,"extreme_metal",0.53
42251,"1OBj6j2dmbCIgzTNJKsPNo","Vermin Womb","Decline","Industrialist",16,240564,FALSE,0.977,-5.034,0,0.157,2.26e-06,0.849,0.298,0.117,111.653,4,10,"extreme_metal",0.48
42258,"7yclkSugYu8bceJb1RzQbu","Squash Bowels","Grindvirus","Wriggler",15,106813,FALSE,0.992,-2.01,0,0.109,1.04e-06,0.958,0.289,0.264,140.035,4,10,"extreme_metal",0.68
42261,"6Ak5ywY6kok3eaihhcjIEi","Flesh Parade","Kill Whitey","Backstabber",16,74373,FALSE,0.829,-9.149,1,0.0619,6.14e-05,0.0586,0.244,0.72,107.799,4,10,"extreme_metal",0.71
42286,"2XgKZhS3j7kuQF47RrDsLm","Mortician","Darkest Day of Horror","Darkest Day of Horror",16,152600,FALSE,0.834,-12.89,1,0.0608,0.00708,0.481,0.419,0.535,93.909,3,10,"extreme_metal",0.49
42297,"6b52QLNbqaJ1gAXgnt6L9Y","Carcass","Necroticism - Descanting the Insalubrious","Pedigree Butchery",18,316293,TRUE,0.784,-13.418,0,0.08,1.97e-05,0.324,0.101,0.294,74.807,4,10,"extreme_metal",0.51
42299,"3revcgpsl4vjbsNAMVWiSV","Mortician","Chainsaw Dismemberment","Splattered",16,49026,FALSE,0.761,-10.264,0,0.0579,2.62e-06,0.969,0.233,0.506,124.318,4,10,"extreme_metal",0.68
42308,"2qSckL3g7L0GjXoOmq3a6R","Disfear","Live the Storm","In Exodus",16,212253,FALSE,0.969,-3.034,1,0.239,4.15e-06,0.0337,0.213,0.145,169.489,4,10,"extreme_metal",0.48
42320,"1Xm8tcPlIIPUPP6UFfbOuT","Trap Them","Darker Handcraft","All by the Constant Vulse",14,210160,FALSE,0.991,-3.208,1,0.135,1.32e-06,0.719,0.563,0.166,165.244,4,10,"extreme_metal",0.34
42333,"4md0JYFFaHEqjuutmkPkcp","Cattle Decapitation","Karma.Bloody.Karma","One Thousand Times Decapitation",15,63560,FALSE,0.966,-3.475,1,0.181,1.08e-05,0.91,0.298,0.156,149.787,4,10,"extreme_metal",0.6
42334,"6OwnwvpztvLFT5isFZt647","Napalm Death","From Enslavement To Obliteration","Uncertainty Blurs The Vision",15,40960,FALSE,0.841,-8.224,1,0.0929,3.35e-06,0.898,0.164,0.179,96.182,4,10,"extreme_metal",0.41
42335,"4ci4ItKu6i6SbJUcQpO4Lw","Full Of Hell","Full of Hell & Merzbow","Shattered Knife",16,52621,FALSE,0.968,-3.844,0,0.135,4.07e-05,0.972,0.119,0.036,77.72,3,10,"extreme_metal",0.48
42339,"0n4ncmnc8sjrxaSHf4mRnj","Carcass","Wake Up and Smell the... Carcass","Ever Increasing Circles",17,245066,TRUE,0.768,-9.002,0,0.0505,0.000101,0.0816,0.0948,0.464,94.66,4,10,"extreme_metal",0.67
42344,"2ICxlnvhk4Kz8YjTAr22k0","Carcass","Symphonies of Sickness","Embryonic Necropsy and Devourment",17,313533,TRUE,0.855,-11.139,1,0.0813,1.9e-06,0.87,0.189,0.279,77.623,4,10,"extreme_metal",0.56
42345,"131265AL84BoaRTkw0pLdl","Autopsy","Skull Grinder","Waiting for the Screams",16,327893,FALSE,0.937,-4.743,1,0.0827,4.37e-05,0.114,0.346,0.321,123.129,3,10,"extreme_metal",0.59
42347,"1inxnxwU31AmdWv6sVGfzA","Carcass","Necroticism - Descanting the Insalubrious (Full Dynamic Range Edition)","Pyosisified (Still Rotten to the Gore)",17,190000,TRUE,0.912,-13.488,1,0.0915,7.62e-06,0.434,0.0668,0.364,105.37,5,10,"extreme_metal",0.65
42368,"0XOXFRSLbOQZPyCSTFGEd9","Sex Prisoner","Sex Prisoner","Off My Chest",15,64296,FALSE,0.979,-5.475,1,0.115,0.000486,0.747,0.244,0.0398,66.506,4,10,"extreme_metal",0.46
42375,"145f3E71G2atUmEXZbfXMb","Deterioration","Lupara Bianca","Lupara Bianca",14,136925,FALSE,0.993,-8.445,1,0.212,0.238,0.69,0.333,0.036,153.285,4,10,"extreme_metal",0.74
42393,"7K8jf2gcdz93zNCEBQF9IP","Napalm Death","Death By Manipulation","Unchallenged Hate",14,126400,FALSE,0.75,-14.828,1,0.0902,1.09e-05,0.912,0.0835,0.233,110.904,4,10,"extreme_metal",0.38
42427,"7b9Xl2CxT5YxD82C6Nhycq","Weekend Nachos","Still","No Idols and No Heroes",14,100840,FALSE,0.966,-4.399,1,0.147,1.04e-06,0.149,0.274,0.191,121.48,3,10,"extreme_metal",0.48
42437,"6wSSXb7ZJ8XThggPiyokhd","Weekend Nachos","Worthless","The Fine Art of Bullshit",15,81960,FALSE,0.979,-3.096,1,0.0639,6.39e-06,0.547,0.499,0.445,101.111,4,10,"extreme_metal",0.54
42441,"0383N8VJ7hxUAgb0741aMD","Exhumed","Horror","Scream out in Fright",15,107443,FALSE,0.966,-4.737,1,0.118,8.76e-06,0.00464,0.296,0.0744,107.44,4,10,"extreme_metal",0.53
42444,"3BguEOLZtiBi71WwAwkl7E","Cattle Decapitation","Medium Rarities","Turn on the Masters",13,79000,TRUE,0.968,-4.962,1,0.197,5.26e-06,0.531,0.0801,0.179,136.935,4,10,"extreme_metal",0.57
42445,"6QHbzcF4TQV3BzPbzwdsox","Carcass","Tools of the Trade","Incarnated Solvent Abuse",16,284026,TRUE,0.832,-12.433,0,0.106,7.87e-06,0.482,0.15,0.347,85.519,4,10,"extreme_metal",0.53
42447,"0TpTOzLGB3JrMhpkpq3u9y","Cattle Decapitation","Medium Rarities","No Light and No Life",12,204045,FALSE,0.96,-3.481,1,0.0955,7.57e-06,0.792,0.356,0.366,107.6,4,10,"extreme_metal",0.5
42458,"6x6cdyo8ya8pJgLla9ulAC","Triac","Pure Joy - Numb Grief​-​stricken Animals","Styrofoam Caskets",13,61896,FALSE,0.829,-7.602,1,0.266,5.91e-06,0.76,0.591,0.115,137.15,4,10,"extreme_metal",0.73
42463,"12oqYmpvCg6coNLriOBaDG","Manger Cadavre?","AntiAutoAjuda","Hostil",14,117120,FALSE,0.86,-7.995,1,0.0743,0.0013,0.928,0.261,0.557,87.094,4,10,"extreme_metal",0.67
42466,"57W08XQ4CGQCq1p6SE9awH","The Tony Danza Tapdance Extravaganza","Danza 3: The Series of Unfortunate Events","W.a.L.L.S.",15,148352,FALSE,0.99,-4.127,1,0.124,2.35e-05,0.419,0.14,0.0704,99.992,4,10,"extreme_metal",0.59
42474,"0iPoliC5oojtwGP1fGET63","Napalm Death","Diatribes","Cursed To Crawl",15,205266,FALSE,0.896,-5.897,0,0.0618,0.00144,0.201,0.11,0.698,100.664,4,10,"extreme_metal",0.69
42483,"1LOkMFjl4IuRADpmwn1DyH","Anaal Nathrakh","Passion","Volenti Non Fit Iniuria",16,298666,TRUE,0.971,-4.905,1,0.145,2.47e-05,0.344,0.0653,0.0399,122.563,4,10,"extreme_metal",0.69
42488,"72UZFer7vhgLMFG5pEQDBy","Mortician","Domain of Death","The Hatchet Murders",15,112626,TRUE,0.539,-14.21,0,0.0686,0.0037,0.717,0.347,0.24,93.782,3,10,"extreme_metal",0.49
42493,"56KjpJrREQkoh8Mcgbh1Nk","Full Of Hell","Rudiments of Mutilation","Indigince and Guilt",15,111128,FALSE,0.869,-6.381,1,0.0631,1.07e-06,0.726,0.212,0.331,180.97,4,10,"extreme_metal",0.43
42506,"7BRlRPXSBWWLCuPt6se1lZ","Rotten Sound","Suffer to Abuse","Privileged",13,84500,FALSE,0.969,-2.662,1,0.0655,1.76e-06,0.586,0.22,0.0657,115.061,4,10,"extreme_metal",0.5
42509,"68GXtMFDAogFdipscwR9Ok","Disfear","Soul Scars","Soul Scars",14,127906,FALSE,0.996,-2.814,1,0.163,1.7e-06,0.000631,0.0935,0.0481,177.231,4,10,"extreme_metal",0.5
42513,"5XPeGv8zY3kqkxKYAcQRV3","Couple Skate","Human Resources","Masturbation Is My Name",13,118785,FALSE,0.903,-6.518,1,0.166,4.73e-05,0.00846,0.606,0.178,123.354,4,10,"extreme_metal",0.58
42540,"34Cm913ZPfWcOx0ND94heN","Pig Destroyer","Prowler in the Yard (Deluxe Reissue)","Starbelly (Remix)",13,295053,FALSE,0.984,-4.756,1,0.189,2.78e-05,0.00571,0.392,0.0398,120.187,4,10,"extreme_metal",0.57
42547,"6jvWQrUNfdwnLG5jgvhkfy","Pig Destroyer","Prowler in the Yard (Deluxe Reissue)","Naked Trees (Remix)",12,105720,FALSE,0.996,-4.025,1,0.267,1.75e-06,5.78e-06,0.177,0.122,151.864,4,10,"extreme_metal",0.52
42556,"2siPIDw2cTH22BnIEOCvSF","Cloud Rat","Do Not Let Me Off The Cliff (Deluxe Edition)","623",14,225000,FALSE,0.691,-9.808,0,0.033,0.00664,0.306,0.107,0.0977,100.019,4,10,"extreme_metal",0.65
42582,"0pAUt6nBJeuI14wc8u2LMV","Napalm Death","The Code Is Red - Long Live the Code","Right You Are",12,52960,FALSE,0.978,-3.926,1,0.0867,3.56e-06,0.273,0.355,0.0324,108.09,3,10,"extreme_metal",0.55
42590,"0a07USn5wDSeemWClzankV","Aborted","Engineering the dead ( Re-release )","Nailed Through Her Cunts",15,258626,FALSE,0.911,-7.703,0,0.0917,1.26e-05,0.689,0.422,0.542,113.827,4,10,"extreme_metal",0.67
42598,"4pH5Gick5Kd1rylOouI1xf","Napalm Death","Harmony Corruption (Full Dynamic Range Edition)","Unfit Earth",13,302880,FALSE,0.971,-8.172,1,0.332,7.3e-06,0.851,0.308,0.33,155.77,4,10,"extreme_metal",0.48
42602,"1iekLB7XV9q5hBotlOhrd5","Vermin Womb","Decline","Rank and File",13,199266,FALSE,0.989,-4.092,1,0.172,1.7e-06,0.901,0.663,0.0785,127.713,4,10,"extreme_metal",0.6
42607,"24EgYQxyTKvNbFhvT8VsNt","Regurgitate","Carnivorous Erection","Copious Head Carnage",11,63093,FALSE,0.991,-6.861,0,0.175,0,0.923,0.113,0.0847,111.704,4,10,"extreme_metal",0.74
42612,"0uGGAvJMFSHoPY42OOMUV1","Discordance Axis","Jouhou","Information Sniper",11,41000,FALSE,0.964,-10.143,1,0.0847,2.37e-05,0.893,0.3,0.0393,104.993,4,10,"extreme_metal",0.56
42622,"7xAz33lBrzvBmqhew5szil","Enemy Soil","Casualties of Progress","Fall of Empire",11,87240,FALSE,0.989,-4.849,0,0.159,1.87e-05,0,0.17,0.101,120.951,4,10,"extreme_metal",0.58
42623,"1dOCe40eWdNEWBORgf7Jn2","Hatred Surge","Human Overdose","God Complex",13,133925,FALSE,0.98,-6.989,1,0.105,1.26e-05,0.683,0.258,0.12,80.085,4,10,"extreme_metal",0.54
42625,"7rucgQqmhgmDNfU5C5MrJD","Regurgitate","Hatefilled Vengeance","Complete Rectal Prolapse",12,60000,FALSE,0.991,-3.786,0,0.238,3.3e-06,0.923,0.12,0.196,186.843,4,10,"extreme_metal",0.49
42630,"3tCoHnVkqDnl9SnaSGZg65","Impetigo","Ultimo Mondo Cannibale","Harbringer of Death",12,114000,FALSE,0.936,-4.25,1,0.148,2.32e-05,0.392,0.12,0.288,82.401,4,10,"extreme_metal",0.74
42635,"6aX8jt9lkCgXmoK0HZhDQo","Mortician","Hacked up for Barbeque/ Zombie Apocalypse","Abolition",14,53320,FALSE,0.895,-8.611,1,0.0881,1.49e-05,0.9,0.12,0.339,125.437,4,10,"extreme_metal",0.62
42646,"1opwgIM1zrbZb7i4QxnO0P","Anaal Nathrakh","Passion","Paragon Pariah",15,226586,TRUE,0.956,-3.897,1,0.106,1.95e-06,0.344,0.292,0.151,110.1,4,10,"extreme_metal",0.34
42647,"4HkMnMrOZGUIorHKbgdPqK","Impetigo","Horror of the Zombies","Breakfast At the Manchester Morgue - Let Sleeping Corpses Lie",12,431133,FALSE,0.906,-4.474,1,0.216,0.0503,0.252,0.0986,0.16,79.447,4,10,"extreme_metal",0.53
42649,"4Zq4pKSvFyEAI0yoeVF676","Mortician","House By the Cemetary / Mortal Massacre","Redrum / Outro",13,328440,FALSE,0.655,-11.39,1,0.0785,0.000241,0.787,0.649,0.157,158.341,4,10,"extreme_metal",0.56
42670,"41yn7o32hvg9Bqa5BSjGYe","Fuck On the Beach","I Have Never Seen Myself","Betrayed Again",13,82413,FALSE,0.959,-2.096,1,0.0851,1.29e-06,0.94,0.0314,0.363,105.603,4,10,"extreme_metal",0.34
42686,"470RssVGyr23eLtDGXhSIy","Soilent Green","Sewn Mouth Secrets & A String of Lies","Cold-Steel Kiss",12,217600,FALSE,0.947,-6.995,1,0.127,0.00136,0.924,0.282,0.332,93.948,4,10,"extreme_metal",0.68
42688,"1VTg9yhCYcRgl4wAunK9RE","Cattle Decapitation","Homovore (2021 Remastered Version)","Open Human Head Experiments with Bleach Laquer and Epoxy - 2021 Remastered Version",12,67820,FALSE,0.991,-4.332,0,0.166,0.00304,4.94e-06,0.301,0.0652,116.564,4,10,"extreme_metal",0.51
42715,"5wt16wgU6jvZaFNUgDhNjQ","Triac","Pure Joy - Numb Grief​-​stricken Animals","Growing Meat",13,75054,FALSE,0.989,-6.179,1,0.15,1.35e-06,0.819,0.333,0.0771,111.763,4,10,"extreme_metal",0.78
42717,"6eFSv7xa8Qu7el4bHDFLo2","Cäbränegrä","Cäbränegrä","Exploração Midiática",11,69273,TRUE,0.987,-6.822,1,0.141,3.41e-06,0.653,0.294,0.133,106.698,4,10,"extreme_metal",0.53
42728,"6D5JgahsgickdoqK6MQ1j8","Sex Prisoner","Tannhauser Gate","Cauldron of Hate",12,49343,FALSE,0.967,-5.233,1,0.268,1.09e-05,0.692,0.518,0.172,167.638,4,10,"extreme_metal",0.52
42736,"7CWG9jy1X7xqtlWXsFjLwO","Autopsy","Tourniquets, Hacksaws & Graves","Savagery",13,141517,TRUE,0.956,-5.126,1,0.123,4.71e-06,0.22,0.0653,0.179,104.814,4,10,"extreme_metal",0.54
42739,"6fsFG2Rne1GRuDAULkca3d","Last Days Of Humanity","Horrific Compositions of Decomposition","Examination of Reeking Putrifying Organs, Tissues, Body Fluids",11,75024,FALSE,0.862,-7.693,1,0.127,0.00472,0.0358,0.313,0.113,79.292,4,10,"extreme_metal",0.72
42742,"4FvWUOEGtwu9hALWzTEikD","Sore Throat","Unhindered By Talent","Alcoholics Unanimous",11,92293,FALSE,0.707,-8.642,1,0.0349,9.06e-05,0.436,0.12,0.105,93.341,4,10,"extreme_metal",0.61
42750,"5872vVUsQ2WwZ6wxqyuZp0","Agathocles","Split","Bunka Bunka Blues",12,90734,FALSE,0.9,-4.621,0,0.07,1.92e-06,0.94,0.17,0.249,153.747,4,10,"extreme_metal",0.51
42763,"1hwmKQpYbLxvJks1ttmv93","Couple Skate","Raw & Grotesque","Don't Go in the Shower!!",12,88502,TRUE,0.985,-5.632,1,0.171,0.000117,0.903,0.267,0.0963,105.506,4,10,"extreme_metal",0.63
42766,"641JGaa36EEBvjp1x2vqqn","Squash Bowels","Grindvirus","Oust - Odor Eliminator",12,133280,FALSE,0.995,-2.36,0,0.173,1.5e-06,0.95,0.32,0.17,130.082,4,10,"extreme_metal",0.49
42779,"2GHIpSCimS8htqihlu7GKH","Burnt By The Sun","Soundtrack to the Personal Revolution","Soundtrack To The Worst Movie Ever",12,152733,FALSE,0.955,-4.705,0,0.175,2.94e-05,0.948,0.0463,0.185,106.652,3,10,"extreme_metal",0.68
42811,"1hMcJPSeJh6CRh2UBEaLQO","Internal Rot","Mental Hygiene","Long Pig",11,76840,FALSE,0.927,-6.422,1,0.109,2.38e-05,0.863,0.338,0.038,131.857,4,10,"extreme_metal",0.69
42832,"2UzH60gsEYXMorB3CaZxXs","Exhumed","Gore Metal","Deadest of the Dead",13,352266,FALSE,0.915,-7.519,0,0.142,2.14e-06,0.936,0.175,0.0686,159.232,4,10,"extreme_metal",0.56
42839,"7LVBHTyeCxyKznMEykkIHa","Napalm Death","Utopia Banished","Cause And Effect (Part 2)",12,127666,FALSE,0.959,-11.897,1,0.0967,4.29e-06,0.51,0.103,0.0953,106.223,4,10,"extreme_metal",0.72
42851,"5FUCZUiW0cE1t9iCWbQPWE","Napalm Death","Noise For Music's Sake","Nazi Punks Fuck Off",40,80786,FALSE,0.977,-5.878,0,0.0886,0.000152,0.00165,0.0769,0.316,95.847,4,10,"extreme_metal",0.62
42858,"3hLpuwMvMO1PQOPTNPbVjJ","disrupt","Unrest","Give It Back",12,87520,FALSE,0.994,-4.782,1,0.124,5.35e-06,0.0362,0.137,0.246,107.307,4,10,"extreme_metal",0.67
42863,"1DaHUMcaC22IWHG9ueTm9A","Full Of Hell","Rudiments of Mutilation","Dichotomy",12,130792,FALSE,0.625,-10.356,0,0.0606,0.000708,0.924,0.379,0.0868,64.455,3,10,"extreme_metal",0.53
42866,"1W1lYvBisHeYK1M0ukGL79","Wormrot","Abuse","Fuck... I'm Drunk - 2008 Dead EP",11,58640,FALSE,0.939,-3.38,1,0.071,2.5e-06,0.887,0.0633,0.0678,90.115,4,10,"extreme_metal",0.45
42884,"1aOztM7kwPxE6qH80ahcRo","Napalm Death","Smear Campaign","Rabid Wolves (For Christ)",11,84853,FALSE,0.996,-5.356,1,0.146,4.23e-06,0.831,0.738,0.0354,108.76,4,10,"extreme_metal",0.66
42886,"6x1MWdQRW0hX4fXVSlEGfJ","Napalm Death","Utopia Banished (Remastered 2012 Edition)","Aryanisms",12,188080,FALSE,0.994,-5.192,1,0.135,1.94e-05,0.279,0.189,0.0831,201.797,4,10,"extreme_metal",0.53
42887,"3MVapVOpPTzWSM91WHRygU","Napalm Death","Utopia Banished","Judicial Slime",12,156866,FALSE,0.962,-10.499,1,0.105,3.26e-06,0.256,0.287,0.181,99.406,4,10,"extreme_metal",0.53
42889,"2jnwUZJOscOk5Zd9Dp0ZUJ","Mortician","Domain of Death","Extra Uterine Pregnancy",13,264080,TRUE,0.747,-13.457,0,0.0489,2.75e-05,0.896,0.52,0.373,110.922,4,10,"extreme_metal",0.51
42897,"2PW2EHGDd1NrjyeQuuT2mW","Full Of Hell","Roots of Earth Are Consuming My Home","Pisces Legs",13,107773,FALSE,0.789,-5.003,1,0.05,1.51e-06,0.814,0.394,0.416,157.836,4,10,"extreme_metal",0.72
42902,"7sBiMgLXuiLra1qn2A0cm2","The Berzerker","Dissimulate","Failure",12,146773,FALSE,0.988,-4.426,0,0.223,3.04e-05,0.929,0.444,0.0323,124.867,4,10,"extreme_metal",0.71
42913,"248p64QDni77KixoY9KZ4p","Wormrot","Noise","Breed to Breed",12,53906,TRUE,0.997,-2.232,0,0.172,0.0155,0.923,0.063,0.0384,144.004,4,10,"extreme_metal",0.62
42918,"7eIt2Zma7u4u7wzfPOIWoK","disrupt","Unrest","Same Old Shit",12,35666,FALSE,0.991,-3.621,0,0.0988,1.24e-06,3.3e-06,0.0398,0.0384,86.644,3,10,"extreme_metal",0.56
42935,"1moEdkBLCS21FHFQrNNPTo","Lack Of Interest","Trapped Inside","Alone Once Again",11,30393,FALSE,0.781,-5.876,1,0.162,1.56e-05,0.00555,0.189,0.816,96.196,3,10,"extreme_metal",0.5
42937,"5IXpJkpRvk97JoLMTitMPG","Carcass","Reek of Putrefaction","Suppuration",13,139333,TRUE,0.894,-8.454,0,0.0784,0.0224,0.963,0.249,0.077,106.559,3,10,"extreme_metal",0.27
42939,"5Lae1bwXeTQmpbnzTc3SPS","The Tony Danza Tapdance Extravaganza","The Tony Danza Tap Dance Extravaganza","Bringin' It Straight from Alabama",12,86773,FALSE,0.965,-7.875,1,0.12,1.9e-06,0.909,0.353,0.0771,136.92,4,10,"extreme_metal",0.41
42956,"25rhqnA1q66WD3nMQTgDFC","Nasum","Human 2.0","Parting Is Such Sweet Sorrow",10,41400,FALSE,0.958,-6.723,0,0.179,1.18e-05,0.292,0.0633,0.316,129.899,3,10,"extreme_metal",0.43
42957,"3m0arPTNoYaVzUt4w6M3Ij","Ed Gein","Judas Goats & Dieseleaters","A Conflict of Interest",10,65108,FALSE,0.975,-2.621,1,0.0856,2.23e-06,0.00733,0.374,0.118,81.328,5,10,"extreme_metal",0.63
42960,"5BsfHrHZtp17H7pVvZqnX4","Gadget","The Great Destroyer","The 02666 Heritage",11,60311,FALSE,0.986,-5.062,0,0.163,1.02e-06,0.545,0.287,0.178,117.164,4,10,"extreme_metal",0.42
42962,"7jT6NOwEfAVXvZTCMs91xM","Nasum","Helvete","Illogic",10,87186,TRUE,0.976,-5.66,1,0.166,3.02e-06,0.318,0.0745,0.126,109.664,4,10,"extreme_metal",0.63
42965,"1mmBcjgcLsL8w5HqkCp7sa","Flesh Parade","Kill Whitey","Worthless",12,67360,FALSE,0.944,-7.128,0,0.0817,0.000482,0.799,0.218,0.252,114.158,3,10,"extreme_metal",0.66
42966,"4GYKH4loytB7knu4PENoDf","Nasum","Helvete","Worst Case Scenario",10,119080,TRUE,0.751,-6.596,0,0.138,5.05e-06,0.874,0.0514,0.211,165.614,3,10,"extreme_metal",0.67
42967,"75ZTtB1GXeRBDm1JSkNuXW","Manger Cadavre?","Decomposição","Profetas da Submissão",12,180133,FALSE,0.89,-4.539,1,0.0736,7.67e-05,0.00802,0.119,0.321,170.467,4,10,"extreme_metal",0.44
42971,"2TgcpVcxlAK3QP8IgmOHfh","Discordance Axis","Jouhou","Flow My Tears, the Policeman Said",10,52453,FALSE,0.993,-10.535,0,0.0936,0.00103,0.543,0.328,0.0379,102.368,3,10,"extreme_metal",0.66
42972,"32hWvoCe4PILqC2pIYRew7","Discordance Axis","Jouhou","Rain Perimeter",11,53800,FALSE,0.959,-10.349,0,0.0875,5.1e-06,0.705,0.411,0.0915,116.017,4,10,"extreme_metal",0.52
42978,"63xFH65IgpSGMochis8Fu3","Impetigo","Ultimo Mondo Cannibale","Unadulterated Brutality",11,248453,FALSE,0.95,-4.802,1,0.502,0.0152,0.000172,0.357,0.321,76.201,1,10,"extreme_metal",0.7
42979,"31kLfhdVmCu0nFvfuVpiHS","Iron Lung","White Glove Test","Nothing",11,156617,FALSE,0.889,-7.689,1,0.195,0.00604,0.806,0.386,0.207,100.133,4,10,"extreme_metal",0.51
42984,"1IHMW4eTcclFNLsUryrV38","Desalmado","Estado Escravo","Preço da Liberdade",13,139041,FALSE,0.944,-6.03,1,0.0666,3.05e-05,0.000278,0.277,0.363,82.26,4,10,"extreme_metal",0.63
42992,"2yW74v3hHph2M18YwXSu99","Iron Lung","Life. Iron Lung. Death.","Care for the Machine",11,82120,FALSE,0.993,-5.394,0,0.33,0.00019,0.628,0.166,0.0432,145.405,4,10,"extreme_metal",0.54
42995,"6mjy0v7tSdXyO5qyQTuzlz","Milking the Goatmachine","Seven...A Dinner for One","Beware of the Wolf",11,68293,FALSE,0.957,-4.749,1,0.0605,0.0113,0.22,0.609,0.466,104.936,4,10,"extreme_metal",0.58
43004,"0ztqey3VhIZ3WINFu8kCo1","Pascal Letoublon","Friendships","Friendships",70,242015,FALSE,0.78,-6.312,0,0.0414,0.137,0.914,0.0985,0.0742,119.984,4,15,"underground_heavy_hybrid",0.77
43017,"5JjLUIj2Oczvct2Yp5Spdg","Navos","Night Drive Autumn/Winter 2022/23","Believe Me",0,188260,FALSE,0.876,-5.572,0,0.0408,0.129,1.39e-06,0.29,0.645,124.999,4,15,"underground_heavy_hybrid",0.81
43041,"2aaClnypAakdAmLw74JXxB","Sepultura","Metal","Arise",0,198226,FALSE,0.961,-6.765,0,0.0931,1.52e-05,0.0548,0.0916,0.159,115.336,4,15,"underground_heavy_hybrid",0.78
43044,"1f9jv3jIHqwZhVW7NMAgYN","Pantera","Groove Metal Roots & Branches","Mouth for War",1,236720,FALSE,0.97,-5.69,0,0.0837,6.58e-06,0.000162,0.039,0.561,156.96,4,15,"underground_heavy_hybrid",0.69
43058,"2n6qz4opcJlHsEpI8030YM","J. Worra;Leo Stannard","Check Out","Check Out",70,174138,FALSE,0.675,-6.761,0,0.042,0.00577,0.0818,0.0956,0.776,125,4,15,"underground_heavy_hybrid",0.81
43061,"5Cv9UBYh2VkiCspwh4Wog5","Sonny Fodera;Gorgon City;Danny Howard;Stevie Appleton","Remember (feat. Stevie Appleton)","Remember (feat. Stevie Appleton)",67,199967,FALSE,0.89,-6.434,0,0.0611,0.101,0.0149,0.488,0.328,127.979,4,15,"underground_heavy_hybrid",0.73
43068,"6z9RJExnzDBFdnnsbelX8y","CID;Westend","Armada Music - ADE 2022","Let Me Take You",3,154761,FALSE,0.908,-3.573,0,0.059,0.00839,0.0976,0.343,0.904,125.984,4,15,"underground_heavy_hybrid",0.76
43074,"6vWZ3AWJZSU4GImoBJFcon","Kideko","Toolroom Amsterdam 2022","Free",5,162380,FALSE,0.9,-6.293,0,0.0386,0.00617,0.516,0.322,0.77,126.01,4,15,"underground_heavy_hybrid",0.68
43080,"6URLR9SwPALBhLIURttw7v","Kemuel","Filhos Acústico","Me Lembro - Acústico",44,298481,FALSE,0.299,-11.7,1,0.0407,0.794,0,0.046,0.233,78.769,4,15,"underground_heavy_hybrid",0.71
43083,"4LU6oaf8MwuPi1fQqRz6aK","Solardo","Sola Presents: Amsterdam 2022","Riser",0,369642,FALSE,0.921,-7.011,1,0.0538,0.000129,0.83,0.0623,0.34,126,4,15,"underground_heavy_hybrid",0.79
43105,"6CMF35Wo3xRxGTLDMjvxlY","M-22","Need You There","Need You There",63,185991,FALSE,0.76,-5.949,1,0.0446,0.0273,0.000538,0.315,0.137,122.969,4,15,"underground_heavy_hybrid",0.76
43115,"39rHGt9qI4FGdLqtSksPZm","Garreth Maher","Every Little Step","Every Little Step",46,157440,FALSE,0.925,-3.72,0,0.0439,0.0322,0,0.0405,0.661,125.084,4,15,"underground_heavy_hybrid",0.73
43117,"0gtZ8DwXXeqGTc09iFWRBv","James Hype","Crank","Crank",61,178804,FALSE,0.906,-5.157,1,0.0468,0.0227,0.883,0.0703,0.325,126.02,4,15,"underground_heavy_hybrid",0.74
43126,"4Vb5Y6RQztThqqqFre24wL","Lamb of God","Ashes of the Wake (15th Anniversary)","Omerta",60,285962,FALSE,0.982,-4.079,0,0.201,0.00242,0.00112,0.323,0.155,118.504,4,15,"underground_heavy_hybrid",0.71
43136,"3w5x1B7KOXuZ1zUZANmyn4","Preto no Branco;Kennto","Ninguém Explica Deus (Preto no Branco) [Kennto Remix]","Ninguém Explica Deus (Preto no Branco) [Kennto Remix]",41,173280,FALSE,0.903,-6.138,0,0.171,0.0197,0.000142,0.167,0.38,125.095,4,15,"underground_heavy_hybrid",0.75
43140,"6Z3z1dmp8Gw7Pq0NRbNiRR","Luciano Claw","Por Amor a Ti","Creio Que Tu És a Cura",36,329040,FALSE,0.659,-4.692,1,0.0349,0.582,0,0.0631,0.508,150.056,4,15,"underground_heavy_hybrid",0.8
43160,"1WWq2DUV0UbO4XJda2usuv","Lamb of God","VII: Sturm und Drang","512",52,284840,TRUE,0.971,-4.638,1,0.106,1.6e-05,0.0806,0.0893,0.108,192.117,4,15,"underground_heavy_hybrid",0.63
43166,"1rnsFy41deoAFKeTTsNjNU","Lamb of God","Omens","Gomorrah",53,252125,FALSE,0.99,-4.508,1,0.112,0.00176,0.000958,0.183,0.232,147.111,4,15,"underground_heavy_hybrid",0.64
43186,"0nui540lw5fMHlsURBzaE5","Kemuel","Coral Kemuel, Vol. 2","Ele Vem",35,298920,FALSE,0.45,-6.942,1,0.0292,0.75,0,0.13,0.193,155.053,3,15,"underground_heavy_hybrid",0.75
43193,"5nUVK7uNLlaj5AroBKBrXg","Soulfly","Post-Millennial Noise","Downstroy",0,264986,FALSE,0.899,-5.538,1,0.078,0.00211,0.133,0.091,0.505,149.178,4,15,"underground_heavy_hybrid",0.88
43208,"1Gz2E1chOzRyhFXHJYWw8y","Dom Dolla","Pump the Brakes","Pump the Brakes",59,220581,FALSE,0.668,-6.834,1,0.096,0.00673,0.0912,0.362,0.495,124.01,4,15,"underground_heavy_hybrid",0.81
43216,"1GWtUkDQk7XC35r7kTPfqx","Gojira","Fortitude","Amazonia",59,300783,FALSE,0.954,-4.831,1,0.0417,0.00038,0.776,0.244,0.513,181.933,4,15,"underground_heavy_hybrid",0.78
43222,"0QIxgtgX9oV8dXua5UPEdU","Mat.Joe;Ninetoes","Toolroom Amsterdam 2022","Clove",3,186240,FALSE,0.956,-8.004,0,0.0618,0.0645,0.282,0.598,0.428,125.022,4,15,"underground_heavy_hybrid",0.48
43225,"7d3BPwhS1MLufNHPWhM7rD","FLG;Binhu","O Céu É o Limite","O Céu É o Limite",33,283280,FALSE,0.694,-4.805,0,0.358,0.152,0,0.108,0.867,203.552,4,15,"underground_heavy_hybrid",0.87
43229,"0CeEwrS98KNBkuP8kZ9yPY","Kemuel","Graça","Graça",33,273043,FALSE,0.68,-8.236,1,0.0335,0.00543,0.000162,0.522,0.118,137.904,4,15,"underground_heavy_hybrid",0.79
43234,"2BZbK3zZ6Lp63QOq1CfoPm","Sync 3;Ericka Nascimento","Resgatando Valores","Fiel a Mim",33,366576,FALSE,0.0761,-17.472,1,0.0395,0.769,0,0.109,0.289,85.449,4,15,"underground_heavy_hybrid",0.82
43238,"0moDQxGRAXziNK2WHgeEYa","Trazendo a Arca","Ao Vivo no Maracanãzinho, Vol. 2 (Ao Vivo)","Tua Graça Me Basta - Ao Vivo",34,471213,FALSE,0.576,-6.897,1,0.034,0.165,0,0.473,0.363,127.762,4,15,"underground_heavy_hybrid",0.79
43240,"2Wn8wvnFpKOG1kthJT5PNb","Purples","Tua palavra","Tua palavra",33,239013,FALSE,0.783,-5.832,1,0.0379,0.304,8.92e-05,0.121,0.386,90.018,4,15,"underground_heavy_hybrid",0.67
43246,"7u2kqqY13XzJx3EHv9yzzU","Trazendo a Arca","10 Anos (Edição Comemorativa)","Marca da Promessa",33,317146,FALSE,0.526,-7.209,1,0.0263,0.0998,0,0.751,0.29,79.986,4,15,"underground_heavy_hybrid",0.8
43267,"00r6omMNTuBPImjlLWtB3V","Calippo","Amsterdam 2022","Take a Hold",0,185927,FALSE,0.865,-5.203,0,0.0843,0.233,0,0.311,0.791,124.002,4,15,"underground_heavy_hybrid",0.81
43274,"55Cth2NbfIWChuTpHs1kCI","Kemuel;Gabriela Rocha","Me Lembro (feat. Gabriela Rocha)","Me Lembro (feat. Gabriela Rocha)",33,291740,FALSE,0.59,-7.291,1,0.0545,0.441,0,0.124,0.113,79.111,4,15,"underground_heavy_hybrid",0.76
43280,"68rtpMtVCxLurhiF2yfZuJ","Anton Ishutin","Vocal Deep House Hits","Into The Night",0,335598,FALSE,0.634,-7.135,0,0.0644,0.000166,0.117,0.227,0.718,118.031,4,15,"underground_heavy_hybrid",0.77
43286,"0mPKCEljjGAjQGzt6JtNlA","Anton Ishutin;Note U","Get Involved with Nu Disco, Vol. 35","For You - Original Mix",0,420501,FALSE,0.505,-10.456,0,0.033,0.321,0.0271,0.112,0.299,120.993,4,15,"underground_heavy_hybrid",0.76
43289,"3FvKZvKIvjicD6K9CUpawq","Sarah Oliveira;BRAVE","Oh Quão Lindo Esse Nome É (Ao Vivo)","Oh Quão Lindo Esse Nome É - Ao Vivo",32,459720,FALSE,0.411,-7.618,1,0.0331,0.563,0,0.102,0.173,139.87,4,15,"underground_heavy_hybrid",0.69
43298,"5ODiGguUdHTf0zYLuhiflh","Novo Som","Novo Som 25 Anos: Escrevendo Histórias... (Ao Vivo)","Eu e Você - Ao Vivo",33,218933,FALSE,0.609,-7.994,1,0.0306,0.00762,1.58e-05,0.819,0.292,132.294,4,15,"underground_heavy_hybrid",0.78
43303,"77VqW84V88aKD8Bi8CzEsP","Gorgon City;DRAMA","Olympia","You've Done Enough",61,212893,FALSE,0.782,-6.639,1,0.0344,0.0147,0.165,0.704,0.519,125.057,4,15,"underground_heavy_hybrid",0.89
43304,"3Skzc6bYZur8BWZhfUpAP1","Alex Hobson;Talia Mar","Good on You","Good on You",50,178535,FALSE,0.824,-3.38,0,0.0366,0.202,3.93e-05,0.163,0.729,123.058,4,15,"underground_heavy_hybrid",0.73
43311,"60aUfRZyvfi37ibBdiTJ9f","Biscits;ROMÉO","I Confess (feat. ROMÉO)","I Confess (feat. ROMÉO)",58,157875,FALSE,0.854,-5.612,0,0.118,0.22,0.000438,0.396,0.382,126.996,4,15,"underground_heavy_hybrid",0.66
43322,"1L2ZkXbRX00ZiaUDuMMgf7","Pantera","The Great Southern Trendkill","Floods",57,419893,TRUE,0.811,-7.237,1,0.0621,0.00268,0.0093,0.106,0.151,120.758,4,15,"underground_heavy_hybrid",0.79
43325,"7iMQChXFK33TS49QWhE4tt","Gojira","The way of all flesh","The art of dying",57,594213,FALSE,0.83,-5.983,0,0.105,0.000308,0.543,0.102,0.114,137.967,4,15,"underground_heavy_hybrid",0.69
43338,"7ywbvFsilDcWyGwZWGdxmK","Purples","nada além de um instrumento","salmo 139",30,291000,FALSE,0.755,-6.447,1,0.0835,0.314,0,0.113,0.505,93.02,4,15,"underground_heavy_hybrid",0.74
43339,"3ULYRogM46zGLQ7IvPI2QU","Spineshank","Metal Lives!","New Disease",0,194733,TRUE,0.909,-4.184,1,0.0637,5.81e-05,0.000254,0.0981,0.275,121.979,4,15,"underground_heavy_hybrid",0.79
43345,"7hEMPodle4EijHzrdYjujP","Trazendo a Arca","Olha pra Mim","Me Arrebataste",31,395386,FALSE,0.602,-6.827,1,0.0296,0.0221,1.07e-06,0.967,0.215,134.982,4,15,"underground_heavy_hybrid",0.89
43353,"0OE5nvs8Sc1meDrjN7vwBw","Navos;HARLEE","You & I","You & I",59,168201,FALSE,0.909,-4.171,0,0.0487,0.0375,0.000178,0.0817,0.659,123.911,4,15,"underground_heavy_hybrid",0.85
43357,"5jbz9ONajDOe1AW5c3ob5U","Dombresky;Ricky Ducati;Donnie Sloan","Down Low","Down Low",59,161048,FALSE,0.805,-6.55,0,0.0346,0.0765,0.000974,0.182,0.762,122.017,4,15,"underground_heavy_hybrid",0.92
43360,"0fusqEZznLhqoNNdHllbgg","Jack Wins;Caitlyn Scarlett","Freewheelin'","Freewheelin'",41,211974,FALSE,0.822,-4.791,1,0.0451,0.0696,0,0.372,0.268,125.056,4,15,"underground_heavy_hybrid",0.52
43366,"4LB264fAdV4BPK99w4UMxl","Meshuggah","Koloss","Demiurge",53,372866,FALSE,0.945,-5.277,1,0.0787,3.26e-05,0.79,0.0947,0.0399,113.254,3,15,"underground_heavy_hybrid",0.52
43376,"40IC1yRtnoM8YgkmAmq0tt","Inpetto;Aribo","Weekend Vibes - Best of House & Dance Hits","Somehow",0,190476,FALSE,0.724,-5.03,1,0.049,0.0925,0,0.0853,0.515,126.019,4,15,"underground_heavy_hybrid",0.84
43382,"5oJaiEzZIgmFDtIv0dZc08","Sarah Oliveira;BRAVE","Vitorioso És","Vitorioso És",30,528746,FALSE,0.552,-6.5,1,0.0322,0.0877,7.85e-06,0.0981,0.0355,139.943,4,15,"underground_heavy_hybrid",0.74
43413,"4nTj9uSRpyhHWGaeZRUeqQ","Biscits;Karen Harding","Without U","That Feeling",58,166633,FALSE,0.83,-6.656,0,0.0535,0.0407,0.0121,0.348,0.839,125.979,3,15,"underground_heavy_hybrid",0.53
43416,"3CrUyqCwGHF8GhT5bzGYdP","RoelBeat;Ivan Summer","Requiem For A Dream","Requiem For A Dream",39,180000,FALSE,0.894,-7.257,1,0.0618,0.000784,0.785,0.0658,0.231,123.984,4,15,"underground_heavy_hybrid",0.41
43417,"7EdFmnGr4QvCpuMtcP1AC0","The Cactus Channel","Stay a While","Stay a While",58,255845,FALSE,0.607,-8.886,0,0.03,0.135,0.876,0.175,0.767,154.269,4,15,"underground_heavy_hybrid",0.63
43433,"0lHHVTNzAG84UnHFKCu5GP","Trazendo a Arca","Marca da Promessa","Muda-Me - Ao Vivo",29,293173,FALSE,0.472,-6.8,0,0.0315,0.0238,0,0.889,0.286,129.974,4,15,"underground_heavy_hybrid",0.63
43439,"51haCqHVfdZMZC3Y3fffgA","Chimaira","Groove Metal Roots & Branches","Dead Inside",0,225666,TRUE,0.982,-3.132,1,0.179,0.000125,0.293,0.354,0.284,105.363,4,15,"underground_heavy_hybrid",0.82
43440,"3yQeMeo2fQp6zI5pWi3kY7","Sarah Oliveira","Sarah","Dependente",28,125000,FALSE,0.46,-5.791,0,0.0296,0.419,0,0.232,0.154,133.957,4,15,"underground_heavy_hybrid",0.53
43442,"7DUCivebArAyw9fBTcras9","Trazendo a Arca","Marca da Promessa","Desperta-Me - Ao Vivo",29,340106,FALSE,0.411,-7.559,1,0.0279,0.228,0,0.131,0.183,137.974,4,15,"underground_heavy_hybrid",0.46
43448,"7cZISu9PSBIM2XvaZzw44S","Novo Som;Catedral","Mais Que Amigos = Irmãos (Ao Vivo)","O Silêncio - Ao Vivo",30,246413,FALSE,0.885,-3.833,1,0.0387,0.0724,3.5e-05,0.376,0.434,72.292,4,15,"underground_heavy_hybrid",0.69
43450,"0nevM5K8CCJOTbAcpOS1Js","Kyle Walker","Strut","Strut",56,160664,FALSE,0.826,-8.178,1,0.0591,0.000901,0.226,0.163,0.742,127.002,4,15,"underground_heavy_hybrid",0.82
43459,"3HybwTm4C1n07gqg85f8qt","Westend","Get This Party Started","Get This Party Started",57,160000,FALSE,0.748,-6.714,0,0.0511,0.000953,0.395,0.0749,0.678,126.076,4,15,"underground_heavy_hybrid",0.71
43464,"1FE3Cf3SUdxJkFGrdYpqQT","Jack Wins;Joe Stone","Light Up My Life","Light Up My Life",58,144590,FALSE,0.874,-5.912,0,0.262,0.0173,0,0.839,0.392,121.995,4,15,"underground_heavy_hybrid",0.43
43466,"6J4VOoKhRZFNeWkVH0WTzH","Testament","The Formation of Damnation","For the Glory of...",58,72493,FALSE,0.892,-5.099,1,0.0466,2.8e-06,0.883,0.0878,0.49,120.048,4,15,"underground_heavy_hybrid",0.72
43471,"0k1vngPsfE62PogE2ntq3d","Kokiri;Jem Cooke;Todd Terry","Workout 2021 - Motivation Mix","So Free",29,186179,FALSE,0.871,-4.793,0,0.0311,0.00734,0,0.347,0.889,124.016,4,15,"underground_heavy_hybrid",0.69
43476,"2Kk7tpr2lcnyHOHzeAeIur","Paulo Rogerio;Wandra Scott","Comunhão e Adoração","Comunhão e Adoração",28,259906,FALSE,0.809,-5.833,1,0.0442,0.399,3.21e-06,0.343,0.45,110.993,4,15,"underground_heavy_hybrid",0.77
43487,"11pKcve3cCidkI6pXwB8O7","Álvaro Tito","Na Intimidade - Voz e Violão, Vol. 1","Pelo Sangue de Jesus",28,254641,FALSE,0.295,-8.951,1,0.0478,0.913,0,0.11,0.649,135.158,4,15,"underground_heavy_hybrid",0.69
43507,"1ap4zdsBydWPSXJqDBqtNL","D.O.D;Raphaella","Like You Do","Like You Do",58,152224,FALSE,0.847,-4.565,1,0.0374,0.0145,0.041,0.0777,0.49,124.015,4,15,"underground_heavy_hybrid",0.79
43515,"5Je1RWHhAXJwN8fN8nz05a","Toly Braun","For You","For You",45,177025,FALSE,0.711,-8.555,1,0.0575,0.171,0.00398,0.138,0.489,115.941,4,15,"underground_heavy_hybrid",0.8
43523,"28KKvFNDjBSUFNSxsdlBzw","Colour Castle;Ruby Turner;Blake Leisurely","Chasing Love (Blake Leisurely Remix)","Chasing Love (Blake Leisurely Remix)",19,213329,FALSE,0.948,-5.484,0,0.047,0.033,0.838,0.344,0.738,126.009,4,15,"underground_heavy_hybrid",0.8
43526,"5p9mENkA1huAnZrtmN7OjX","Costa Mee;Nikko Culture","Around This World","Around This World (Nikko Culture Remix]",40,325086,FALSE,0.76,-7.133,0,0.0491,0.00108,0.539,0.0775,0.536,116.001,4,15,"underground_heavy_hybrid",0.8
43530,"3qHlBxD3acw5nrl7Padt0v","Machine Head","Burn My Eyes","Davidian",58,296626,FALSE,0.937,-6.952,1,0.168,0.000535,0.118,0.227,0.29,154.244,3,15,"underground_heavy_hybrid",0.62
43549,"4DhYunrw0WGdCeWlAcva2a","Novo Som","Novo Som - Gospel Collection Ao Vivo","Voz do Coração",28,283283,FALSE,0.664,-6.655,1,0.0409,0.0614,1.22e-05,0.402,0.27,141.572,4,15,"underground_heavy_hybrid",0.55
43559,"7diiW6RSbOz0o1P7BWGmut","James Hype","Say Yeah","Say Yeah",55,225218,FALSE,0.988,-5.174,1,0.122,0.00251,0.799,0.0883,0.155,125.993,4,15,"underground_heavy_hybrid",0.8
43565,"3n3wsH09Hh6wGatQzopTJs","Dom Dolla;Clementine Douglas;Matt Guy","Miracle Maker (Matt Guy Remix)","Miracle Maker - Matt Guy Remix",0,229428,FALSE,0.929,-4.649,1,0.0619,0.177,0.14,0.213,0.484,130.03,4,15,"underground_heavy_hybrid",0.79
43568,"6IIOcnq93QAaKeRX1cs16v","James Hype;Craig David","No Drama (feat. Craig David)","No Drama (feat. Craig David)",57,153309,FALSE,0.934,-3.995,1,0.078,0.168,2.56e-05,0.142,0.758,122.018,4,15,"underground_heavy_hybrid",0.79
43607,"5H1tp2k7Ck2KPBE8t4zOO1","Dallerium;MKDN","Still Love You","Still Love You",53,178793,FALSE,0.854,-6.74,1,0.0392,0.0187,0.369,0.252,0.104,124.019,4,15,"underground_heavy_hybrid",0.36
43625,"1mjC68qU0Q9HlCIZHZAEko","Gojira","L'Enfant Sauvage (Special Edition)","The Gift of Guilt",52,356800,FALSE,0.977,-5.63,0,0.0693,9.78e-05,0.694,0.18,0.0819,157.221,4,15,"underground_heavy_hybrid",0.82
43639,"4iLuvSmswjSitqNxNmh0az","Sync 3;Ericka Nascimento","Quem É Você?","Quem É Você?",25,181200,FALSE,0.802,-4.467,1,0.045,0.0944,0,0.116,0.17,149.935,4,15,"underground_heavy_hybrid",0.66
43650,"4QVUWECCW3WPs4jZOYOYTQ","Gorgon City;Katy Menditta","Sirens (Deluxe)","Imagination",51,217960,FALSE,0.701,-7.517,0,0.0327,0.0291,0.000643,0.298,0.402,121.989,4,15,"underground_heavy_hybrid",0.73
43663,"76Y3tYpbBuu9H9hHV2zN4h","Stoto","Many Dreams Ago","Many Dreams Ago - Part 1",41,199680,FALSE,0.558,-12.594,0,0.0604,0.0197,0.908,0.1,0.0446,124.994,4,15,"underground_heavy_hybrid",0.8
43666,"6Jrc7WNKAzMu0P35wQr3OY","Kenno;Housenick","Waiting 4 Your Call","Waiting 4 Your Call - Housenick Remix",40,307320,FALSE,0.512,-9.942,0,0.0347,0.0417,0.375,0.0992,0.444,115.007,4,15,"underground_heavy_hybrid",0.74
43672,"4bpI7WOnEjXDAnZtyvaX5A","Five Finger Death Punch","The Wrong Side Of Heaven And The Righteous Side Of Hell, Volume 2","Cradle to the Grave",56,198067,TRUE,0.989,-3.776,0,0.144,5.96e-05,0,0.12,0.134,95.013,4,15,"underground_heavy_hybrid",0.71
43675,"0vpLgxoX2cpJM0Fvxwbw84","Meshuggah","Chaosphere (Reloaded)","New Millennium Cyanide Christ",48,335666,FALSE,0.964,-5.182,0,0.143,0.000241,0.00211,0.131,0.159,149.86,4,15,"underground_heavy_hybrid",0.8
43680,"7L6qd9NzxXJxYzFktEWVo7","Frey","Good Vibes Only Club, Vol. 2","Just a Lil Bit",0,307625,FALSE,0.793,-4.19,0,0.0897,0.000793,0.897,0.0457,0.949,119.99,4,15,"underground_heavy_hybrid",0.71
43685,"7Ft8fFfrgaN1J2oZADY6Ag","Juninho Black","Sonhos de Deus","Me Ensine a Caminhar",25,261440,FALSE,0.5,-8.898,1,0.0406,0.557,0.000816,0.106,0.61,79.986,4,15,"underground_heavy_hybrid",0.69
43695,"5GBbbyQfY4UCRHF7syNQjM","Kemuel","Ensaio Kemuel (Acústico)","Canta Minh'Alma (Behold)",27,330499,FALSE,0.345,-7.865,1,0.0278,0.633,1.23e-06,0.119,0.27,147.659,4,15,"underground_heavy_hybrid",0.8
43696,"3fhTp9GulLMh7AqYRYm44F","Purples","Puro e Simples","Rei Desta Nação",25,348245,FALSE,0.788,-2.516,1,0.0442,0.442,0,0.0889,0.36,119.92,4,15,"underground_heavy_hybrid",0.71
43705,"0ku6jfwJvvtXgoZcpubwy7","Joshwa;Fallon","Papi","Papi",51,173538,FALSE,0.898,-6.746,0,0.054,0.000739,0.755,0.127,0.276,130.002,4,15,"underground_heavy_hybrid",0.6
43717,"0bFgyBeGeoxmS3OLAUoQYO","Anagramma;Helen Engels","Phoenix","Phoenix",43,418937,FALSE,0.596,-10.511,1,0.0443,0.0246,0.555,0.135,0.224,112.013,4,15,"underground_heavy_hybrid",0.71
43747,"6QLKiicKZXwzaCtUWS1SI3","Novo Som","As 10 Mais do Novo Som","Para Sempre",25,232013,FALSE,0.399,-12.705,1,0.0288,0.423,0,0.412,0.388,130.298,4,15,"underground_heavy_hybrid",0.7
43748,"0dUEZ1STS2mZHIWI4pehkM","Kemuel","Ensaio Kemuel (Acústico)","Fome de Amor",26,260892,FALSE,0.387,-10.537,0,0.0279,0.901,2.82e-05,0.128,0.52,100.175,4,15,"underground_heavy_hybrid",0.71
43749,"287wWghsokHx34DR8WDFkM","Novo Som;Catedral","Mais Que Amigos = Irmãos (Ao Vivo)","Pedro Zé - Ao Vivo",25,455706,FALSE,0.913,-2.755,1,0.0375,0.000263,0,0.232,0.556,90.569,4,15,"underground_heavy_hybrid",0.7
43771,"64S7qudAKjHzNdEjDGssxG","Dj Vianu","Lost Control","Lost Control",40,198347,FALSE,0.508,-8.04,0,0.0335,0.0625,0.065,0.121,0.416,121.001,4,15,"underground_heavy_hybrid",0.8
43773,"5WA3rl0o0RJwdhsB2T7p1k","Mike Mago;MAU;Mohka;Megan Brands","Am I Dreaming (feat. Megan Brands)","Am I Dreaming (feat. Megan Brands)",52,177096,FALSE,0.823,-5.82,1,0.0647,0.00768,5.7e-05,0.322,0.247,123.904,4,15,"underground_heavy_hybrid",0.8
43781,"4Pd6uKE3iJm437tc0TAob0","Rogér Fakhr","Fine Anyway (Habibi Funk 016)","Had to Come Back Wet",51,196000,FALSE,0.756,-7.541,1,0.0427,0.394,0.000587,0.0574,0.961,115.27,4,15,"underground_heavy_hybrid",0.77
43782,"76CWLFHm3OFuE2P1dDMhi3","Five Finger Death Punch","F8","Full Circle",60,202249,TRUE,0.993,-3.014,1,0.145,0.000151,0,0.368,0.29,149.912,4,15,"underground_heavy_hybrid",0.82
43794,"2BAON45rMWhGPXp0o7SSHk","Kemuel","Kemuel Live Session","Transformados",25,271500,FALSE,0.639,-4.866,0,0.157,0.736,0,0.42,0.777,132.106,4,15,"underground_heavy_hybrid",0.75
43806,"5FMHF4EOze9ubqy0CGqhIV","DJ S.K.T","Poison","Poison",25,228725,FALSE,0.876,-7.952,1,0.0464,1.76e-05,0.837,0.0283,0.575,123.015,4,15,"underground_heavy_hybrid",0.87
43819,"56lSM7LYZsdrZ62wIGfyIG","Black Label Society","Mafia","Suicide Messiah",55,347866,FALSE,0.83,-5.723,1,0.0725,0.000217,3.83e-05,0.0601,0.205,76.727,4,15,"underground_heavy_hybrid",0.86
43851,"4AHbsdacRagQT4GklwTtON","Gorgon City","Skywalk","Skywalk",43,303125,FALSE,0.712,-8.198,0,0.0594,0.000587,0.24,0.088,0.0389,124.015,4,15,"underground_heavy_hybrid",0.78
43857,"0zEgII9p4oF7pqF9ozPgTH","Mpirgkel","Bubbles (Remastered)","Bubbles - Remastered",37,166857,FALSE,0.576,-8.549,1,0.0771,0.0857,5.95e-06,0.093,0.0782,104.966,4,15,"underground_heavy_hybrid",0.53
43860,"1DkuDqLlR1l1mmKhxhEt4u","Tom Ferry;Sylvie","Inhale Exhale","Inhale Exhale",46,198446,FALSE,0.714,-8.877,1,0.0592,0.00287,0.0273,0.565,0.137,123.99,4,15,"underground_heavy_hybrid",0.67
43865,"47KozeISc76CWuXMho3y6z","Chris Lorenzo;COBRAH","MAMI (LUCATI Remix)","MAMI",15,247896,TRUE,0.944,-4.901,0,0.0623,0.0308,0.103,0.0438,0.826,126.022,4,15,"underground_heavy_hybrid",0.8
43869,"1iqj7vNKGuT0AIGJ11Kojy","Lamb of God","Lamb of God","Checkmate",43,270508,FALSE,0.994,-3.587,1,0.0712,3.65e-05,0.406,0.198,0.124,119.978,4,15,"underground_heavy_hybrid",0.74
43874,"5f2uoq4GfpeViLcsP3FtES","Five Finger Death Punch","Got Your Six","My Nemesis",52,215871,FALSE,0.97,-2.333,0,0.0771,2.87e-05,0,0.252,0.509,74.995,4,15,"underground_heavy_hybrid",0.88
43883,"7eAnF0Yr5MsC3Y2JOxBaY5","Spineshank","The Best Of Spineshank","Synthetic",26,190266,FALSE,0.925,-4.449,1,0.0538,1.8e-05,8.96e-06,0.14,0.46,150.014,4,15,"underground_heavy_hybrid",0.76
43886,"5Tdx85q8KQIcIZJ9XoHblt","Pantera","Vulgar Display of Power","A New Level",54,237466,TRUE,0.868,-9.349,1,0.0688,5.68e-05,0.185,0.0888,0.454,136.572,4,15,"underground_heavy_hybrid",0.76
43899,"6gUqH6UZ7GzfKipdoUNruP","Felipe Vilela","Volta / Live Session (Ao Vivo)","Uma História / Live Session",24,343773,FALSE,0.534,-11.432,0,0.352,0.104,0,0.104,0.84,87.873,4,15,"underground_heavy_hybrid",0.52
43907,"2rqgrjE3T96UvvQ0MheJ8T","Chapter & Verse","Ashes","Ashes",45,222250,FALSE,0.844,-4.296,1,0.0457,0.0205,0.532,0.158,0.632,125.007,4,15,"underground_heavy_hybrid",0.7
43908,"4csz6h4Sf8ELul6oeagP42","Burak Cilt;Tolga Mahmut","Easy Come Easy Go (Tolga Mahmut Remix)","Easy Come Easy Go (Tolga Mahmut Remix)",39,198078,FALSE,0.723,-5.54,0,0.264,0.0116,0.000666,0.152,0.7,120.051,4,15,"underground_heavy_hybrid",0.81
43918,"3EY8lUHNJApNxLewXvkWs6","Costa Mee;Pete Bellis & Tommy","I Can't Believe","I Can't Believe",35,258182,FALSE,0.779,-5.214,1,0.0633,0.00517,0.0325,0.0719,0.69,119.027,4,15,"underground_heavy_hybrid",0.53
43931,"7MuPOXU2vjEe3Kh9LfbM5v","Gojira","Magma","Only Pain",51,239960,FALSE,0.951,-5.345,1,0.054,3.09e-05,0.00986,0.37,0.324,99.213,3,15,"underground_heavy_hybrid",0.69
43936,"4SpgDuOcQdIpixuPYfgxVV","ALEXANDRE APOSAN;Thalles Roberto","Se Liga no Groove (Ao Vivo)","Se Liga no Groove - Ao Vivo",23,267964,FALSE,0.913,-7.464,0,0.189,0.0498,1.47e-06,0.876,0.357,115.426,4,15,"underground_heavy_hybrid",0.39
43944,"250jSCAAw1mOjfzhIDWzh1","ALEXANDRE APOSAN","AO SOM DOS TAMBORES","Ao Som Dos Tambores",23,255853,FALSE,0.801,-5.309,1,0.0526,0.22,7.13e-05,0.086,0.699,100.037,4,15,"underground_heavy_hybrid",0.68
43947,"6joTE2yGfoWzl81QildUEZ","Jéssica Augusto","Obrigado Por Me Amar (Ao Vivo)","Obrigado Por Me Amar - Ao Vivo",23,308293,FALSE,0.572,-8.401,1,0.0295,0.0331,0.000917,0.33,0.17,118.023,4,15,"underground_heavy_hybrid",0.78
43951,"0JOKsHHDXCtnGYZdfsV0go","Biscits;MY M8 JAY","Speakerphone","Speakerphone",42,187615,FALSE,0.807,-5.946,1,0.0585,0.011,0.166,0.122,0.782,123.963,4,15,"underground_heavy_hybrid",0.65
43962,"5pg2odADhTPe42uf0BghWA","Chris Lake;Cloonee;Alexis Roberts","Turn Off The Lights (Cloonee Remix)","Turn Off The Lights - Cloonee Remix",51,198754,FALSE,0.41,-6.981,0,0.14,0.0555,0.0417,0.123,0.204,127.989,4,15,"underground_heavy_hybrid",0.85
43968,"0fMIhVO47aLOTwYgizGmPc","Five Finger Death Punch","A Decade of Destruction Vol. 2","I Refuse",48,218788,TRUE,0.849,-5.668,1,0.06,0.0479,0,0.0951,0.365,154.992,4,15,"underground_heavy_hybrid",0.43
43973,"37pUW7oHqwFaa313OQ6CBg","Sharapov;Alexandrjfk","My Gravity, Vol. 3","Next Day - Alexandrjfk Remix",0,206086,FALSE,0.839,-6.133,1,0.123,0.0876,0.00347,0.501,0.37,114.976,4,15,"underground_heavy_hybrid",0.59
43975,"2LfKCtGFJj8a6nNCxWI7ap","Cleverson Silva;Paulo Zuckini","Povo Adquirido","Povo Adquirido",22,313885,FALSE,0.947,-6.152,1,0.0722,0.0211,0.395,0.163,0.479,131.873,4,15,"underground_heavy_hybrid",0.8
43989,"1YuUYr9mVZGGR5EUAq6Y2m","Trazendo a Arca","Marca da Promessa","Celebre - Ao Vivo",23,254186,FALSE,0.9,-6.027,0,0.0841,0.122,0,0.947,0.728,147.989,4,15,"underground_heavy_hybrid",0.66
43999,"6L4oxrSrO3qGyHxigom9Nu","Trazendo a Arca","10 Anos (Edição Comemorativa)","Toca na Rocha",23,245800,FALSE,0.426,-8.03,1,0.0282,0.261,0,0.294,0.169,127.666,4,15,"underground_heavy_hybrid",0.26
44004,"104buTcnP2AsxqB7U1FIZ4","Linkin Park;Kiiara","One More Light","Heavy (feat. Kiiara)",69,169800,TRUE,0.671,-6.098,1,0.0706,0.0484,0,0.0604,0.438,149.982,4,15,"underground_heavy_hybrid",0.71
44009,"2RsAajgo0g7bMCHxwH3Sk0","Nirvana","Nevermind (Remastered)","Come As You Are",79,218920,FALSE,0.824,-5.846,0,0.0388,0.00016,0.00161,0.0916,0.539,120.125,4,15,"underground_heavy_hybrid",0.82
44030,"3tUwMETMLT2pSeeaMhBJMz","Thirty Seconds To Mars","10's Music Grandi Successi","Dangerous Night",0,199773,FALSE,0.715,-6.533,1,0.0696,0.00212,1.69e-06,0.242,0.242,88.035,4,15,"underground_heavy_hybrid",0.74
44031,"0Rv8J2jCczm7nxMurGBIcG","Godsmack","Halloween Spooky Party 2022","Vampires",0,227240,FALSE,0.843,-6.085,1,0.0635,7.21e-05,0.682,0.0709,0.412,90.016,4,15,"underground_heavy_hybrid",0.65
44041,"2vGDTOtslhkco6LVFfdEI2","Soundgarden","Rock & Halloween","Black Hole Sun",0,318586,FALSE,0.827,-5.351,1,0.0412,0.000222,0.000118,0.0755,0.145,105.463,4,15,"underground_heavy_hybrid",0.87
44044,"4bh9zPGpEX1yl9Do6rkhHr","Shinedown","Rock Brandneu","Planet Zero",0,222738,FALSE,0.964,-2.967,1,0.112,2.35e-05,0.000875,0.473,0.212,157.925,4,15,"underground_heavy_hybrid",0.87
44061,"400lQTCx3wYGgqAIHSZbNA","Linkin Park","Minutes to Midnight","Given Up",54,189293,TRUE,0.885,-4.116,1,0.0438,0.00117,0.000473,0.0448,0.938,100.088,4,15,"underground_heavy_hybrid",0.64
44062,"7kxfWvj6u9oWQ5C36kMtGb","Alter Bridge","Blackbird","Watch Over You",60,259133,FALSE,0.658,-5.418,1,0.0329,0.0836,0.000553,0.161,0.16,172.326,4,15,"underground_heavy_hybrid",0.63
44085,"4jZDioY5bkeiNBGK4lGrlA","Staind","Metal","Eyes Wide Open",0,210600,FALSE,0.936,-3.876,0,0.211,0.000481,0.0275,0.0573,0.432,167.818,3,15,"underground_heavy_hybrid",0.88
44088,"6PQLxN9DvI4Abr3hmsX3NQ","Hole","Fiesta temática 90s","Miss World",0,180066,FALSE,0.722,-8.461,1,0.0408,0.00204,5.5e-05,0.256,0.349,125.619,4,15,"underground_heavy_hybrid",0.9
44091,"5gRjZANENPGzKGrOsBIVUa","Bush","Post-Millennial Noise","Headful of Ghosts",0,261293,FALSE,0.706,-5.061,1,0.0426,0.00108,0,0.378,0.29,136.981,4,15,"underground_heavy_hybrid",0.74
44101,"3BnBKNItMng824sLx0pUfy","Linkin Park;Steve Aoki","RECHARGED","A LIGHT THAT NEVER COMES",62,229439,FALSE,0.871,-5.531,1,0.0689,0.00225,0.00708,0.134,0.539,115,4,15,"underground_heavy_hybrid",0.76
44105,"507bYMYfbm6sUS9iEAaeSd","Seether;Amy Lee","Disclaimer II","Broken",70,258333,FALSE,0.61,-2.695,0,0.0342,0.0102,0.000491,0.135,0.214,123.762,4,15,"underground_heavy_hybrid",0.76
44117,"5FZxsHWIvUsmSK1IAvm2pp","Foo Fighters","In Your Honor","Best of You",76,255626,FALSE,0.94,-5.119,0,0.0696,0.000769,9.42e-05,0.188,0.369,130.198,4,15,"underground_heavy_hybrid",0.64
44139,"1wIE2nfv5oF3ld71AriEDP","My Darkest Days","My Darkest Days (Deluxe Edition)","Still Worth Fighting For",60,196066,FALSE,0.873,-2.926,0,0.0435,0.00326,0,0.188,0.372,115.969,4,15,"underground_heavy_hybrid",0.69
44140,"0M955bMOoilikPXwKLYpoi","Three Days Grace","Three Days Grace","I Hate Everything About You",74,231480,FALSE,0.83,-5.157,0,0.0421,0.00461,0,0.139,0.453,89.342,4,15,"underground_heavy_hybrid",0.74
44141,"5FQXMRDSTkn9fowDJ3kZo8","Sick Puppies","Tri-Polar (International Version)","You're Going Down",66,187346,TRUE,0.833,-5.899,1,0.0487,0.0116,0.000504,0.15,0.39,89.981,4,15,"underground_heavy_hybrid",0.81
44151,"6aKfcKMefIPVzclCG6QSHX","Daughtry","Daughtry","Home",54,255666,FALSE,0.85,-3.888,1,0.0362,0.002,1.93e-06,0.198,0.338,143.981,4,15,"underground_heavy_hybrid",0.81
44156,"1KvyBpAxgllKW7bQb0GYCR","Linkin Park","One More Light","Halfway Right",54,217066,FALSE,0.626,-7.155,0,0.045,0.0134,0,0.349,0.498,134.028,4,15,"underground_heavy_hybrid",0.81
44158,"6UzeOH4bRPzKTo2wCXMZmC","Linkin Park","Hybrid Theory (Bonus Edition)","By Myself",62,189800,FALSE,0.935,-4.159,0,0.173,0.0171,0.00301,0.297,0.339,103.026,4,15,"underground_heavy_hybrid",0.73
44159,"1ZFm5SAlmVzufSu1CYWiBN","Breaking Benjamin","Shallow Bay: The Best Of Breaking Benjamin (Explicit)","I Will Not Bow",41,216600,FALSE,0.953,-3.685,1,0.0562,0.000169,5.49e-06,0.365,0.646,107.983,4,15,"underground_heavy_hybrid",0.73
44168,"4UJmPSJsBsIR1U0N79BU1g","Nirvana","MTV Unplugged In New York","Lake Of Fire",68,175973,FALSE,0.618,-9.652,0,0.179,0.277,4.02e-05,0.413,0.68,145.464,4,15,"underground_heavy_hybrid",0.69
44171,"1Q2fYlSdwuutWj3QplhY9q","Three Days Grace","One-X","Riot",71,207586,TRUE,0.948,-3.892,1,0.147,0.0104,0,0.105,0.316,196.578,3,15,"underground_heavy_hybrid",0.81
44183,"5sFDReWLrZHLFZFjHsjUTS","Alice In Chains","Dirt (2022 Remaster)","Would? (2022 Remaster)",73,206773,FALSE,0.833,-7.981,1,0.0398,0.000327,2.36e-05,0.091,0.586,100.675,4,15,"underground_heavy_hybrid",0.87
44185,"2vBiZ7nBe0OqTZKWGP0s4K","Nickelback","Here and Now (Audio Only Version)","Lullaby",64,228106,FALSE,0.832,-4.395,1,0.032,0.000372,0,0.0859,0.404,136.004,4,15,"underground_heavy_hybrid",0.81
44190,"2D9BrlpeyjXF0vli2dYQ5V","Breaking Benjamin","Dark Before Dawn","Angels Fall",65,228866,FALSE,0.886,-5.078,1,0.0521,0.000868,0.000211,0.122,0.406,195.958,4,15,"underground_heavy_hybrid",0.72
44208,"4QJLKU75Rg4558f4LbDBRi","Nickelback","Dark Horse","If Today Was Your Last Day",68,249066,FALSE,0.911,-5.749,1,0.0355,8.67e-05,0,0.092,0.568,89.956,4,15,"underground_heavy_hybrid",0.81
44213,"21tuvt3CXIsNquc32v8jpc","Audioslave","Audioslave","Show Me How to Live",41,277840,FALSE,0.854,-3.868,1,0.0483,0.000336,0.000177,0.162,0.368,89.4,4,15,"underground_heavy_hybrid",0.78
44214,"1EU3VuKGZOvd1HTkxLPUXK","Linkin Park","Meteora (Bonus Edition)","Nobody's Listening",57,178866,FALSE,0.831,-3.723,1,0.295,0.105,1.3e-06,0.174,0.451,199.972,3,15,"underground_heavy_hybrid",0.81
44223,"5PZ2cqh9Yem2g6cTSOLllz","Three Days Grace","One-X","Pain",68,202973,FALSE,0.741,-4.001,1,0.0335,0.00804,0,0.273,0.286,160.515,4,15,"underground_heavy_hybrid",0.84
44227,"1AEYT6VxrxXPMoQUxsY0E4","Trapt","Trapt","Headstrong",72,285569,TRUE,0.896,-5.819,0,0.117,0.000172,2.78e-06,0.189,0.534,184.981,4,15,"underground_heavy_hybrid",0.63
44232,"326CApbERCzytu8gmUC3Hb","Dead By Sunrise","Out Of Ashes","Too Late",52,179760,FALSE,0.875,-4.841,0,0.0433,0.0234,0,0.144,0.483,164.926,4,15,"underground_heavy_hybrid",0.63
44240,"7kxM3UJwN6rHAW5kwdlAHK","Linkin Park","Hybrid Theory (Bonus Edition)","Forgotten",61,194426,FALSE,0.947,-3.817,0,0.11,0.0132,0,0.366,0.498,108.193,4,15,"underground_heavy_hybrid",0.86
44241,"22GEETI4LXhhePCO71PyEv","Godsmack","When Legends Rise","Bulletproof",59,177048,FALSE,0.915,-3.244,0,0.181,0.000181,0,0.166,0.603,162.226,4,15,"underground_heavy_hybrid",0.76
44257,"36EVGjdLX0x5SlM1GaL6f0","Nickelback","San Quentin","San Quentin",25,211457,TRUE,0.934,-4.496,1,0.0486,0.000145,1.81e-05,0.104,0.832,124.005,4,15,"underground_heavy_hybrid",0.71
44270,"7GVqIMb6OdMY5mG7fUrtOq","Linkin Park","Hybrid Theory (Bonus Edition)","High Voltage",55,225106,FALSE,0.967,-4.26,0,0.182,0.105,2.77e-06,0.314,0.287,93.916,4,15,"underground_heavy_hybrid",0.84
44276,"4lhqal0Hq63U2wETCeBdG1","12 Stones","The Only Easy Day Was Yesterday","We Are One",60,206706,FALSE,0.974,-4.041,0,0.114,0.000119,1.64e-05,0.233,0.306,127.102,4,15,"underground_heavy_hybrid",0.69
44278,"1o5jmMhhk2UZ9YP1X5fXfj","Nirvana","Nevermind (Remastered)","Lounge Act",59,156426,TRUE,0.964,-5.327,0,0.107,1.26e-05,0.000103,0.151,0.459,152.192,4,15,"underground_heavy_hybrid",0.85
44284,"42et6fnHCw1HIPSrdPprMl","Third Eye Blind","Third Eye Blind","Semi-Charmed Life",75,268360,FALSE,0.864,-6.576,1,0.0314,0.00832,0,0.123,0.701,102.026,4,15,"underground_heavy_hybrid",0.84
44305,"0UZwcRQAk4QR09HtGRZhYC","Thirty Seconds To Mars","This Is War","Closer To The Edge",60,273466,FALSE,0.948,-3.717,1,0.12,0.0101,4.49e-06,0.0809,0.102,139.979,4,15,"underground_heavy_hybrid",0.91
44310,"0lHSJ0ZP8uUPnJXhMdGjOK","Thirty Seconds To Mars","A Beautiful Lie","Attack",63,188186,FALSE,0.877,-1.894,0,0.0603,0.00332,0.00101,0.769,0.285,175.095,4,15,"underground_heavy_hybrid",0.76
44311,"4Im33JWLEobPtMTTAw7GUF","Audioslave","Audioslave","I Am the Highway",37,334906,FALSE,0.662,-5.023,0,0.0335,0.105,0,0.113,0.2,174.875,4,15,"underground_heavy_hybrid",0.73
44322,"6FOpPA0a80RuBqqgDozvja","Staind","14 Shades of Grey","So Far Away",66,243573,FALSE,0.896,-2.935,1,0.063,0.012,0,0.196,0.156,138.697,3,15,"underground_heavy_hybrid",0.52
44330,"4urxRqBRiaH0i20OKBsgxc","Three Days Grace","Life Starts Now","Break",67,193106,FALSE,0.897,-3.906,1,0.0357,0.000666,0,0.0924,0.737,115.491,4,15,"underground_heavy_hybrid",0.74
44339,"3u0pZ2lv90HMUvovpTeIdb","Alter Bridge","Pawns & Kings","Season of Promise",50,291449,FALSE,0.92,-5.862,1,0.104,7.83e-06,0.000179,0.225,0.254,174.958,4,15,"underground_heavy_hybrid",0.83
44344,"4x5e8hKzHBJOcE81wqRY3h","Alter Bridge","Pawns & Kings","Dead Among the Living",53,292338,FALSE,0.935,-5.555,0,0.13,5.06e-06,0.000153,0.268,0.307,103.92,4,15,"underground_heavy_hybrid",0.76
44352,"0YmA7060yYtRtMS8LME0hK","Linkin Park","A Thousand Suns","Blackout",23,279453,FALSE,0.927,-3.971,0,0.0752,0.167,0.00927,0.446,0.369,135.002,4,15,"underground_heavy_hybrid",0.82
44365,"6VfK6BuYSrjYm2w5hjUWN4","Linkin Park","Minutes to Midnight (Deluxe Edition)","Shadow of the Day",41,289633,FALSE,0.373,-8.367,1,0.0304,0.0148,0.0289,0.109,0.044,109.74,4,15,"underground_heavy_hybrid",0.88
44384,"5vvoFE63Z7yw2TTj4icSDn","Nickelback","All the Right Reasons","Animals",62,186600,FALSE,0.961,-3.089,1,0.0625,0.000734,0.021,0.207,0.818,76.998,4,15,"underground_heavy_hybrid",0.73
44387,"2Xe2YAxNPqWCNpZ8RagBdO","Three Days Grace","One-X","Gone Forever",61,221093,TRUE,0.761,-4.514,1,0.031,0.0175,0,0.114,0.271,155.901,4,15,"underground_heavy_hybrid",0.79
44405,"2hEYslbdYWFSIA6JboUvnR","Shinedown","ATTENTION ATTENTION","DEVIL",65,207986,FALSE,0.942,-3.245,1,0.237,0.00039,6.36e-06,0.431,0.242,119.992,4,15,"underground_heavy_hybrid",0.58
44416,"5JTgqOeHWg4bxMZYMRTE4H","Incubus","Light Grenades","Love Hurts",59,237066,FALSE,0.805,-4.063,0,0.0266,0.0129,2.51e-06,0.175,0.409,78.102,4,15,"underground_heavy_hybrid",0.83
44420,"2CIsr5cqDJeWffps0vtNeq","Creed","Full Circle","Rain",55,208240,FALSE,0.925,-3.178,1,0.0392,0.00209,0,0.258,0.443,98.016,4,15,"underground_heavy_hybrid",0.73
44435,"4FzrCRil9uGpGGsnnM0vkE","Creed","Weathered","Don't Stop Dancing",61,272866,FALSE,0.576,-4.701,1,0.0322,0.00645,0,0.342,0.139,137.622,4,15,"underground_heavy_hybrid",0.71
44443,"7u93rCmIM9mBoT4mvfUBTZ","Breaking Benjamin","Phobia (Explicit Version)","Had Enough",60,228213,FALSE,0.948,-2.772,0,0.0762,1e-05,3.52e-05,0.105,0.242,163.881,4,15,"underground_heavy_hybrid",0.82
44450,"1nxGSNnFCpDLwm3umCOUpi","Lifehouse;Natasha Bedingfield","Almeria (Deluxe)","Between The Raindrops",54,285120,FALSE,0.63,-6.673,1,0.0317,0.00119,0,0.146,0.236,106.978,4,15,"underground_heavy_hybrid",0.72
44461,"6HZdbb05lEXLvcmee3ZXO2","Linkin Park","Meteora","Don't Stay",52,187933,FALSE,0.995,-3.096,0,0.108,0.00153,0,0.911,0.679,90.058,4,15,"underground_heavy_hybrid",0.71
44471,"78wMThFTNKThsWq19o0F1H","Highly Suspect","Natural Born Killer/Pink Lullabye","Natural Born Killer",61,196135,FALSE,0.742,-5.29,1,0.124,0.00169,0.000483,0.128,0.155,194.876,3,15,"underground_heavy_hybrid",0.74
44503,"0nTiC2fGkM4q8bGlBKGrGx","10 Years","The Autumn Effect","Wasteland",54,229973,FALSE,0.797,-5.047,0,0.0763,0.000344,0.000352,0.0824,0.361,146.58,4,15,"underground_heavy_hybrid",0.77
44506,"3Y3uR7Fd2yVBLHmgsqmZnS","Cathedral Bells","Ether","Dayflower",57,173508,FALSE,0.938,-4.245,1,0.154,1.24e-05,0.824,0.0584,0.601,170.056,4,15,"underground_heavy_hybrid",0.72
44507,"3Q8zopc4ABXhysDb1sgLVW","My Darkest Days;Zakk Wylde","My Darkest Days","Porn Star Dancing",68,199013,FALSE,0.917,-3.399,1,0.0814,0.0139,0,0.0756,0.267,160.021,4,15,"underground_heavy_hybrid",0.74
44517,"21RRhjnMsrvQpeQ10ptSBZ","Daughtry","Leave This Town","September",52,240213,FALSE,0.703,-5.52,1,0.0342,0.0465,0,0.0809,0.328,149.873,4,15,"underground_heavy_hybrid",0.52
44522,"3S8MFB68isPbRVgaU0MaIW","Linkin Park","The Hunting Party","Wastelands",51,195893,FALSE,0.993,-3.481,0,0.184,0.0104,0,0.964,0.614,169.77,4,15,"underground_heavy_hybrid",0.84
44525,"214LJVTqrkUOGemWDGHJpr","Linkin Park","Hybrid Theory","Points of Authority",46,200240,FALSE,0.97,-3.886,0,0.212,0.03,0,0.0994,0.427,94.952,4,15,"underground_heavy_hybrid",0.84
44526,"100lHmeZbp3OvinYgotmVc","Three Days Grace","Somebody That I Used to Know","Somebody That I Used to Know",59,209719,FALSE,0.639,-7.705,0,0.0388,0.00062,1.85e-06,0.249,0.513,119.962,4,15,"underground_heavy_hybrid",0.92
44532,"4PtZE0h5oyPhCtPjg3NeYQ","Alice In Chains","Jar Of Flies","No Excuses",64,255573,FALSE,0.838,-6.013,1,0.0323,0.0206,0.00062,0.07,0.721,117.454,4,15,"underground_heavy_hybrid",0.8
44534,"0xHch89AN9RlN8Nm4kJzs3","Nirvana","MTV Unplugged In New York","Polly",58,196466,FALSE,0.392,-11.941,1,0.0388,0.683,7.09e-05,0.905,0.437,115.075,4,15,"underground_heavy_hybrid",0.71
44545,"6S0PkDFH00cAUu3yoZGwza","Matchbox Twenty","The Matchbox Twenty Collection","Downfall",31,247173,FALSE,0.937,-4.507,1,0.121,0.0559,1.24e-06,0.659,0.277,129.264,4,15,"underground_heavy_hybrid",0.74
44552,"0tJ8EAv8Kf1mHFXZMofVvZ","Linkin Park;Mike Shinoda","RECHARGED","CASTLE OF GLASS - M. Shinoda Remix",44,380306,FALSE,0.858,-4.982,0,0.0533,0.00156,0.242,0.115,0.0439,124.987,4,15,"underground_heavy_hybrid",0.76
44559,"6BcF4tXjinsT9NBYFoxS6t","Linkin Park;Jonathan Davis","Reanimation","1Stp Klosr (The Humble Brothers Reanimation) [feat. Jonathan Davis]",43,346040,FALSE,0.927,-5.76,1,0.0495,0.00272,0.537,0.115,0.232,96.149,4,15,"underground_heavy_hybrid",0.79
44561,"0tUELgOuOJ3KCsYMDDsNvD","Chris Cornell","Chris Cornell (Deluxe Edition)","Nothing Compares 2 U - Live At SiriusXM/2015",60,303906,FALSE,0.327,-10.72,1,0.0312,0.609,1.78e-06,0.686,0.295,119.506,4,15,"underground_heavy_hybrid",0.86
44566,"2iRSl0OHGu6dszXk7qTQnt","Linkin Park","Meteora (Bonus Edition)","Lying from You - Live LP Underground Tour 2003",48,184493,FALSE,0.974,-3.708,1,0.142,0.00853,0,0.968,0.65,160.057,4,15,"underground_heavy_hybrid",0.68
44572,"1BTMXVSnuRPRhsuReHDwKc","Creed","With Arms Wide Open: A Retrospective","With Arms Wide Open - Acoustic Version",55,234666,FALSE,0.701,-6.225,1,0.0333,0.109,0,0.197,0.204,140.778,4,15,"underground_heavy_hybrid",0.73
44586,"4QVD4vVkYveZuO0xkyi6AX","Hoobastank","The Reason (15th Anniversary Deluxe)","Same Direction",56,195293,FALSE,0.988,-3.308,1,0.0916,0.00492,0,0.4,0.514,169.024,4,15,"underground_heavy_hybrid",0.79
44588,"5adBpeh1CjHAzlM2i8nYFR","Three Days Grace","Outsider","The Mountain",62,198360,FALSE,0.932,-4.689,1,0.052,0.000572,4.75e-06,0.123,0.33,92.497,4,15,"underground_heavy_hybrid",0.76
44615,"5nakPOknHu3XkeeHoVvhCd","Seether","Disclaimer","Broken",54,257600,FALSE,0.475,-5.618,0,0.0268,0.0189,1.31e-06,0.0882,0.183,123.67,4,15,"underground_heavy_hybrid",0.85
44624,"6uMPJ3NmW8FfqqNwqjUHrB","3 Doors Down","Time Of My Life","When You're Young",50,256013,FALSE,0.778,-4.365,0,0.0313,0.0226,0,0.108,0.219,77.004,4,15,"underground_heavy_hybrid",0.8
44629,"2EPLbM7W9OXSYiyEdSC34y","10 Years","Feeding The Wolves","Don't Fight It",30,221653,FALSE,0.738,-4.582,0,0.0353,0.0204,0,0.34,0.359,153.955,4,15,"underground_heavy_hybrid",0.73
44631,"6wAdJF85cna96BwQn2Pg8c","Hole","Live Through This","Jennifer's Body",58,220533,FALSE,0.863,-7.312,0,0.0447,0.00079,1.39e-06,0.174,0.55,81.65,4,15,"underground_heavy_hybrid",0.84
44633,"4GiVcDqNQI0fc0yYuRGH9m","Eve 6","Eve 6","Inside Out",69,219466,FALSE,0.818,-7.666,1,0.0444,0.114,0,0.367,0.691,175.668,4,15,"underground_heavy_hybrid",0.79
44646,"65yiO2FFFanZhO7rDNQ9mp","Better Than Ezra","Rhino Hi-Five: Better Than Ezra","Desperately Wanting",29,277493,FALSE,0.913,-5.289,1,0.0378,0.000165,0.00898,0.247,0.478,99.92,4,15,"underground_heavy_hybrid",0.69
44649,"4VwPsMcRt1HPVKIdcwY9Uj","Soundgarden","Badmotorfinger (25th Anniversary Remaster)","Outshined - Remastered",64,311000,FALSE,0.841,-6.068,0,0.0307,0.000173,0.00686,0.125,0.551,94.867,4,15,"underground_heavy_hybrid",0.8
44651,"32bqxZEJRJObeNyc8bEiPt","Linkin Park;Kiiara","Heavy (feat. Kiiara)","Heavy (feat. Kiiara)",50,169800,TRUE,0.671,-6.098,1,0.0706,0.0484,0,0.0604,0.438,149.982,4,15,"underground_heavy_hybrid",0.63
44653,"5beFyfeOIzT9TDplsRbnTT","The Exies","A Modern Way of Living With The Truth","Stray",50,216386,FALSE,0.779,-4.295,0,0.0541,0.00137,1.23e-06,0.0944,0.263,159.076,4,15,"underground_heavy_hybrid",0.87
44658,"0zKs47fghFBtrEpxyUR1Wz","Linkin Park","One More Light Live","Burn It Down - One More Light Live",44,253573,TRUE,0.781,-6.472,0,0.0509,0.0639,0,0.485,0.542,110.008,4,15,"underground_heavy_hybrid",0.76
44666,"536bkD2pabwDI6kHCzHv5T","Breaking Benjamin","Dark Before Dawn","Hollow",53,231053,FALSE,0.846,-4.796,0,0.0621,1.88e-05,0.000858,0.117,0.28,143.152,4,15,"underground_heavy_hybrid",0.85
44680,"4dXBG3zz9SzaPBtm4Fv91x","Nirvana","Incesticide","Been A Son - BBC Mark Goodier Session",55,115600,FALSE,0.914,-10.101,1,0.0862,2.7e-06,0,0.258,0.556,154.455,4,15,"underground_heavy_hybrid",0.75
44681,"22bX2FwXSvG49G0bPWm5nc","Creed","Human Clay","What If",58,318093,FALSE,0.895,-5.548,0,0.0587,0.000127,1.7e-05,0.358,0.246,149.896,4,15,"underground_heavy_hybrid",0.86
44690,"4n3mp3DC7JrdXYJCDdwKhd","Silverchair","The Best Of - Volume One","Ana's Song (Open Fire) - Acoustic Re-Mix",28,229666,FALSE,0.434,-9.555,1,0.0253,0.349,0.000166,0.232,0.191,78.445,4,15,"underground_heavy_hybrid",0.76
44697,"1IyHPt3b6BrhdMwNyk0VM0","Filter","Short Bus","Hey Man, Nice Shot - Remastered Version",66,314440,FALSE,0.588,-10.773,1,0.0339,0.00213,0.712,0.319,0.305,177.018,4,15,"underground_heavy_hybrid",0.54
44709,"5SYb42keVyr5S9smozZRWl","Daughtry","Baptized (Deluxe Version)","I'll Fight",49,180733,FALSE,0.772,-4.444,1,0.0626,0.00562,0,0.239,0.729,155.033,4,15,"underground_heavy_hybrid",0.78
44722,"3QIPgdsvQpX6caei3iNJCe","Linkin Park","Hybrid Theory (20th Anniversary Edition)","Forgotten",47,194426,FALSE,0.947,-3.817,0,0.11,0.0132,0,0.366,0.498,108.198,4,15,"underground_heavy_hybrid",0.85
44724,"2dd5bs4tvvUO5M4wJvkhYy","Dx Aneurysm","Phenomenon Of Life","My Saturation",26,212000,TRUE,0.902,-3.969,1,0.0354,3.88e-05,0.0595,0.211,0.353,119.986,4,15,"underground_heavy_hybrid",0.83
44729,"1q9ru9Wx2Q9Ez8irkGcyFa","Stone Sour","House of Gold & Bones, Part 1","Tired",56,251840,FALSE,0.934,-3.793,0,0.0683,0.000606,6.76e-05,0.115,0.471,201.991,4,15,"underground_heavy_hybrid",0.77
44735,"6AGQ7pKkcnc6RVjtARt1ph","Breaking Benjamin","Dark Before Dawn","Breaking the Silence",54,181666,FALSE,0.907,-3.938,1,0.0593,3.98e-05,4.32e-06,0.353,0.303,96.515,4,15,"underground_heavy_hybrid",0.82
44738,"59TLlOD6sH4cCTSF6ITRkA","Breaking Benjamin","Phobia (Explicit Version)","Breath",53,218466,FALSE,0.865,-4.158,0,0.0351,0.000127,0.000339,0.088,0.328,91.447,4,15,"underground_heavy_hybrid",0.84
44752,"7g8U2TPh6JPFJK5LgqsNeE","Linkin Park","Transformers - The Album","What I've Done",31,205613,FALSE,0.93,-5.285,1,0.0324,0.0141,1.64e-06,0.138,0.287,120.119,4,15,"underground_heavy_hybrid",0.82
44765,"0Q9f1NBvKCC37V4oJVEgCh","Seether","Finding Beauty In Negative Spaces (Bonus Track Version)","Breakdown",60,209266,FALSE,0.871,-3.54,1,0.039,0.000483,3.43e-05,0.0867,0.188,142.003,4,15,"underground_heavy_hybrid",0.87
44773,"5yBSe9ngIvMgZB3IAI6qw6","Alter Bridge","Blackbird","Rise Today",45,261399,FALSE,0.964,-4.034,1,0.148,0.00257,4.11e-06,0.13,0.153,159.935,4,15,"underground_heavy_hybrid",0.74
44782,"4dZ4iHhsqQAQ4em4abLB6C","Seether","Finding Beauty In Negative Spaces (Bonus Track Version)","Rise Above This",59,203893,FALSE,0.83,-3.092,1,0.0324,0.011,2.98e-06,0.0801,0.249,120.028,4,15,"underground_heavy_hybrid",0.76
44784,"2TAQ9YGehOKWDqDak5DuXc","Stone Temple Pilots","Thank You","Plush",62,310400,FALSE,0.913,-6.049,0,0.0441,0.00248,1.09e-06,0.166,0.439,144.591,4,15,"underground_heavy_hybrid",0.83
44831,"10pGH8aoEeHJNY7pjiFwGu","Jane's Addiction","Jane's Addiction (Live)","My Time",29,212024,FALSE,0.668,-11.602,1,0.0424,0.384,0,0.878,0.671,117.589,4,15,"underground_heavy_hybrid",0.68
44832,"1kEXAfdzYWI33DUo7GmfuW","Toadies","Hell Below / Stars Above","You'll Come Down",25,202106,FALSE,0.93,-2.22,1,0.0934,0.00673,2.97e-05,0.439,0.484,202.729,4,15,"underground_heavy_hybrid",0.82
44845,"5XRuPxMShwVlQVS8jdCSbp","Shinedown","Somewhere in the Stratosphere","The Crow & the Butterfly - Live from Washington State",26,256600,FALSE,0.857,-3.001,1,0.043,0.00125,0,0.973,0.235,148.946,3,15,"underground_heavy_hybrid",0.77
44863,"4rrG6blL1GvK0FeTPYf3e1","Alter Bridge","AB III","Ghost of Days Gone By",39,265533,FALSE,0.924,-4.395,1,0.0452,0.00019,0.000105,0.0934,0.484,136.549,4,15,"underground_heavy_hybrid",0.68
44878,"0dIipTYASaFwX1QxVrVFV7","Pearl Jam","Yield","Do the Evolution",61,231253,FALSE,0.981,-5.011,1,0.063,0.00041,0.0108,0.0673,0.325,140.643,4,15,"underground_heavy_hybrid",0.83
44898,"5Tv5sVWoB1oQL2PbNvXoq5","Buckcherry","15","Brooklyn",27,241786,FALSE,0.976,-3.853,1,0.0405,0.00851,0,0.103,0.729,124.005,4,15,"underground_heavy_hybrid",0.86
44905,"4sNbnjnqIKkT16XuUtwU88","Thirty Seconds To Mars","Walk On Water (Acoustic)","Walk On Water - Acoustic",46,188895,FALSE,0.635,-6.661,1,0.0303,0.199,0,0.0809,0.412,139.949,4,15,"underground_heavy_hybrid",0.74
44910,"5UNoPMX7K2W769iQ4PDfOt","Days Of The New","Days Of The New","Shelf In The Room",58,283973,FALSE,0.619,-9.047,1,0.0264,0.0349,6.88e-05,0.168,0.325,128.967,4,15,"underground_heavy_hybrid",0.85
44911,"7frIRhmEchPNoXn3FOVEQ9","Jet Black Stare","In This Life","I'm Breathing",57,232386,FALSE,0.871,-3.196,0,0.0397,8.25e-05,0,0.137,0.552,172.184,4,15,"underground_heavy_hybrid",0.66
44913,"2jKnUcyrCADkeSy6gcN1qa","Foo Fighters","Medicine At Midnight","Chasing Birds",52,252293,FALSE,0.532,-7.297,1,0.023,0.0392,0.0245,0.112,0.369,143.993,4,15,"underground_heavy_hybrid",0.76
44915,"68nFvNL5tmqQ3F9maDbX7s","The Nixons","Kaleidoscope","Atmosphere",27,237733,FALSE,0.899,-4.662,1,0.0425,0.0013,0.219,0.107,0.292,127.988,4,15,"underground_heavy_hybrid",0.75
44919,"0LnkNEgEXv83bVVvgnB9Et","Nirvana","Nirvana","Come As You Are",49,219040,FALSE,0.835,-6.323,0,0.0332,8.38e-05,0.00373,0.0908,0.519,119.92,4,15,"underground_heavy_hybrid",0.74
44921,"3QAE7ypzhNZzQxOjKCGHD9","Alice In Chains","Unplugged","Nutshell - Live at the Majestic Theatre, Brooklyn, NY - April 1996",55,297106,FALSE,0.548,-12.938,0,0.0468,0.328,0.217,0.971,0.244,121.801,3,15,"underground_heavy_hybrid",0.74
44924,"5jaEbaqfyeRNLqO1vzissu","Quicksand","Slip","Too Official",25,168240,FALSE,0.875,-7.179,1,0.0398,1.25e-05,0.122,0.0869,0.467,142.49,4,15,"underground_heavy_hybrid",0.67
44939,"2IpDJ2R7TqKu5lItvWdVRt","Live","Throwing Copper (25th Anniversary)","All Over You",26,239706,FALSE,0.865,-4.501,1,0.0539,0.0023,1.66e-06,0.215,0.357,131.795,4,15,"underground_heavy_hybrid",0.74
44941,"0nIqLUPm3eSq1mlvOcvC2Q","Candlebox","The Candlebox Collection","Change",24,384320,FALSE,0.66,-6.793,1,0.0286,0.00684,0,0.197,0.398,93.042,4,15,"underground_heavy_hybrid",0.81
44971,"3KcJEOyaLDLAERlOCBhmPA","Pearl Jam","Ten","Garden",55,298933,FALSE,0.707,-6.846,1,0.0345,0.0478,6.1e-05,0.295,0.179,82.7,4,15,"underground_heavy_hybrid",0.85
44980,"2PcI5f8KWCnPD988CTK2Gz","Puddle Of Mudd","Best Of","Away From Me",26,238573,TRUE,0.937,-3.457,1,0.1,0.000314,0,0.158,0.161,154.771,4,15,"underground_heavy_hybrid",0.84
44984,"0ASYYaJ8RMrZ7N44KMEJr8","Dinosaur Jr.","Green Mind","Green Mind",28,296733,FALSE,0.877,-10.762,0,0.0495,3.34e-05,0,0.354,0.558,134.242,4,15,"underground_heavy_hybrid",0.65
44986,"53BBBDzSIbNo4tpcDaYIu9","Days Of The New","The Definitive Collection","Dirty Road",24,283066,FALSE,0.709,-6.75,0,0.0283,0.0501,0,0.206,0.486,110.807,3,15,"underground_heavy_hybrid",0.72
45007,"5RO0MNa5hBKIM4OcjygadU","Joseph Sullinger","Chi Mai","Chi Mai",40,188695,FALSE,0.287,-14.007,0,0.059,0.969,0.961,0.111,0.557,80.64,4,4,"instrumental_jazz_fusion",0.96
45010,"7Ca2CkwSqHyr3eCh8IRdjz","Agustín Amigó;Nylonwings","Mujer con Abanico","Mujer con Abanico",41,156787,FALSE,0.135,-12.049,0,0.061,0.986,0.905,0.106,0.471,103.939,4,4,"instrumental_jazz_fusion",0.52
45011,"3uAdZpIbMTtVXitHVibLMV","Andrew Foy;Renee Foy","Let Her Go","Let Her Go",38,194013,FALSE,0.291,-13.457,1,0.0388,0.858,0.000846,0.129,0.376,75.153,4,4,"instrumental_jazz_fusion",0.94
45012,"14NiShC5b46yQxBN1mu9VJ","Andrew Foy;Renee Foy","Heartbreak Anniversary","Heartbreak Anniversary",40,199256,FALSE,0.122,-17.963,1,0.0427,0.882,0,0.139,0.339,130.014,4,4,"instrumental_jazz_fusion",0.46
45018,"5TmKvbzD7zEbZLNfhAHTar","Project AER","Journals","Where We Are",56,159389,FALSE,0.147,-16.465,0,0.0393,0.902,0.883,0.114,0.0432,122.003,3,4,"instrumental_jazz_fusion",0.67
45030,"2n7NBbbEIyUo9tNZ963ivB","Los Apus","El Imperio de los Apus","Challwaschallay",37,254506,FALSE,0.519,-4.819,0,0.052,0.665,9.97e-05,0.317,0.882,139.099,4,4,"instrumental_jazz_fusion",0.73
45033,"1LITEucmmkPrWQPfI6vFbW","Cuco Sánchez","Tesoros De Colección","Guitarras Lloren Guitarras",35,160773,FALSE,0.0338,-16.691,1,0.0395,0.968,0.00103,0.111,0.333,100.481,4,4,"instrumental_jazz_fusion",0.8
45044,"7AEK6B5oWFgH5Du9nzINgr","Cuco Sánchez","Las Canciones de Cuco Sánchez","La Valentina",36,123453,FALSE,0.267,-12.027,1,0.0626,0.898,3.15e-06,0.106,0.383,81.274,4,4,"instrumental_jazz_fusion",0.46
45046,"2FmYKtcSZbKUIDbIu6UalF","Cuco Sánchez","Serie De Coleccion 15 Autenticos","Grítenme Piedras del Campo",41,173400,FALSE,0.194,-14.048,1,0.0722,0.607,0,0.362,0.738,177.168,3,4,"instrumental_jazz_fusion",0.65
45050,"4o6J43bSBDERckXBIpVmye","Ichika Nito","Away","Away",48,124096,FALSE,0.253,-11.004,0,0.0391,0.785,0.392,0.0883,0.171,168.282,4,4,"instrumental_jazz_fusion",0.57
45059,"1bsSaYmy0vOUH8tux2hAYV","From Overseas","Looking at the World Through a Window","Looking at the World Through a Window",51,385000,FALSE,0.112,-20.806,1,0.0407,0.906,0.967,0.0751,0.05,101.366,4,4,"instrumental_jazz_fusion",0.82
45069,"3tHZ3h8BXr7Bj2qJMvTjly","Los Apus","Tengo Que Olvidarme de Tí","Dime Porqué",35,357956,FALSE,0.656,-4.15,1,0.0474,0.647,0,0.087,0.569,93.003,4,4,"instrumental_jazz_fusion",0.82
45098,"1Ml3WKPxXfBnwcAScFGrdf","Kenny Burrell","Ultimate Calm Christmas Jazz","God Rest Ye, Merry Gentlemen",0,227920,FALSE,0.47,-12.588,0,0.0322,0.941,0.967,0.127,0.623,51.206,4,4,"instrumental_jazz_fusion",0.76
45112,"11n8LudggXuZXmldSlAadR","Hammock","Raising Your Voice... Trying to Stop an Echo (Deluxe Edition)","I Can Almost See You",52,255335,FALSE,0.523,-8.069,1,0.0354,0.782,0.866,0.0886,0.0383,74.195,3,4,"instrumental_jazz_fusion",0.93
45127,"0OiEdiGsyIfGZE0T8XkZCz","Dúo Romances","Perdidos y Olvidados","Carnavales Apurimeños",30,358266,FALSE,0.868,-3.961,1,0.0558,0.778,0.000107,0.198,0.741,108.058,5,4,"instrumental_jazz_fusion",0.82
45150,"4azoV50K4s4eBkGRHSVWYV","yutaka hirasaka","breath","eau",46,223520,FALSE,0.329,-15.775,0,0.0298,0.936,0.942,0.104,0.428,128.015,4,4,"instrumental_jazz_fusion",0.93
45176,"1zl6WOLMznRZ4AcOz2rcp4","William Luna","Tu Amor Ajeno","Tu Amor Ajeno",30,260720,FALSE,0.654,-7.091,0,0.0517,0.716,4.92e-06,0.123,0.744,95,4,4,"instrumental_jazz_fusion",0.52
45194,"2oUSm7WzL4M8Q6RfZNMFjN","Dúo Hnos. Gaitán Castro","Tour 97","Popurri de carnavales",30,337626,FALSE,0.765,-4.981,0,0.101,0.475,1.11e-06,0.113,0.531,124.671,4,4,"instrumental_jazz_fusion",0.67
45200,"0aypuzPjGpgFcQyjez6RBo","Ichika Nito","N I T O","Homesick",45,144594,FALSE,0.0543,-16.258,0,0.0515,0.947,0.1,0.0756,0.292,84.469,4,4,"instrumental_jazz_fusion",0.8
45201,"3Y2TyCFa8eFsNi7JTtnSh7","Estas Tonne","Introspection","Introspection",33,739926,FALSE,0.821,-8.539,0,0.0442,0.808,0.814,0.0996,0.432,173.933,4,4,"instrumental_jazz_fusion",0.59
45204,"3zjr7jirhGwvqGuuJuIxjg","Andrew Foy;Renee Foy","Photograph","Photograph",30,218590,FALSE,0.0459,-19.883,1,0.0481,0.852,6.14e-06,0.102,0.275,110.512,4,4,"instrumental_jazz_fusion",0.71
45213,"3lNJ56GfiNeYRDqkP9c9Ol","Little Symphony","Serenity","Boyoma",27,99047,FALSE,0.195,-23.733,0,0.0464,0.857,0.84,0.372,0.104,63.029,4,4,"instrumental_jazz_fusion",0.69
45229,"6YNKR7IxzBYJViHxxxgBgz","Chamin Madero","Juan Gabriel Instrumental","Se Me Olvido Otra Vez",27,195346,FALSE,0.541,-7.83,1,0.0448,0.648,0.524,0.381,0.374,167.945,4,4,"instrumental_jazz_fusion",0.76
45248,"7qsLqfXB3JPyYo7UiHwRkZ","Los Tecolines","Peerless 80 Aniversario - 24 Exitos Vol. 1","Perdón",28,189026,FALSE,0.522,-7.299,0,0.031,0.768,3.58e-05,0.211,0.788,110.752,4,4,"instrumental_jazz_fusion",0.51
45251,"5cguSM8YxXkeqcJxOUfs6X","Joe Satriani","Super Colossal","Made of Tears",37,332853,FALSE,0.715,-7.418,1,0.0274,0.0341,0.704,0.0754,0.178,94.875,4,4,"instrumental_jazz_fusion",0.53
45257,"2A98i9soxcUp1Dukrsr6mI","Miguel Llobet Solés;Suzannah Bee","El Noi de la Mare","El Noi de la Mare",27,143730,FALSE,0.217,-20.814,1,0.0407,0.965,0.874,0.111,0.168,90.835,3,4,"instrumental_jazz_fusion",0.52
45260,"6QS5VG2YVsHj36aunhzJR2","Dúo Romances","Despedida","Alba Deliz",26,208946,FALSE,0.719,-7.465,0,0.0309,0.387,0,0.269,0.592,82.004,4,4,"instrumental_jazz_fusion",0.73
45289,"51UnMlUVgFzu2Yl4aRAGCf","The Brothers Cazimero","The Best of the Brothers Cazimero Volume 1","Ka'ena",27,230600,FALSE,0.202,-16.949,1,0.0354,0.738,0.000114,0.127,0.41,81.541,4,4,"instrumental_jazz_fusion",0.61
45292,"6QZ4ZhD8hGVTfwoN2Ypl4Z","George Benson","Inspiration (A Tribute To Nat King Cole)","Just One Of Those Things",29,162080,FALSE,0.578,-6.764,0,0.0951,0.506,3.58e-05,0.28,0.745,133.069,1,4,"instrumental_jazz_fusion",0.61
45303,"5MeYnUO0OxUb8t5rQQ0EFI","Ichika Nito","I'm not ready to say goodbye to autumn","I'm not ready to say goodbye to autumn",44,117689,FALSE,0.357,-10.705,1,0.0486,0.669,0.691,0.21,0.447,79.981,4,4,"instrumental_jazz_fusion",0.82
45323,"7I3XPb61lZuXcAfv4dhFx8","Carlos Di Fulvio","2 En 1","Se Acuerda Doña Maclovia?...",26,187493,FALSE,0.28,-11.185,0,0.0575,0.878,1.11e-05,0.0744,0.187,137.386,3,4,"instrumental_jazz_fusion",0.44
45324,"6wK8xHHh8RtXmNKRImgRXo","Jerry Byrd","Steel Guitar Hawaiian Style","How D'ya Do",26,193306,FALSE,0.156,-19.565,1,0.0365,0.964,0.883,0.328,0.489,109.681,4,4,"instrumental_jazz_fusion",0.43
45325,"1eGdw1BbGAYaXbgPcVIkGm","Panagiotis Margaris","Cafe de l'Art, Vol. 1 (14 Guitar Duets Themes)","Tango en Skai - Instrumental",25,173800,FALSE,0.122,-19.174,0,0.0479,0.982,0.837,0.0734,0.358,118.952,4,4,"instrumental_jazz_fusion",0.45
45343,"20B4UaWhyEtKQIXVFHMOsj","Cuco Sánchez","Corridos, Rancheras, Huapangos y más","Vencida",26,214306,FALSE,0.039,-19.421,1,0.0482,0.993,0.687,0.126,0.307,113.789,3,4,"instrumental_jazz_fusion",0.55
45347,"3yWa4RnK34hCiK6RkHe6Q1","Cuco Sánchez","Corridos, Rancheras, Huapangos y más","Corazoncito tirano",26,121920,FALSE,0.222,-16.851,1,0.0429,0.888,0,0.0765,0.673,82.328,4,4,"instrumental_jazz_fusion",0.65
45349,"17fzU7mIuNfCNUGudh36m5","Cuco Sánchez","Serie De Coleccion 15 Autenticos","Te Amaré Vida Mía",26,174133,FALSE,0.22,-17.233,1,0.0347,0.806,0,0.199,0.424,85.696,4,4,"instrumental_jazz_fusion",0.53
45362,"0kUvYvrYM7xJnnJJFwNW1r","August Flendahl","Waterfall","Waterfall",49,147433,FALSE,0.0839,-15.855,1,0.0747,0.973,0.927,0.0966,0.225,159.135,4,4,"instrumental_jazz_fusion",0.86
45377,"0Ppn89Eh6ZAwPVJ0iUvXvv","Mexican Music Factory;Felipe Gutierrez","Marimbas Clasicas","La Sandunga",24,208622,FALSE,0.379,-11.202,0,0.148,0.665,0.811,0.0941,0.81,165.111,3,4,"instrumental_jazz_fusion",0.34
45380,"37Au9ab3zTZAkpY2QvbCub","William Luna;Julio Humala L","En Serio... Huaynos por Siempre","Yaulillay",27,265080,FALSE,0.41,-6.991,1,0.0428,0.46,0,0.171,0.656,138.059,3,4,"instrumental_jazz_fusion",0.83
45389,"7383bRgNt0veQv2sSCP2hR","William Luna;Julio Humala L","En Serio... Huaynos por Siempre","Una Paloma Sobre una Rama",26,327800,FALSE,0.472,-5.495,1,0.0377,0.544,0.0029,0.107,0.582,71.764,5,4,"instrumental_jazz_fusion",0.77
45402,"0nj2Q2OukMzwjNip4sZx1C","Casper Esmann","Shirohae","Shirohae",38,164000,FALSE,0.137,-16.341,0,0.056,0.936,0.731,0.103,0.165,126.53,4,4,"instrumental_jazz_fusion",0.59
45404,"5ea1LyyvBGWH3Hp0f61Pwt","Mats Bergström","Why Me","Why Me",45,166279,FALSE,0.0177,-22.953,1,0.074,0.993,0.961,0.114,0.0841,81.108,4,4,"instrumental_jazz_fusion",0.82
45412,"3UpxVxiOgDX5YYplBsEXwO","Ichika Nito","Awakening","Nothing is lost",41,130082,FALSE,0.16,-13.021,1,0.146,0.928,0.956,0.113,0.189,130.445,4,4,"instrumental_jazz_fusion",0.8
45420,"7cuNUdSbrrFIiqejH4tbsI","Edy Hafler","Guitar Pop Covers, Vol. 2","Time after Time",51,212031,FALSE,0.158,-14.953,1,0.0648,0.942,0.88,0.113,0.287,112.623,4,4,"instrumental_jazz_fusion",0.81
45431,"7LVS5k478FEgqR7vLTkW1t","Dúo Romances","Perdidos y Olvidados","Amantes Perfectos",24,292146,FALSE,0.821,-4.02,1,0.0321,0.608,4.27e-06,0.278,0.926,146.11,4,4,"instrumental_jazz_fusion",0.79
45437,"0YPqhxpKjOGNt3eW3Zsrd1","Carlos Paredes","Movimento perpétuo","Movimento perpétuo",25,86120,FALSE,0.64,-14.449,1,0.0372,0.77,0.907,0.276,0.961,154.741,4,4,"instrumental_jazz_fusion",0.58
45440,"3ZtLj5emVxikVukUkErubQ","George Dalaras;Emma Shapplin","Difonies","Spente Le Stelle - Live",25,282400,FALSE,0.871,-1.975,0,0.0691,0.262,0.00139,0.773,0.43,83.784,4,4,"instrumental_jazz_fusion",0.59
45444,"5EYmQ7XgC5Fxsig2SgXP2G","Los Tecolines","Antología... Los Tecolines","Pena de amor",25,187466,FALSE,0.307,-11.239,1,0.0509,0.971,1.19e-06,0.125,0.544,101.033,4,4,"instrumental_jazz_fusion",0.61
45447,"1rIqfYq2x4H8fymncMlhVW","Cuco Sánchez","Cuco Sanchez Sentimiento Mexicano","Aún Se Acuerda de Mí",24,172309,FALSE,0.131,-19.108,1,0.0438,0.859,0,0.187,0.298,72.637,3,4,"instrumental_jazz_fusion",0.81
45473,"2c8gg7h8uHxx08A441IDYi","Project AER;v i v","How Are You? I'm Okay","Let the Waves Wash Over Me (Prelude)",6,164999,FALSE,0.135,-22.358,0,0.0338,0.819,0.923,0.0784,0.0378,115.967,4,4,"instrumental_jazz_fusion",0.81
45477,"3yjzSTgeqPyp6ReOmiBDuJ","Project AER;v i v","How Are You? I'm Okay","Rumination",5,182999,FALSE,0.177,-22.892,1,0.0324,0.902,0.957,0.117,0.1,113.985,4,4,"instrumental_jazz_fusion",0.9
45479,"1SKKrTVtFPIue1vNKllpqY","Project AER;v i v","How Are You? I'm Okay","When Shared",6,161999,FALSE,0.17,-23.395,1,0.0347,0.858,0.879,0.0684,0.213,123.972,4,4,"instrumental_jazz_fusion",0.64
45496,"5rlI3lPcAageCLQCaNeb8M","Los Tres Caballeros","Recuerdos De Ipacaraí","Recuerdos De Ipacaraí",24,162620,FALSE,0.149,-11.632,1,0.0458,0.87,1.17e-06,0.243,0.266,84.106,3,4,"instrumental_jazz_fusion",0.63
45499,"0gQulAfsNWVrGsGbDF9z0C","Cuco Sánchez","Cuco en Balladurri","Popurrí 1: Aunque Me Cueste la Vida, Hay Unos Ojos, A Medias de la Noche",24,280084,FALSE,0.0812,-14.44,1,0.0409,0.911,5.33e-06,0.369,0.307,94.303,4,4,"instrumental_jazz_fusion",0.6
45527,"2ODjkwaAhluGAklmMtAdjc","Craig Ogden","Essential Christmas Cocktail Party","Chestnuts Roasting On An Open Fire (Christmas Song)",0,243337,FALSE,0.17,-13.449,1,0.0397,0.979,0.915,0.157,0.149,79.758,4,4,"instrumental_jazz_fusion",0.75
45546,"43rKKMlA9F7Xdzzk2OdTVX","Jesse Rice","The Pirate Sessions IV","Beer on a Beach",23,212844,FALSE,0.631,-7.124,1,0.0288,0.129,1.21e-05,0.161,0.604,77.017,4,4,"instrumental_jazz_fusion",0.58
45551,"1hYKf70p3y7dX5Na2qDARt","Hammock","Everything and Nothing","Dissonance",42,196960,FALSE,0.668,-7.927,0,0.0252,0.0381,0.96,0.168,0.506,86.021,4,4,"instrumental_jazz_fusion",0.84
45561,"1h1iH5BafOgXUVfxsnIGnZ","Mathew Joseph","Morning Has Broken","Morning Has Broken",37,222250,FALSE,0.195,-16.176,1,0.0636,0.98,0.926,0.197,0.25,120.2,3,4,"instrumental_jazz_fusion",0.92
45587,"2QAKYPRD0aMpCmVf4trbYy","Jesse Rice","The Pirate Sessions III","Hope Town",22,212618,FALSE,0.94,-5.3,0,0.041,0.47,8.55e-05,0.469,0.815,91.009,4,4,"instrumental_jazz_fusion",0.65
45591,"1hQTtPYSoi4PLnPGwdTJ8b","Guitarras de Luna","Guitarras de Luna","Silverio",23,149400,FALSE,0.427,-15.097,0,0.032,0.759,0.874,0.142,0.683,136.95,4,4,"instrumental_jazz_fusion",0.65
45605,"0iTyIMFWbaSxNrcT5Dau0X","Guus Dielissen","Leave The Door Open (Acoustic Instrumental)","Leave The Door Open - Acoustic Instrumental",42,225864,FALSE,0.282,-16.724,1,0.0396,0.91,0.923,0.111,0.397,78.161,4,4,"instrumental_jazz_fusion",0.7
45607,"3F4NgQVGxdlszT0YCpk1Md","Guus Dielissen","Let Her Go (Instrumental Guitar)","Let Her Go (Instrumental Guitar)",35,251381,FALSE,0.218,-18.038,1,0.0475,0.773,0.889,0.1,0.29,153.735,4,4,"instrumental_jazz_fusion",0.7
45617,"6t9q7owmdBEYaePgV8u4kG","William Luna","Hasta el Final","Mantaro",24,260653,FALSE,0.584,-7.353,1,0.0368,0.0636,6.5e-05,0.495,0.874,102.021,4,4,"instrumental_jazz_fusion",0.78
45636,"4fo5uMhEhxZXntgKgqE0WT","Mikis Theodorakis;Antonis Kalogiannis","70 Chronia Mikis Theodorakis - Mes' Stin Kardia Mou Kleino Tin Ellada","Eimaste Dyo",24,150400,FALSE,0.607,-12.418,0,0.0333,0.772,0.00342,0.322,0.988,119.088,4,4,"instrumental_jazz_fusion",0.56
45646,"1HiJ7iacnc1kFWHpc3HRoU","Cuco Sánchez","Viva México (Remastered)","Que Manera de Perder - Remastered",23,140506,FALSE,0.0966,-12.971,1,0.0459,0.937,0,0.0844,0.441,109.628,5,4,"instrumental_jazz_fusion",0.59
45655,"1Ibs1rPsQ2ADT2nQ3Z4QBe","Ichika Nito","until the end","Lost",41,123108,FALSE,0.389,-13.37,0,0.0357,0.94,0.942,0.0854,0.232,116.258,4,4,"instrumental_jazz_fusion",0.96
45656,"5nmvzqwFTpY7UvC8t748bK","Las Perlas Negras","Rio Panama","Rio Panama",47,166000,FALSE,0.11,-17.48,1,0.145,0.984,0.921,0.103,0.268,131.307,4,4,"instrumental_jazz_fusion",0.93
45657,"6QSOIejoVt6sFkPHL4JGb5","Hammock","Far Cry 5 Presents: We Will Rise Again (Original Game Soundtrack)","Now He's Our Father (Reinterpretation)",33,317487,FALSE,0.326,-15.193,1,0.0412,0.792,0.756,0.114,0.0387,75.48,3,4,"instrumental_jazz_fusion",0.71
45677,"4rCDQoWpXhfpMBtpc5tjdg","Mikis Theodorakis;Petros Pandis","Mikis Theodorakis Concert 5","Ena To Helidoni",23,193201,FALSE,0.523,-11.512,0,0.0677,0.538,0,0.16,0.754,120.736,4,4,"instrumental_jazz_fusion",0.6
45679,"6kreLbFo6RhwdbuZmPYGGH","Chamin Madero","Guitarras Mexicanas 16 de Oro","La Media Vuelta",22,209346,FALSE,0.472,-11.399,1,0.0278,0.494,0.735,0.131,0.441,100.934,4,4,"instrumental_jazz_fusion",0.71
45688,"4KXDsTlpdUe78WsdNfnRDY","Maunalua","He Inoa","He Is The Only Reason",22,299680,FALSE,0.267,-12.508,1,0.0256,0.742,0,0.114,0.242,81.958,4,4,"instrumental_jazz_fusion",0.66
45692,"2PZryKb38MtoCTsZASWLJ4","Pat Metheny;Anna Maria Jopek","Upojenie","Letter from Home",24,166280,FALSE,0.0931,-24.853,0,0.032,0.982,0.684,0.0285,0.277,79.106,4,4,"instrumental_jazz_fusion",0.66
45705,"5jebiJXbiS6bfVcSck50EV","Andrew Foy","Pop Hits 1","Sunday Morning",38,215259,FALSE,0.261,-13.874,1,0.0518,0.559,0.868,0.0951,0.635,87.944,4,4,"instrumental_jazz_fusion",0.49
45707,"4I7WbrlfomZlIv4mveJ76x","Ahmoudou Madassane","Zerzura (Original Soundtrack Recording)","Zerzura Theme II",42,263524,FALSE,0.303,-7.967,0,0.0491,0.71,0.885,0.116,0.259,149.267,4,4,"instrumental_jazz_fusion",0.93
45718,"5XwQe5h1ifxS0dL16uuEBH","William Luna;Jean Pierre Magnet;Serenata De Los Andes","Para Arriba","Niñachay",24,320506,FALSE,0.74,-4.122,1,0.0477,0.266,1.37e-06,0.123,0.741,93.978,4,4,"instrumental_jazz_fusion",0.85
45721,"2hhydanqFAuBshh42p6TFE","Baden Powell","Baden Powell À Vontade","Samba Triste",24,250613,FALSE,0.162,-15.339,0,0.0455,0.97,0.935,0.104,0.341,97.041,4,4,"instrumental_jazz_fusion",0.76
45727,"5UA8RWH6PFg0UdTEa3SozB","João Gilberto","Bossa Nova Brasil","De Conversa Em Conversa",23,136066,FALSE,0.332,-14.893,1,0.0634,0.793,4.51e-06,0.138,0.895,79.257,4,4,"instrumental_jazz_fusion",0.88
45728,"1iDgCDqYjg9Kn6D36DyxLf","Los Apus","Lágrimas Del Sol","Resignación",23,307813,FALSE,0.55,-5.012,0,0.0403,0.725,3.72e-06,0.325,0.646,146.143,4,4,"instrumental_jazz_fusion",0.68
45738,"0oG250tCx8DZtDgKpy6PPQ","Chamin Madero","Guitarras Mexicanas 16 de Oro","Fue un Placer Conocerte",22,190666,FALSE,0.482,-9.097,1,0.0374,0.514,0.938,0.103,0.38,175.822,4,4,"instrumental_jazz_fusion",0.62
45741,"38nLHaKf8yjPUSnuyCoGlX","Barney Isaacs;George Kuo","Hawaiian Touch","He Aloha No 'O Honolulu & Mauna Loa - Medley",21,188213,FALSE,0.228,-17.439,1,0.0358,0.77,0.843,0.278,0.435,122.975,4,4,"instrumental_jazz_fusion",0.58
45742,"2S0cieOaexwawYtsmdnwDC","Chamin Madero","Guitarras Mexicanas 16 de Oro","La Diferencia",22,197373,FALSE,0.466,-8.806,1,0.0332,0.333,0.904,0.197,0.405,167.884,4,4,"instrumental_jazz_fusion",0.67
45753,"552uMPCGWE524Ut5Ey9vLX","Eddie van der Meer;Jabron","Paralyzed","Paralyzed",34,181500,FALSE,0.418,-12.121,0,0.0673,0.076,0,0.277,0.584,160.157,4,4,"instrumental_jazz_fusion",0.81
45757,"5Ux4iEf1cfobC7ezcBKg2l","Ichika Nito","Awakening","Transformed",39,76554,FALSE,0.113,-11.9,0,0.074,0.93,0.954,0.101,0.145,65.028,4,4,"instrumental_jazz_fusion",0.87
45764,"3gqkJAlWLdIrbCMhzSF6Vy","Antonio Garcia Isaac","Ambientes","Primavera",21,190823,FALSE,0.295,-10.709,0,0.0417,0.917,0.884,0.107,0.625,125.094,3,4,"instrumental_jazz_fusion",0.92
45769,"5Mgu1Bba3K6UeRaTO6eOmm","Project AER;v i v","How Are You?","Finding A Way Past the Tears",21,149999,FALSE,0.196,-19.37,1,0.0301,0.97,0.935,0.0701,0.0787,110.036,4,4,"instrumental_jazz_fusion",0.76
45794,"1vRrUYb6wF1ubvUmHpYdpS","Jesse Rice","The Pirate Sessions IV","Hammock in Havana",21,241815,FALSE,0.652,-7.537,1,0.0257,0.274,0.00408,0.112,0.765,105.988,4,4,"instrumental_jazz_fusion",0.3
45799,"3qwROHTOpIE3gaD4F8Go5k","Los Tecolines","Peerless 80 Aniversario - 24 Exitos Vol. 2","Esperame en el cielo",22,173586,FALSE,0.326,-14.211,0,0.0356,0.919,0.000366,0.0872,0.49,103.961,4,4,"instrumental_jazz_fusion",0.59
45807,"6fMVNluLtvHl5ZqcRH1rU1","Hirofumi Nakamura","ハイキング","ハイキング",21,235384,FALSE,0.348,-11.052,1,0.0265,0.841,0.435,0.0928,0.617,104.022,4,4,"instrumental_jazz_fusion",0.66
45810,"2TVLyjrb4R9rsPhmn6sXqf","Joseph Sullinger","Every Breath You Take","Every Breath You Take",49,175648,FALSE,0.259,-15.294,1,0.0474,0.976,0.915,0.105,0.79,123.686,4,4,"instrumental_jazz_fusion",0.92
45815,"7lwqb8Yj8RdgeTYvzsiNPP","Little Symphony","Twilight","Tranquille",21,190041,FALSE,0.189,-16.849,1,0.0484,0.933,0.914,0.0799,0.0361,139.519,3,4,"instrumental_jazz_fusion",0.89
45819,"5sdRFDake23G0pqz6vX2u9","Steve Pulvers","Life is Beautiful","I'll Fly away",21,180790,FALSE,0.222,-18.759,0,0.044,0.842,0.888,0.111,0.432,112.709,4,4,"instrumental_jazz_fusion",0.85
45827,"5XOFgXIxjhvb5hv4GXxqG7","Marc Ribot;Los Cubanos","Muy Divertido! (Very Entertaining!)","El Gaucho Rojo",21,355466,FALSE,0.654,-8.359,0,0.0388,0.176,0.839,0.202,0.601,97.672,4,4,"instrumental_jazz_fusion",0.52
45829,"3ZiAJAJNHauY4tusvCoS0E","William Luna","Lo Nuevo y Lo Mejor","No Hay Dolor Más Fuerte Que el Alma",23,221640,FALSE,0.534,-9.993,0,0.038,0.494,0.000237,0.126,0.713,87.912,4,4,"instrumental_jazz_fusion",0.74
45835,"53UU9jSpS0KIqvpZn2nr8O","Baden Powell;Vinícius de Moraes","Vinícius – Sua Bênção, Saravá!","Canto De Ossanha",23,204533,FALSE,0.588,-10.675,0,0.0417,0.602,0,0.122,0.763,87.654,4,4,"instrumental_jazz_fusion",0.88
45849,"2ihAiam7bJ2shPM5HIU9ii","Dúo Hnos. Gaitán Castro","Amor amor","Maíz",23,233093,FALSE,0.895,-4.686,1,0.0648,0.501,1.63e-06,0.388,0.595,152.673,4,4,"instrumental_jazz_fusion",0.58
45851,"3qkScHBvMrxp4lk2Xi7lyd","Maneli Jamal","Distant Night","Distant Night",25,219757,FALSE,0.0615,-14.922,1,0.0727,0.973,0.763,0.11,0.254,73.69,4,4,"instrumental_jazz_fusion",0.78
45862,"0CSMqABdulksSWLsl3bpDr","Kapono Beamer","The Ethnic Sampler, Vol. 2","Stack of Leis",24,106000,FALSE,0.147,-18.267,1,0.0394,0.842,0.885,0.124,0.229,83.219,4,4,"instrumental_jazz_fusion",0.92
45869,"5Fs3sqzSQC3begf7bni7IG","Jim ""Kimo"" West","Slack Key West","Lei Aloha",21,194773,FALSE,0.206,-13.956,1,0.046,0.792,0.479,0.123,0.444,135.059,3,4,"instrumental_jazz_fusion",0.82
45877,"1rrPwnC71ZmXcIXuPudHYo","William Luna","Hasta el Final","Norma",22,227333,FALSE,0.451,-6.167,0,0.0302,0.283,0,0.108,0.59,122.063,4,4,"instrumental_jazz_fusion",0.62
45879,"4CXmwZ2JJkBkxesEmfADhh","Sergio & Odair Assad","Saga Dos Migrantes","Agua e vinho",20,181666,FALSE,0.0367,-26.841,0,0.0401,0.993,0.917,0.0868,0.138,91.562,4,4,"instrumental_jazz_fusion",0.4
45884,"2TR1vKhXhkw1kI51iQiNsz","La Rondalla Tapatía","Amémonos...","Amémonos",21,172840,FALSE,0.34,-14.864,1,0.0464,0.904,2.6e-05,0.0967,0.6,141.926,3,4,"instrumental_jazz_fusion",0.3
45887,"1RnUH1VjmCiKvMeSRgwVzY","Luis Salinas;Lito Vitale","Salinas Vitale: Desde el Alma","La Pomeña",22,306922,FALSE,0.227,-16.138,1,0.0403,0.86,0.898,0.11,0.1,81.127,4,4,"instrumental_jazz_fusion",0.57
45898,"77cLX2qF8KVj7kcjaND69o","Django Reinhardt;Benny Carter","All Star Sessions","Farewell Blues",22,194400,FALSE,0.304,-9.511,1,0.0522,0.983,0.911,0.0971,0.913,185.963,4,4,"instrumental_jazz_fusion",0.74
45907,"3ZBVScPb6BlEwHruAWdhtx","Dieter Huber","Mare","Ao Clarear",44,197315,FALSE,0.162,-15.86,1,0.0607,0.959,0.947,0.112,0.286,93.519,4,4,"instrumental_jazz_fusion",0.89
45926,"0ttlo9DfboKS9GeSgVduEs","Ozzie Kotani","Hawaiian Slack Key Guitar Masters: Instrumental Collection, Vol. 1","Ku'u Kīkā Kahiko (My Old Guitar)",21,226653,FALSE,0.266,-15.502,1,0.0417,0.933,0.878,0.11,0.103,136.125,4,4,"instrumental_jazz_fusion",0.62
45929,"1Y0JodliRhwOQgN7cdGIJl","The Maile Serenaders","Slack Key & Steel Guitar - Volume I","Kona Hema",20,94373,FALSE,0.235,-22.391,1,0.0452,0.853,0.872,0.124,0.961,148.073,4,4,"instrumental_jazz_fusion",0.59
45933,"1t4LWH3LrFAwCTHgUKM16s","龍藏Ryuzo","ANISON Explosion~Acoustic Solo Guitar~","紅蓮の弓矢 (Instrumental)",20,162549,FALSE,0.508,-9.045,0,0.0362,0.656,0.867,0.18,0.464,177.591,4,4,"instrumental_jazz_fusion",0.47
45935,"2uwAcSdEpZKCJOAimdvzgR","Los Apus","El Imperio de los Apus","Chofercito de Mala Suerte",22,242880,FALSE,0.529,-5.822,1,0.0355,0.717,8.93e-05,0.102,0.55,93.055,4,4,"instrumental_jazz_fusion",0.52
45939,"0tbaCkhAVU6yWfXfIy1Nz5","Baden Powell;Quarteto Em Cy","Os Afro-Sambas","Tristeza e Solidão",23,332693,FALSE,0.138,-19.464,0,0.034,0.838,0.128,0.105,0.241,110.466,4,4,"instrumental_jazz_fusion",0.31
45954,"5Hq1tPk22c1M4Y61SkTleX","Maneli Jamal","Rise","Rise",30,155500,FALSE,0.255,-13.939,1,0.0617,0.966,0.892,0.109,0.305,120.102,4,4,"instrumental_jazz_fusion",0.95
45982,"39ntcqNaRKwAoaN87MDEJw","Los Apus","Lágrimas Del Sol","Tristeza",21,320200,FALSE,0.626,-5.26,1,0.0393,0.702,3.81e-05,0.0899,0.786,73.567,4,4,"instrumental_jazz_fusion",0.44
45994,"7uWgYqkTI0jHr0HMjiazvJ","Ottmar Liebert;Stefan Liebert;Jon Gagan;Gary Lyons","Nouveau Flamenco (1990-2000 Special Tenth Anniversary Edition)","Heart Still/Beating - Digitally Remastered 1999",20,250357,FALSE,0.634,-12.481,0,0.0311,0.795,0.885,0.288,0.503,101.734,4,4,"instrumental_jazz_fusion",0.52
46011,"7kbvMr9iDzYP7KH6apVFSA","DJ Buzz Fuzz","Kimimaru","Kimimaru",34,80085,FALSE,0.496,-7.5,1,0.121,0.384,0.694,0.191,0.575,167.977,4,12,"high_energy_rave",0.59
46013,"0uXKvyCtukUSVFfHo7YFdV","The Viper;Korsakoff","Temptation","Temptation - Original Mix",30,268279,TRUE,0.963,-3.439,1,0.0903,0.132,4.57e-06,0.379,0.38,160.068,4,12,"high_energy_rave",0.51
46028,"5Ux35kbZec0DOJXLOUGRNn","Hakkuhbar","Vet heftig","Gabbersaurus (Radio Mix)",35,186560,FALSE,0.942,-6.317,1,0.188,0.196,0.00567,0.582,0.136,91.936,4,12,"high_energy_rave",0.75
46041,"4eAGVhU2RE0OYfFPXmhixc","Lawineboys","Remmen Los","Zuipen",30,160000,FALSE,0.867,-5.832,1,0.035,0.158,0,0.299,0.993,121.97,4,12,"high_energy_rave",0.49
46048,"4a11E1OGstd2GEToV8zcxZ","Lawineboys;Pater Moeskroen","Remmen Los","Bertus",32,179000,FALSE,0.979,-4.429,1,0.0909,0.243,0,0.39,0.798,144.018,4,12,"high_energy_rave",0.63
46059,"5qZxa73r5VUTjMW0Eoz96f","Promo;G-Shock","Never Compromise","Demons - Promo Remix",28,396133,FALSE,0.983,-2.578,1,0.578,0.0487,0.922,0.203,0.0695,159.837,4,12,"high_energy_rave",0.46
46060,"3HKcA3RHjWhKOKG37thGZZ","Promo","Last Men Standing","I Come Correct",29,353733,FALSE,0.931,-4.467,1,0.144,0.0114,0.589,0.0753,0.145,147.852,4,12,"high_energy_rave",0.83
46063,"6yd2M373yAtIg6g7wqLSlT","Dune","Happy Hardcore Top 100","Hardcore Vibes - South Bound Mix Cut",30,291213,FALSE,0.69,-8.72,0,0.0396,0.014,0.2,0.0729,0.436,163.778,4,12,"high_energy_rave",0.79
46072,"3knDGh1mv6t69d4gGd1y2I","2 Brothers On The 4th Floor","Domain Hardcore Vol. 6 (Mixed by Neophyte & Panic)","Come Take My Hand - The Viper Remix - Edit",30,205116,FALSE,0.963,-3.955,0,0.0566,0.0251,3.35e-05,0.272,0.401,172.06,4,12,"high_energy_rave",0.74
46073,"6NVWgolOTVoXggsQehPutL","Scooter","20 Years of Hardcore (Remastered)","David Doesn't Eat",29,216666,FALSE,0.938,-4.434,1,0.0912,4.18e-05,0.00103,0.804,0.502,141.982,4,12,"high_energy_rave",0.52
46079,"35i6b4n58J2WS7fgu4jlpK","Dj Promo","Arder","Arder",29,90158,FALSE,0.553,-10.705,0,0.152,0.12,0.76,0.435,0.789,117.32,4,12,"high_energy_rave",0.76
46080,"7mmt2LjSev3UEGIGbff5wC","Lawineboys","De Bel","De Bel",26,203000,FALSE,0.934,-4.218,1,0.0491,0.0976,0,0.306,0.967,134.005,4,12,"high_energy_rave",0.76
46086,"2BIzYGq1Pyv5SLWEQbgNM4","Neophyte;Drokz","Harder Tunes Forever - 100% the Best in Hardstyle and Hardcore","Dit Is Mijn Leven",0,169200,FALSE,0.999,-0.918,1,0.18,0.0865,0.00042,0.368,0.0466,99.99,4,12,"high_energy_rave",0.65
46098,"3fTAzpANJB10OyIC523sF4","PartyfrieX","Partyfreak","Partyfreak",29,163320,FALSE,0.919,-6.043,0,0.0586,0.218,1.22e-05,0.382,0.889,151.995,4,12,"high_energy_rave",0.48
46138,"0o9QbmX4o2eYF02Y5YoodT","Technikore","Not over Yet (Weaver vs. Steve Hill Mix) / Gimme Some More","Gimme Some More",24,348891,FALSE,0.997,-3.261,1,0.089,0.00021,0.86,0.276,0.369,171.989,4,12,"high_energy_rave",0.82
46140,"6m2Ttdxo6kUDVPQDDcX3WH","De Doelleazen;Zender Obama","Titom!","Titom!",26,186200,FALSE,0.981,-4.903,1,0.259,0.0328,1.52e-05,0.385,0.541,149.989,4,12,"high_energy_rave",0.53
46142,"4rkgXbMWRodQ6OIup8EGcE","Klubfiller;Rob Tissera;Steve Hill;BK","Cardio Workout, Vol. 3","The Key - BK's Slam Remix Edit",26,329577,FALSE,0.92,-3.949,0,0.178,0.000653,0.518,0.0255,0.36,142,4,12,"high_energy_rave",0.63
46143,"7hqu3FPle98q5pSqrbLZSp","Party Animals","Aquarius","Aquarius - Flamman & Abraxas Radio Mix",25,192133,FALSE,0.851,-6.023,0,0.0426,0.0488,0.61,0.112,0.359,175.056,4,12,"high_energy_rave",0.67
46144,"7Ds7GEIdCocSvO8NqHieuB","Scooter","Jumping All Over the World (20 Years of Hardcore Expanded Edition) [Remastered]","And No Matches - Remastered",26,211226,FALSE,0.981,-3.85,1,0.0372,0.0864,0.297,0.793,0.779,145.012,4,12,"high_energy_rave",0.69
46146,"40477w2Kc3UOwxNdBmy5Ai","De Doelleazen","Fryske Polka","Fryske Polka",26,179531,FALSE,0.969,-3.294,1,0.108,0.0924,0,0.699,0.693,150.086,4,12,"high_energy_rave",0.58
46159,"55dffpMdGWqvPYceW1Lit9","Anime","Detonate 2019","Detonate 2019",25,199666,FALSE,0.998,-1.41,1,0.421,0.109,0.00334,0.485,0.0381,180.007,4,12,"high_energy_rave",0.57
46161,"6g8sqdPCuePNt2ZJe6OFNu","Korsakoff;The Viper","Korsakoff Pres. Pink Noise","Re-Bottled",24,305017,FALSE,0.881,-4.7,0,0.109,0.119,0.0239,0.157,0.139,164.965,4,12,"high_energy_rave",0.72
46162,"4WYPFnfPsXgZ8gDPlXiOHN","S3RL;Kitty & Lovely","Beat All the Odds","Beat All the Odds",25,181946,FALSE,0.944,-1.443,1,0.0821,0.00326,0,0.159,0.642,175.007,4,12,"high_energy_rave",0.59
46168,"1sGI7WBJBbKrYRD9Rcw8tM","The Nightraver;DJ Trevor","Around The World","Around The World",24,205573,FALSE,0.937,-7.507,1,0.0529,0.0429,0.866,0.0864,0.14,164.595,4,12,"high_energy_rave",0.66
46175,"43YyNNHYYkSUIlOH0kx9Rw","Scooter","20 Years of Hardcore (Remastered)","We Are the Greatest",25,207266,FALSE,0.983,-5.69,1,0.0804,0.0168,0.129,0.958,0.488,136.984,4,12,"high_energy_rave",0.45
46182,"0h4dIvM1wRBLLBhhmSDc5B","Critical Mass","Happy Hardcore Top 100","Dancing Together",24,189946,FALSE,0.98,-6.196,1,0.0555,0.00434,0.832,0.254,0.794,161.704,4,12,"high_energy_rave",0.64
46205,"7cR6SJQLubZTtIrAgteiec","Scooter","24 Carat Gold","The Logical Song",59,234933,FALSE,0.888,-8.715,0,0.0359,0.00112,0.0692,0.46,0.534,144.021,4,12,"high_energy_rave",0.72
46206,"52EnlbXcODpgPX7U6phQrX","DJ Isaac","I Wanna Be A Gabber Baby","Bass And Sound",23,277133,FALSE,0.833,-11.626,0,0.0805,0.117,0.66,0.08,0.394,177.022,4,12,"high_energy_rave",0.73
46211,"6yJFoEMTl2as86IAVFTqNv","Base Alert","Classics","Zoo",23,316253,FALSE,0.94,-3.801,1,0.111,0.0169,0.018,0.0846,0.585,159.959,4,12,"high_energy_rave",0.66
46214,"5S8wnzW1ZUf6lp1sN1Zc2d","3 Steps Ahead;Tails;Noizer;Drokz","Thunderdome 25 Years Of Hardcore","Gangster (Feel So Good) - Tails, Noizer & Drokz Ouwe Gabber Mix",23,256733,FALSE,0.98,-4.986,0,0.206,0.00043,0.0785,0.404,0.268,190.251,4,12,"high_energy_rave",0.23
46215,"3a9oq0UWwO76fn9TjRWa0u","Scooter","Under the Radar over the Top","State Of Mind",24,210246,FALSE,0.929,-6.849,0,0.0661,0.0779,0.0067,0.411,0.18,147.998,4,12,"high_energy_rave",0.58
46218,"19Soia9DcLn2xZH8gIUu2X","Forze DJ Team","Oldschool Hardcore Volume II","Move",22,247997,FALSE,0.887,-8.369,0,0.0638,0.000516,0.708,0.27,0.17,180.868,4,12,"high_energy_rave",0.66
46219,"0tBGrYKXiB7uiWLFhZDSbv","S3RL;Tamika","Tell Me What You Want (DJ Edit)","Tell Me What You Want - DJ Edit",23,300000,FALSE,0.962,-3.879,1,0.114,0.0419,0.136,0.672,0.924,160.023,4,12,"high_energy_rave",0.52
46230,"1UZ9ZpSAmq3YJqUMVRUQxV","3 Steps Ahead","Most Wanted and Mad","It's Delicious",24,399840,FALSE,0.902,-6.962,1,0.0435,0.00262,0.0983,0.363,0.07,97.55,4,12,"high_energy_rave",0.73
46239,"4RHOfMYFs74Rx9uMofYdN1","Neophyte","The Best Of Neophyte Records","Braincracking - Tha Playah's Ultimate Kick Refix",24,164053,FALSE,0.868,-6.392,0,0.0369,0.0327,0.0773,0.599,0.19,170.606,4,12,"high_energy_rave",0.82
46241,"5FZSLwsiGyLyCk84mC4fiP","Neophyte","Not Enough Middle Fingers","I Will Have That Power",23,378949,FALSE,0.892,-13.915,1,0.286,0.347,0.0154,0.177,0.186,170.06,4,12,"high_energy_rave",0.65
46245,"3MCsJ80r4QxeWBFEG2bUPG","Charly Lownoise;Mental Theo","Gabber Top 25 (The Best Happy Hardcore Hits Ever)","Wonderful Days",22,331572,FALSE,0.92,-10.974,1,0.0722,0.0101,0.927,0.994,0.113,173.886,4,12,"high_energy_rave",0.61
46259,"3eXSlD8nIBcdkPeG8YXtyp","The Prophet","Oldschool Hardcore","Alright Here We Go!",21,379002,FALSE,0.649,-12.45,1,0.0443,6.46e-05,0.943,0.166,0.0399,179.809,4,12,"high_energy_rave",0.76
46264,"36pXSj3KmxKWS5Xsv2AD6b","Tha Playah","My Misery","Why so serious",22,339613,FALSE,0.968,-3.658,0,0.174,0.00967,0.208,0.281,0.349,170.019,4,12,"high_energy_rave",0.74
46283,"4gQKMWQcUz0dGc4kOtC34X","Nosferatu;Evil Activities","Strength","Sick Of It All",22,301383,FALSE,0.997,-3.259,0,0.18,0.23,0.00349,0.584,0.15,169.968,4,12,"high_energy_rave",0.64
46294,"1ryDTdXiybv8g1IcxfzP5X","G-Town Madness;The Viper","The Qontinent 2017","Come As One (Brennan Heart Remix)",22,184028,FALSE,0.733,-7.226,1,0.0497,0.201,0.705,0.156,0.0353,151.845,4,12,"high_energy_rave",0.58
46295,"0hPBVcOvxGgstSTfdkCFhk","Hakkuhbar","Vet heftig","Paddoman",21,199600,FALSE,0.896,-7.367,1,0.127,0.0438,0.000329,0.346,0.796,172.036,4,12,"high_energy_rave",0.51
46296,"1URntzWCTT14huFkain7be","Party Animals","Electricity","Electricity - Flamman & Abraxas Mix",21,187575,FALSE,0.995,-5.305,1,0.0717,0.00204,0.633,0.794,0.528,170.01,4,12,"high_energy_rave",0.51
46301,"4BTVMYO9V5au4AgPgguAG0","Bodylotion","Happy Hardcore Top 100","Happy Is Voor Hobo's",21,185733,FALSE,0.976,-8.183,1,0.0781,0.0206,0.14,0.716,0.147,99.997,4,12,"high_energy_rave",0.58
46303,"6RDMTjgTTOJaPllcUWV8al","Evil Activities","Evilution","No Place To Hide",21,340986,FALSE,0.94,-4.533,0,0.0894,0.0243,0.0377,0.226,0.181,164.981,4,12,"high_energy_rave",0.77
46304,"1QKEnw1HqrSLRnkdRkNeY4","Lenny Dee;Ralphie Dee","English Muffin","Blood of An English Muffin",21,276265,FALSE,0.848,-9.784,0,0.0832,3.89e-05,0.148,0.304,0.656,159.994,4,12,"high_energy_rave",0.74
46305,"6vEZRdxA23NiDQo6COCjb3","DJ Isaac","Happy Hardcore Top 100","Bad Dreams",22,292759,FALSE,0.797,-8.949,1,0.0717,0.0113,0.809,0.0529,0.1,174.087,4,12,"high_energy_rave",0.59
46306,"4U3Oavt5yvwIOy6lTTiBIU","The Prophet","The Hardcore Archive Part 2 (1995 - 1996)","Big Boys Don't Cry - Original Mix",41,233370,FALSE,0.964,-4.21,0,0.0736,0.00109,0.518,0.188,0.195,181.061,4,12,"high_energy_rave",0.43
46319,"64Jlq2BRZUCSashdllLx2R","Rotterdam Terror Corps;Minupren","RTC is the legacy","Pinkest Popcorn",22,193401,TRUE,0.928,-4.053,1,0.112,0.00681,3.55e-06,0.193,0.396,97.975,4,12,"high_energy_rave",0.53
46325,"6g69J49RrAZCAAkgyozmVc","The Prophet","The Hardcore Archive Part 2 (1995 - 1996)","There It Is (Original Mix) - Extended Mix",4,343585,FALSE,0.953,-3.081,1,0.118,0.0597,0.691,0.087,0.144,179.943,4,12,"high_energy_rave",0.78
46333,"0XztcW5BuUDPV1TpFcDJb6","The Prophet","La Bush Temple Of House","Recession",22,219386,FALSE,0.932,-7.377,1,0.0874,0.0318,0.061,0.558,0.578,150.007,4,12,"high_energy_rave",0.63
46341,"6YRhxlYF1xg6VSMRWuWk7q","The Prophet","The Hardcore Archive Part 3 (1997)","Lunatic (Original Mix - Slow Break) - Extended Mix",0,301846,FALSE,0.69,-5.019,1,0.0918,0.000949,0.25,0.307,0.123,94.967,4,12,"high_energy_rave",0.72
46350,"6gfdc0sgLQvolZteBTRCDY","Darren Styles","Quiver","Quiver",49,234000,FALSE,0.951,-3.171,0,0.0645,0.0537,0.000661,0.0837,0.194,159.964,4,12,"high_energy_rave",0.55
46359,"6sojc43td5yKE9rNvUIq1Y","Charly Lownoise & Mental Theo","The Best Of Charly Lownoise & Mental Theo","Together In Wonderland - Video Mix",20,219570,FALSE,0.905,-4.942,1,0.101,0.196,0.00556,0.116,0.169,163.827,4,12,"high_energy_rave",0.56
46366,"5KKDgrEcyMPbmKrfLZyqqv","Scooter","The Only One","The Only One",21,212503,FALSE,0.969,-5.238,0,0.0892,0.0013,9.41e-05,0.134,0.29,134.941,4,12,"high_energy_rave",0.4
46389,"4F1mMdWFmzMu1lW2tsx3rc","The Prophet","The Hardcore Archive Part 3 (1997)","Peptalkin' (Original Mix) - Extended Mix",0,294333,FALSE,0.921,-8.182,0,0.116,0.000218,0.212,0.121,0.414,99.075,4,12,"high_energy_rave",0.64
46390,"11MSEhq5iXRC4mFgezdaLs","The Prophet","The Hardcore Archive Part 3 (1997)","Pump Up The Volume (Original Mix) - Extended Mix",0,331836,FALSE,0.883,-6.554,0,0.105,0.137,0.889,0.0654,0.0775,110.945,4,12,"high_energy_rave",0.64
46394,"2l2zYplvdjpRDEAmoHKX0t","Charly Lownoise & Mental Theo","The Best Of Charly Lownoise & Mental Theo","Just Can't Get Enough - Radio Edit",20,254533,FALSE,0.997,-4.509,1,0.0504,0.101,3.39e-05,0.957,0.458,138.011,4,12,"high_energy_rave",0.54
46403,"5isDv19KBGVOCpgvb9gnHn","Art Of Fighters","Do or die","Redemption",20,298591,TRUE,0.847,-6.52,0,0.273,0.148,3.53e-05,0.0842,0.551,158.046,4,12,"high_energy_rave",0.5
46416,"1h14l9C0JnxfqCazWSg54O","The Prophet","The Hardcore Archive Part 2 (1995 - 1996)","I Love You - Rave Mix",7,213490,FALSE,0.894,-4.834,1,0.0334,0.0724,0.266,0.0761,0.366,154.02,4,12,"high_energy_rave",0.41
46437,"5t55kJTvxMSGfCR3rd3Q3B","The Prophet","The Hardcore Archive Part 3 (1997)","I Am The Magnificent - Original Mix",0,266391,FALSE,0.822,-7.216,0,0.0474,0.000466,0.653,0.376,0.0536,104.872,4,12,"high_energy_rave",0.74
46438,"2ER6Vd9NvNRl7gkdwUJo6c","Hard Creation","Oldschool Hardcore Volume II","Are You Down",20,333865,FALSE,0.994,-5.133,0,0.0605,0.00322,0.785,0.143,0.14,162.981,4,12,"high_energy_rave",0.74
46452,"4HaMXBKZa59l6MnyhLK6Bw","Tweekacore;Darren Styles;Giin","Crash & Burn","Crash & Burn",51,228800,FALSE,0.891,-4.732,0,0.0455,0.032,0.00568,0.118,0.225,160.014,4,12,"high_energy_rave",0.53
46453,"2F91SY7u5rJbEXvK6itbop","DJ Mongoose","Happy Hardcore Top 100","Rip Shit Up - DJ Isaac Remix",19,260716,FALSE,0.756,-11.116,0,0.0956,0.00663,0.841,0.193,0.206,171.07,4,12,"high_energy_rave",0.8
46454,"05peBZYonfF82q7cvcyoZ7","Meccano Twins","Defqon.1 2014","Fracture #TiH - Edit",20,190616,FALSE,0.968,-3.783,0,0.166,0.0241,0.00723,0.316,0.512,179.791,4,12,"high_energy_rave",0.67
46455,"09FYYRDAUZXhVUBXHFXg0r","Korsakoff;Day-Mar;Erik Lindeman","Hurt","Hurt - Radio Edit",20,249333,FALSE,0.997,-2.58,1,0.348,0.384,0.00138,0.213,0.0566,180.087,4,12,"high_energy_rave",0.47
46460,"74mIyEcLtmwPQZjO2z6uZW","The Prophet","The Hardcore Archive Part 2 (1995 - 1996)","Housetime! - Original Mix",16,157671,FALSE,0.906,-3.082,0,0.0518,0.000146,0.0229,0.411,0.039,103.999,4,12,"high_energy_rave",0.81
46465,"3xm4702n6w6gAn32xxBdOz","Re-Style","Masters Of Hardcore The Conquest Of Fury","Get It Crackin - Final 2013 Edit",20,264137,FALSE,0.925,-5.669,0,0.0581,0.0304,0.0242,0.0473,0.529,170.002,4,12,"high_energy_rave",0.56
46478,"6S9SDBpZ1QUxERuIHwsW99","Plus System;Scott Brown","Neckbreaker / Take A Final Breath","Neckbreaker - Original Mix",19,341599,FALSE,0.999,-5.566,1,0.0863,0.000189,0.587,0.399,0.553,169.988,4,12,"high_energy_rave",0.42
46482,"5HawUC3cvtq6kmPsjL2mta","The Prophet","The Hardcore Archive Part 2 (1995 - 1996)","I Love You (Amsterdam Party Mix) - Extended Mix",4,445426,FALSE,0.886,-2.375,1,0.0393,0.0623,0.186,0.343,0.516,153.829,4,12,"high_energy_rave",0.48
46496,"2GIjf3xE6zFCw7ot6HL4TI","Scooter","24 Carat Gold","Back in the U.k.",21,183773,FALSE,0.932,-9.283,1,0.0667,0.00851,0.00335,0.398,0.348,180.074,4,12,"high_energy_rave",0.53
46502,"6ACG1I3qXRpnkIKLVzy4Ww","Scooter","20 Years of Hardcore (Remastered)","The Logical Song",47,234116,FALSE,0.933,-6.277,0,0.0382,0.00112,0.0362,0.425,0.493,144.043,4,12,"high_energy_rave",0.59
46527,"5u8xoqHDawYjSGayeIxz37","Rob Gee","1 Gabber Family","1 Gabber Family",19,189600,FALSE,0.977,-2.325,1,0.266,0.0422,1.56e-06,0.437,0.475,100.054,4,12,"high_energy_rave",0.73
46531,"7MghdcQcQvYdiA74yUdren","El Bruto","Happy Hardcore Top 100","Let Yourself Go - Mix Cut",18,181480,FALSE,0.806,-5.748,1,0.251,0.00113,0.497,0.279,0.363,155.903,4,12,"high_energy_rave",0.86
46532,"0L2RHuJ4Jo0myMpqvYNnML","Scooter","Who's Got the Last Laugh Now?","Rock Bottom",20,208880,FALSE,0.988,-5.145,1,0.0696,0.00634,0.000684,0.321,0.239,143.066,4,12,"high_energy_rave",0.79
46546,"6RTBtwhBCFatecqmvxY42p","Scooter","Encore - Live and Direct","We Bring the Noise",19,239506,FALSE,0.987,-7.52,0,0.0672,0.000172,0.00378,0.818,0.178,143.013,4,12,"high_energy_rave",0.65
46549,"4v0JO5a4Xmfa3alW1MwbLV","Scooter","Encore - Live and Direct","Fuck the Millennium",20,249493,FALSE,0.999,-4.937,1,0.0947,0.0501,0.0128,0.978,0.0878,145,4,12,"high_energy_rave",0.89
46561,"35AoxYRvwmz75uohbEXLXK","S3RL;Alex Bassjunkie;Riche","Bass Slut (Alex BassJunkie & Riche Remix)","Bass Slut - Alex BassJunkie & Riche Remix",19,297092,FALSE,0.994,-4.221,1,0.155,0.31,0.0743,0.674,0.672,174.967,4,12,"high_energy_rave",0.77
46564,"0OPti34aF3zWNAVQotefHa","Rotterdam Terror Corps;Soulblast","Doomsday","The Horror - Soulblast Remix",20,187200,TRUE,0.948,-2.64,1,0.204,0.0854,0.000199,0.379,0.125,99.998,4,12,"high_energy_rave",0.33
46587,"5fnvKSZoDiU6ofbRaGX2tq","Klubfiller;Steve Hill","Full Length Cardio Workout, Vol. 5","Don't Go - 2021 Mix",19,334357,FALSE,0.947,-8.169,0,0.0596,0.000272,0.681,0.137,0.278,145.008,4,12,"high_energy_rave",0.68
46588,"71WCah1DB8WLPJLjZ2Ujp9","Micado","Happy Hardcore Top 100","It's Gonna Be A Fine Night Tonight - Mix Cut",18,139360,FALSE,0.95,-9.107,1,0.107,0.0567,0.151,0.31,0.235,173.158,4,12,"high_energy_rave",0.61
46600,"1gWAtvmMbhH6WPLes1swNh","The Prophet;Dutch Movement","Fiyaaah!","Fiyaaah!",50,234021,FALSE,0.864,-2.242,1,0.0572,0.0184,0.00016,0.292,0.392,149.985,4,12,"high_energy_rave",0.73
46601,"4plFHRIYpyvO46CWG2UMvG","2 Brothers On The 4th Floor;Ran-D","Come Take My Hand (Ran-D Remix)","Come Take My Hand - Ran-D Remix",54,262550,FALSE,0.928,-2.025,0,0.0823,0.0068,9.18e-06,0.109,0.116,154.872,4,12,"high_energy_rave",0.33
46607,"2BJ3UgJ3mjZhgFlCdZQJDe","Gammer;Darren Styles","Better Together","Superhorn",27,144000,FALSE,0.979,-2.46,1,0.0925,0.0141,0.243,0.163,0.541,160.047,4,12,"high_energy_rave",0.61
46611,"4Z91rF8eGh0BYefX74cAmW","Endymion;D-Fence","The Viral Collection","Pussy Motherfuckerz - D-Fence Remix",19,140250,TRUE,0.997,-0.591,1,0.199,0.0691,0,0.222,0.169,100.036,4,12,"high_energy_rave",0.68
46620,"7f38WnhrCBlvwg5O3eDS6b","Tha Playah;Never Surrender","Rise","Hardcore Door Je Donder",18,200400,FALSE,0.988,-0.476,1,0.0872,0.254,8.71e-06,0.768,0.228,99.975,4,12,"high_energy_rave",0.65
46624,"43C9jgQgTDQYikM2UK094J","Impact & Resist","Sunrise (JTS & Haze Remix)","Sunrise - JTS & Haze Remix",18,374911,FALSE,0.98,-2.895,0,0.0641,0.000154,0.582,0.156,0.364,169.023,4,12,"high_energy_rave",0.5
46632,"1HqGQ0nupv7xKaoQuDTNyi","Dj Mad Dog","Till I Die Vol.1","Why Me - Radio Edit",19,199065,TRUE,0.998,-1.115,0,0.334,0.0336,0.00388,0.175,0.0362,173.98,4,12,"high_energy_rave",0.67
46635,"1uA459lVdp7ncv4cIG2ef8","Korsakoff","Stiletto","The torment of triton - Official Masters of Hardore Anthem",18,312864,FALSE,0.794,-7.976,0,0.183,0.0419,0.457,0.344,0.31,172.03,4,12,"high_energy_rave",0.74
46682,"6Hf2tnXowdcOLh5Drk6kYb","Korsakoff","Korsakoff Pres. Pink Noise","Daydream",18,317170,FALSE,0.983,-6.44,1,0.0672,0.00624,0.159,0.14,0.415,169.033,4,12,"high_energy_rave",0.63
46685,"6MgPGbh59GVx810igXnLDd","Hard Creation;Never Surrender","I Will Have That Power (Never Surrender Remix Edit)","I Will Have That Power - Never Surrender Remix Edit",18,170742,TRUE,0.923,-4.502,1,0.192,0.0109,0.000189,0.196,0.182,174.817,4,12,"high_energy_rave",0.73
46689,"0aVeKK8ga19q70Q1T5RY3r","Nosferatu;Neophyte","Harmony Of Hardcore 2016","Daar zijn we weer!",18,238228,TRUE,0.976,-4.478,0,0.144,0.181,0.00197,0.303,0.259,100.023,4,12,"high_energy_rave",0.76
46692,"6OQBLmfuKMpXZ7nGrQW7n1","Endymion;Art Of Fighters;Lilly Julian;ANDY SVGE","Invincible","A New Today - ANDY SVGE Remix",18,223815,FALSE,0.951,-3.941,0,0.064,0.184,0.00128,0.0959,0.394,151.998,4,12,"high_energy_rave",0.36
46696,"5ujyzxefPdjzeCGh2qllFn","Scooter","Jumping All Over the World (20 Years of Hardcore Expanded Edition) [Remastered]","The Question Is What Is the Question? - Remastered",19,226386,FALSE,0.973,-3.916,1,0.0405,0.0114,0.184,0.278,0.911,142.041,4,12,"high_energy_rave",0.36
46697,"5CZbKlSalevStRV1WyMt9k","Scooter","24 Carat Gold","I Was Made For Lovin' You",18,142333,FALSE,0.974,-9.503,0,0.0647,0.000538,0.00126,0.11,0.891,147.375,4,12,"high_energy_rave",0.75
46702,"5TnngBGEvrYJJtOG5cv1V8","Anime;Broken Minds","Die Alone","Die Alone",47,233587,FALSE,0.95,-2.805,0,0.448,0.0682,3.81e-06,0.103,0.0951,185.091,4,12,"high_energy_rave",0.54
46706,"6VrkcRo0lXoJfahNyKutCb","Anime","Exterminate","Bitches #TiH",18,195077,TRUE,0.981,-3.362,0,0.0785,0.00274,0.00173,0.0695,0.5,171.966,4,12,"high_energy_rave",0.57
46708,"2o3ybS7PkJULLPia2BL3PH","Meccano Twins","Drums of War","Drums of War",18,149837,TRUE,0.99,-3.323,1,0.142,0.00572,4.84e-06,0.375,0.0664,184.878,4,12,"high_energy_rave",0.57
46709,"5lzHcuhl4iBfR4PtQXBm9i","2 Brothers On The 4th Floor","The Very Best of 2 Brothers on the 4th Floor (25th Anniversary Edition)","Fly",18,208227,FALSE,0.898,-4.664,0,0.0331,0.0389,0.0656,0.461,0.754,134.027,4,12,"high_energy_rave",0.64
46711,"1OQd3XxyHNH6eJmqp5RXfc","Brothers In Crime","Happy Hardcore Top 100","Hallucinating",17,145120,FALSE,0.964,-7.143,1,0.057,0.0198,0.291,0.3,0.241,172.1,4,12,"high_energy_rave",0.63
46715,"56kIqaRIxKDEQiYncU74yi","DJ Buzz Fuzz","Happy Hardcore Top 100","Drop The Pressure - Chosen Few Cut",18,143653,FALSE,0.992,-7.322,1,0.12,0.0167,0.512,0.362,0.292,180.475,4,12,"high_energy_rave",0.53
46716,"0vjUBRF2w4V0TQMaBHR6ca","N-Sane","Watch Your Friends","Watch Your Friends",17,158545,TRUE,0.721,-8.331,0,0.0885,0.0521,0,0.307,0.476,92.953,4,12,"high_energy_rave",0.63
46724,"3SVvuOYDMKs9VifJPtk7X3","Forze DJ Team","Thunderdome Die Hard","'98 To Piano",17,366968,TRUE,0.91,-7.419,0,0.0547,0.0666,0.408,0.159,0.556,149.869,4,12,"high_energy_rave",0.68
46731,"3GYKymTIyBlBP4Q3oA1fLQ","Neophyte","Not Enough Middle Fingers","Mellow moeni mauwe",18,305893,FALSE,0.652,-10.226,0,0.13,8.4e-05,0.133,0.544,0.0317,103.01,4,12,"high_energy_rave",0.37
46733,"0RiBqUX5tKiF04fLWBCOyl","DJ Waxweazle","Early Rave Anthems Part 2","Legs - '96 Hardcore Remix",17,243693,FALSE,0.963,-5.473,0,0.105,0.000973,0.911,0.399,0.176,94.831,4,12,"high_energy_rave",0.63
46753,"4kK3nB5tIQpWXNIYgF2oLJ","The Prophet","Follow the Leader","Follow the Leader - Original",16,343600,FALSE,0.858,-8.983,1,0.364,0.136,0.772,0.166,0.118,140.005,4,12,"high_energy_rave",0.79
46770,"094SX2dPQYIBl2VofemoSU","Diss Reaction;DJ Ruffneck","Jiiieehaaaa (The DJ Ruffneck Remixes)","Jiiieehhaaa - DJ Ruffneck's Resurrection Remix",17,257333,TRUE,0.997,-1.986,0,0.318,0.344,0.00662,0.651,0.0358,180.021,4,12,"high_energy_rave",0.71
46785,"20K3a1iJoPtG6HIZGu0dRF","Scooter","24 Carat Gold","She's The Sun",17,191333,FALSE,0.651,-13.099,1,0.033,0.107,0.00953,0.325,0.534,160.037,4,12,"high_energy_rave",0.35
46791,"6Rlb2AtUWFoEBTptUGnYgc","Neophyte;Mc Ruffian","RechToe RechTaan","Muil Houwe",18,408960,FALSE,0.83,-10.412,0,0.368,0.137,0.000188,0.197,0.0723,169.998,4,12,"high_energy_rave",0.51
46794,"6A5tEqGtxk5hfbybQLKCL3","Scooter","Stuck on Replay","Stuck On Replay - Radio Edit",17,189050,FALSE,0.885,-5.15,0,0.0472,0.113,0.00018,0.257,0.354,149.957,4,12,"high_energy_rave",0.4
46809,"1sNuLWB8P61SooM1OgyPYJ","DJ Isaac","Impressed","Impressed",18,424367,TRUE,0.859,-4.665,0,0.135,0.000603,0.0904,0.0827,0.0683,146.002,4,12,"high_energy_rave",0.24
46820,"1livxKsuCNyMGhSzVJciso","Paul Elstak","Happy Hardcore Top 100","Rave On - Dj Pauls Force Mix",17,306442,FALSE,0.977,-3.664,1,0.052,0.000793,0.306,0.207,0.333,177.69,4,12,"high_energy_rave",0.33
46821,"3VUxHYgwgKx2G0Ff1VO0sG","S3RL;Rob IYF;Krystal","I Wanna Stay (DJ Edit)","I Wanna Stay - DJ Edit",17,262590,FALSE,0.96,-2.899,0,0.249,0.00283,0.00112,0.0947,0.419,169.954,4,12,"high_energy_rave",0.45
46828,"3mRSjid5lgmXiIr0w2vjbh","Korsakoff;Tha Watcher","Stiletto","Global - Edit",17,168089,FALSE,0.907,-5.859,0,0.0973,0.387,0.0669,0.0933,0.138,171.327,4,12,"high_energy_rave",0.67
46834,"4M3RrZ3vL9nopiHsPHpsCy","S3RL;J0hnny","Let The Beat Go","Let The Beat Go - Original Mix",17,307200,FALSE,0.988,-1.314,1,0.135,0.000441,0.0283,0.0712,0.551,174.987,4,12,"high_energy_rave",0.47
46850,"2PVGnz46MDURXNamujHhH7","Endymion;MYST","See You Again (Radio Edit)","See You Again - Radio Edit",40,189803,TRUE,0.888,-3.66,0,0.0909,0.229,0.00179,0.0544,0.134,152.968,4,12,"high_energy_rave",0.68
46855,"4t6AvmxSkQB7rdNHWmrgj5","KnightVision","The Search for Marihuana","Biomoid",17,236677,FALSE,0.74,-9.956,1,0.0424,9.67e-05,0.816,0.416,0.0546,91.005,4,12,"high_energy_rave",0.54
46857,"29f9l4ImBUkA33j8kQBy65","Scooter","20 Years of Hardcore (Remastered)","4:00 AM",52,197496,FALSE,0.868,-4.163,0,0.0949,0.000736,0,0.327,0.243,132.009,4,12,"high_energy_rave",0.76
46858,"4nxIKcwIDvxHlhvpnIYBix","The Viper;Neophyte","Nothing To Lose","Nothing to Lose",17,252558,TRUE,0.935,-5.25,1,0.0724,0.00416,3.08e-05,0.145,0.182,172.015,4,12,"high_energy_rave",0.69
46866,"5itiesyKLSZfMcWkk2zGrw","Noisekick;Paranoizer","TERRORDRANG","HET DEED PIJN",17,259578,FALSE,0.967,-5.422,0,0.106,0.00217,0.0145,0.373,0.581,137.568,4,12,"high_energy_rave",0.7
46878,"3oWtCpXKTtdgaAABvVYVsy","The Sickest Squad","Opera Prima","Angerfist - Dance With the Wolves - The Sickest Squad-Remix",17,354666,TRUE,0.99,-2.749,0,0.388,0.00183,0.0386,0.0639,0.166,180.062,4,12,"high_energy_rave",0.67
46885,"1HFOEboCj1614whMFOHGGv","Scooter;Megastylez;Rico Bass;Marquez Klamt","J'adore Hardcore","J'adore Hardcore - Megastylez Edit",17,199585,FALSE,0.906,-6.801,1,0.0361,0.0131,0.35,0.0347,0.266,148.01,4,12,"high_energy_rave",0.59
46886,"2xhbQTEzWWayLKA579jGJ4","Dj Promo","Hiplife","Cruce",16,76881,FALSE,0.653,-6.306,1,0.147,0.538,0.881,0.127,0.82,79.978,4,12,"high_energy_rave",0.59
46888,"06qPS9C31XGitZ6kzs1qkK","Scooter","No Time To Chill","Expecting More From Ratty",17,251960,FALSE,0.974,-6.862,0,0.0376,0.0101,0.202,0.111,0.605,143.013,4,12,"high_energy_rave",0.59
46891,"5HzX2BV6P34l3ZKcKwDDlm","2 Brothers On The 4th Floor","Best of","Wonderful Feeling - Radio Version",17,239976,FALSE,0.906,-6.382,0,0.0375,0.0387,0.0205,0.101,0.698,135.99,4,12,"high_energy_rave",0.72
46895,"2Vy4rAw44YHjwI0xIhpxSA","Scooter","Back to the Heavyweight Jam (20 Years of Hardcore Expanded Editon) [Remastered]","Faster Harder Scooter - P.K.G. Phat Jam Mix [Remastered]",17,343719,FALSE,0.993,-3.476,0,0.112,0.00158,0.0333,0.0954,0.341,144.995,4,12,"high_energy_rave",0.63
46902,"3jS6gkxBHMO0J3aZiFTsjv","S3RL;Kayliana;MC Riddle","All That I Need (feat. Kayliana & MC Riddle)","All That I Need (feat. Kayliana & MC Riddle)",45,186480,FALSE,0.949,-3.717,1,0.159,0.000766,0,0.894,0.73,174.99,4,12,"high_energy_rave",0.46
46904,"7dUYGoiFxLuUHOa5Zeky1n","Evil Activities;The Viper","Evil's Greatest Activities","Raw To The Floor",17,320053,FALSE,0.959,-5.339,0,0.198,0.46,0.0927,0.0862,0.102,165.039,4,12,"high_energy_rave",0.36
46928,"75uI25y933a6F7DCVqVrfK","DJ Waxweazle","Hardcore Power EP","Hardcore Power - Original",15,298306,FALSE,0.767,-11.105,1,0.0872,0.0147,0.668,0.127,0.199,94.89,4,12,"high_energy_rave",0.33
46935,"66RmCls2Y9g6evCIZfdht5","Bertocucci Feranzano","Thunderdome Never Dies","XTC Love",15,335563,FALSE,0.963,-3.153,0,0.122,0.0107,0.71,0.662,0.238,165.843,4,12,"high_energy_rave",0.48
46948,"5r5YWk2CT2JLeIxqU7AQAN","Dune","Dune","Positive Energy",17,257839,FALSE,0.866,-10.904,1,0.0549,0.00866,0.533,0.172,0.594,160.648,4,12,"high_energy_rave",0.37
46949,"4X0YYyvSsmcI4CNImmOhqj","4 Tune Fairytales","Early Rave Anthems Part 5","My Little Fantasy - Extended Version",16,316580,FALSE,0.973,-2.761,1,0.0493,0.0415,0.676,0.191,0.523,177.986,4,12,"high_energy_rave",0.37
46952,"0l2cLE8jraYJLvpl37ZgGA","Darren Styles","Pussy Lounge 2019","Switch",16,220500,FALSE,0.823,-3.984,0,0.0431,0.00615,0.641,0.423,0.25,160.031,4,12,"high_energy_rave",0.32
46977,"7DdDIU9nb1EkwPy77bKFWh","Haze","BARR10","Cabeza alta",17,168426,FALSE,0.743,-2.972,1,0.0948,0.403,0,0.276,0.366,87.014,4,12,"high_energy_rave",0.51
46979,"5N21OsNQCqaziERyKA6sgG","Art Of Fighters;Endymion","Let's get it on","Let's get it on",16,364373,TRUE,0.912,-6.14,0,0.126,0.0411,6.48e-05,0.311,0.255,162.934,4,12,"high_energy_rave",0.6
47010,"5CQ30WqJwcep0pYcV4AMNc","Led Zeppelin","Led Zeppelin IV (Deluxe Edition)","Stairway to Heaven - Remaster",79,482830,FALSE,0.34,-12.049,0,0.0339,0.58,0.0032,0.116,0.197,82.433,4,16,"alt_punk_rock",0.76
47034,"5DEmBsouGyKFcoDbTrPMEZ","Ghost","Halloween Party 2022","Dance Macabre",0,219720,FALSE,0.696,-6.263,0,0.0315,1.93e-05,0.00555,0.38,0.727,125.984,4,16,"alt_punk_rock",0.71
47044,"1gJrH78tBc0ymRXZiizxKx","Lynyrd Skynyrd","Best 70s Rock Tunes","Sweet Home Alabama",1,285373,FALSE,0.724,-7.521,1,0.0247,0.217,0.000256,0.146,0.902,97.863,4,16,"alt_punk_rock",0.64
47052,"0muK9BAzu2TJXQgWPsEj6e","Journey;Steve Perry","Separate Ways (Worlds Apart) [Bryce Miller/Alloy Tracks Remix]","Separate Ways (Worlds Apart) - Bryce Miller/Alloy Tracks Remix",72,165074,FALSE,0.569,-9.274,1,0.044,0.0115,0.0134,0.163,0.0668,129.992,4,16,"alt_punk_rock",0.63
47059,"7LRMbd3LEoV5wZJvXT1Lwb","AC/DC","High Voltage","T.N.T.",78,214666,FALSE,0.759,-5.218,1,0.302,0.153,0.000108,0.101,0.435,126.366,4,16,"alt_punk_rock",0.57
47067,"1NaHqvYJ48wdyQZMkNnUUr","Pantera","Metal","Walk",0,315120,TRUE,0.704,-8.018,0,0.0808,0.000156,0.00223,0.0933,0.703,116.898,4,16,"alt_punk_rock",0.65
47069,"2iA4neLS2rg1dlciGgmt4X","Megadeth","Release Your ANGER","Symphony Of Destruction",0,246733,FALSE,0.889,-5.452,0,0.0585,0.000794,0.0865,0.0657,0.506,139.903,4,16,"alt_punk_rock",0.63
47077,"6VNgUdPze583ZMIqe9EAyF","Rob Zombie","Halloween Metal Nights","Dragula",1,222893,FALSE,0.978,-5.327,0,0.0548,8.55e-05,0.000141,0.0955,0.558,125.073,4,16,"alt_punk_rock",0.38
47081,"6JN0cjFT0zDRYxzqcKrvwf","Soundgarden","Hits Pop Rock 90's","Spoonman",0,246920,FALSE,0.904,-5.625,1,0.0386,2.2e-05,0.218,0.255,0.832,186.054,3,16,"alt_punk_rock",0.75
47083,"582QmuQapDg7uo1jcAKsgN","Megadeth","Release Your ANGER","Holy Wars...The Punishment Due - Remastered",0,392600,FALSE,0.985,-3.941,1,0.151,0.00177,0.108,0.351,0.218,125.232,4,16,"alt_punk_rock",0.55
47085,"1nQYbtP8RwXxA7DwW6Kn38","Rob Zombie","Twisted Halloween Hits","Living Dead Girl",0,201400,FALSE,0.948,-5.579,0,0.0676,0.00512,0.0996,0.228,0.548,103.025,4,16,"alt_punk_rock",0.51
47091,"0ojuDHW8XG17heZBJHQyXJ","Rob Zombie","Halloween Metal Nights","Superbeast",0,220226,FALSE,0.975,-4.433,0,0.0609,7.65e-05,0.561,0.457,0.309,154.047,4,16,"alt_punk_rock",0.58
47101,"799XxzSlWNYkuWJxUbuGnF","Metallica","Stranger Things: Soundtrack from the Netflix Series, Season 4","Master of Puppets",69,514479,FALSE,0.868,-7.357,0,0.0377,0.000599,0.482,0.199,0.556,105.164,4,16,"alt_punk_rock",0.58
47106,"3JRi5bymnIQ2fhIetoOm3r","Charlie Brown Jr.","Acústico (Ao Vivo)","Só Por Uma Noite - Ao Vivo",53,190400,FALSE,0.94,-6.414,1,0.0402,0.0366,0.00314,0.735,0.738,114.873,4,16,"alt_punk_rock",0.6
47116,"2L1WVCWCuhbc8IEIiJbrGl","Misfits","Spooky Scary Season","Halloween",2,112426,FALSE,0.937,-9.01,1,0.0758,0.0172,0,0.271,0.0957,108.729,4,16,"alt_punk_rock",0.69
47119,"4jJ0RTLxottQzkwZaMIb25","Twisted Sister","80's","We're Not Gonna Take It (Single Version)",0,217293,FALSE,0.905,-7.206,1,0.0732,5.55e-05,3.95e-06,0.0654,0.626,149.377,4,16,"alt_punk_rock",0.59
47129,"3tI3SEykqxq2ielVBTWkpo","Thin Lizzy","70s Christmas Party","The Boys Are Back In Town",0,263146,FALSE,0.87,-4.906,1,0.0711,0.292,1.67e-06,0.117,0.694,81.095,4,16,"alt_punk_rock",0.45
47130,"6sSyHED31Nw3Blus6oSrU4","Misfits","Anthems for Witches 2022","Halloween",0,112426,FALSE,0.937,-9.01,1,0.0758,0.0172,0,0.271,0.0957,108.729,4,16,"alt_punk_rock",0.42
47144,"3Kk30svEH2XoNsEvM3jyOP","Los Prisioneros","Modo trabajación","Corazones Rojos",0,211626,FALSE,0.507,-9.289,0,0.165,0.0015,3.34e-06,0.0677,0.752,92.229,4,16,"alt_punk_rock",0.37
47148,"0FbZgT0gzFe6VCAZdhtFT5","Twisted Sister","Timeless Rock Hits","We're Not Gonna Take It",0,219666,FALSE,0.925,-6.298,1,0.0501,0.0129,0,0.162,0.923,149.188,4,16,"alt_punk_rock",0.62
47153,"5EWPGh7jbTNO2wakv8LjUI","Lynyrd Skynyrd","Pronounced' Leh-'Nerd 'Skin-'Nerd","Free Bird",77,547106,FALSE,0.834,-8.21,1,0.0577,0.0738,9.48e-05,0.0924,0.338,118.223,4,16,"alt_punk_rock",0.5
47154,"1bKQ48M9onID2kbSpRy8kK","Scorpions","Crazy World","Send Me An Angel",70,273333,FALSE,0.417,-11.587,1,0.0318,0.434,0.000622,0.211,0.166,80.87,3,16,"alt_punk_rock",0.53
47157,"4aYLAF6ckQ5ooGGGM7sWAa","Metallica","Metallica","The Unforgiven",74,386493,FALSE,0.584,-9.579,1,0.0254,0.0108,0.00296,0.253,0.244,139.261,4,16,"alt_punk_rock",0.56
47164,"2HegWuw33lBqopjopozt7N","Charlie Brown Jr.","Acústico (Ao Vivo)","O Preço - Ao Vivo",51,193933,FALSE,0.959,-5.853,0,0.154,0.0741,0.000243,0.764,0.522,82.771,4,16,"alt_punk_rock",0.6
47168,"2m2QV4YsDoVNQ9Y6THdSg4","Charlie Brown Jr.","Imunidade Musical","Aquela Paz",49,176960,FALSE,0.487,-9.29,1,0.0341,0.769,1e-04,0.181,0.693,123.897,5,16,"alt_punk_rock",0.62
47171,"0C80GCp0mMuBzLf3EAXqxv","AC/DC","Back In Black","Shoot to Thrill",73,317426,FALSE,0.904,-5.303,1,0.0747,0.000239,0.0879,0.396,0.48,141.038,4,16,"alt_punk_rock",0.72
47182,"6h2G7Qd4yuj2vB15K8K4L4","Styx","Best 70s Rock Tunes","First Time",0,265133,FALSE,0.386,-9.557,1,0.0335,0.286,0,0.126,0.156,77.882,4,16,"alt_punk_rock",0.59
47184,"3F8dSAI8l3euloq5a8EenB","Faith No More","Maintain Your Mojo","Epic",0,293933,FALSE,0.899,-7.069,0,0.134,0.0112,0.122,0.195,0.27,174.298,4,16,"alt_punk_rock",0.7
47191,"708Uixk0Tquy1ufCGgk3mJ","Matanza","A Arte do Insulto","Eu Não Gosto de Ninguém",49,231760,FALSE,0.951,-4.762,1,0.0556,2.99e-05,0,0.187,0.61,164.088,4,16,"alt_punk_rock",0.4
47192,"5z7GGdAezDWdJxBlAM4Hkf","Steppenwolf","On air 70's Hits","Hey Lawdy Mama - Single Version",0,178760,FALSE,0.831,-12.373,1,0.0615,0.0195,2.41e-05,0.0635,0.511,98.813,4,16,"alt_punk_rock",0.41
47194,"0SLjeqwh5iy8DZcaGNIaHJ","Faith No More","Timeless Rock Hits","King for a Day",1,395093,FALSE,0.871,-9.193,1,0.0351,0.00608,0.411,0.19,0.384,102.383,4,16,"alt_punk_rock",0.76
47210,"4DMKwE2E2iYDKY01C335Uw","Kansas","Leftoverture (Expanded Edition)","Carry on Wayward Son",76,323000,FALSE,0.786,-5.735,1,0.032,0.00321,8.88e-05,0.446,0.793,126.755,4,16,"alt_punk_rock",0.69
47232,"2VTgVKaabe96ezuyDW5ugq","Charlie Brown Jr.;RZO","Acústico (Ao Vivo)","A Banca (Ratatá É Bicho Solto) - Ao Vivo",47,240200,FALSE,0.898,-5.109,0,0.25,0.551,0,0.81,0.827,109.246,4,16,"alt_punk_rock",0.57
47233,"1w68dw4EgQy5aUgpBuZQVj","Charlie Brown Jr.","Acústico (Ao Vivo)","Quinta-Feira - Ao Vivo",47,317160,FALSE,0.834,-6.658,1,0.0632,0.142,0.00107,0.919,0.834,147.975,4,16,"alt_punk_rock",0.62
47239,"6u3HTPvOxhVWllNhu07vvA","38 Special","80s Bangers Vol. 2","Hold On Loosely",0,279754,FALSE,0.707,-5.65,1,0.0298,0.0101,8.16e-05,0.0851,0.831,127.222,4,16,"alt_punk_rock",0.52
47242,"2MzlgCHg6QlImyLeT38B5A","Billy Squier","Christmas Playlist 2022","Christmas Is The Time To Say ""I Love You""",0,174780,FALSE,0.687,-11.207,1,0.0462,0.234,0,0.874,0.72,104.315,4,16,"alt_punk_rock",0.66
47250,"5sqkarfxe7UejHTlCtHCLS","Fear, and Loathing in Las Vegas","Feeling of Unity","Let Me Hear",62,225546,FALSE,0.995,1.023,0,0.211,0.000145,2.5e-06,0.214,0.303,184.066,4,16,"alt_punk_rock",0.5
47259,"6FUwPb4mGlUDbx42uspXaZ","Metallica","Reload","Fuel",71,269800,TRUE,0.951,-3.777,1,0.0477,2.02e-05,0.0027,0.0314,0.589,106.946,4,16,"alt_punk_rock",0.62
47265,"06WUUNf7q18NZfjIsQFsfa","Slayer","Repentless","Delusions of Saviour",73,115413,FALSE,0.805,-8.969,1,0.037,0.000179,0.814,0.0849,0.25,168.165,4,16,"alt_punk_rock",0.6
47269,"5QTxFnGygVM4jFQiBovmRo","Blue Öyster Cult","Agents Of Fortune","(Don't Fear) The Reaper",76,308120,FALSE,0.927,-8.55,0,0.0733,0.0029,0.000208,0.297,0.385,141.466,4,16,"alt_punk_rock",0.64
47274,"2RaA6kIcvomt77qlIgGhCT","Judas Priest","British Steel","Breaking the Law",72,153840,FALSE,0.961,-5.664,1,0.0857,0.024,9.35e-06,0.159,0.491,164.019,4,16,"alt_punk_rock",0.52
47287,"1235OqEAiQvJp7jAmc96dN","Matanza","Música para Beber e Brigar","Bom É Quando Faz Mal",46,169106,FALSE,0.974,-2.371,1,0.0909,0.0184,0,0.351,0.588,167.999,4,16,"alt_punk_rock",0.68
47293,"0Qnr5TKNz4vlYwlSBhtv8y","White Zombie","Halloween Spooky Party 2022","I'm Your Boogieman - From ""The Crow: City Of Angels"" Soundtrack",0,267573,FALSE,0.985,-3.715,1,0.111,0.00113,0.0102,0.223,0.446,113.934,4,16,"alt_punk_rock",0.51
47299,"0VaMFkBz3QsRAuaek4jYR5","Raimundos","Acústico - Ao Vivo","Reggae do Manero - Ao Vivo | Acústico",46,325024,FALSE,0.809,-4.129,0,0.0611,0.178,1.62e-06,0.368,0.625,134.053,4,16,"alt_punk_rock",0.61
47303,"2JuasWPUodaUxf5nwNpciQ","Alice In Chains","Jar Of Flies","Nutshell",71,259200,FALSE,0.561,-10.059,0,0.0296,0.373,0.253,0.0775,0.159,136.136,3,16,"alt_punk_rock",0.51
47309,"2avaSeKHI5l4sLruVfLdi2","Survivor","Rocky IV","Burning Heart - From ""Rocky IV"" Soundtrack",65,230720,FALSE,0.665,-7.43,0,0.0269,0.221,7.91e-06,0.0403,0.647,97.996,4,16,"alt_punk_rock",0.66
47310,"1ju7EsSGvRybSNEsRvc7qY","Lynyrd Skynyrd","Pronounced' Leh-'Nerd 'Skin-'Nerd","Simple Man",74,356626,FALSE,0.752,-8.682,1,0.0449,0.0366,0.000119,0.129,0.403,120.471,4,16,"alt_punk_rock",0.61
47326,"6beFuzSjwhOKFZp2aqYDdY","Aerosmith","Get A Grip","Amazing",69,356160,FALSE,0.747,-5.434,1,0.037,0.0645,8.27e-05,0.431,0.278,139.454,4,16,"alt_punk_rock",0.65
47330,"6Nd6ntkzr4t8o1FKPGOSMt","Whitesnake","Whitesnake (2018 Remaster)","Here I Go Again - 2018 Remaster",69,275395,FALSE,0.823,-6.763,1,0.0407,0.0117,7.79e-05,0.155,0.244,89.939,4,16,"alt_punk_rock",0.56
47331,"7nemcVsXVFZF01iqpIIo2Y","AC/DC","High Voltage","It's a Long Way to the Top (If You Wanna Rock 'N' Roll)",72,301226,FALSE,0.863,-3.551,1,0.0894,0.133,0.0538,0.0553,0.532,135.962,4,16,"alt_punk_rock",0.61
47336,"32puFzyAEnxuSQNL9H8E4i","Manowar","Metal","Kings of Metal",0,223866,FALSE,0.881,-13.012,1,0.0356,0.000113,2.59e-05,0.147,0.692,132.128,4,16,"alt_punk_rock",0.69
47347,"4WJTKbNJQ41zXnb84jSWaj","Sepultura","Groove Metal Roots & Branches","Roots Bloody Roots",0,212253,FALSE,0.874,-6.664,1,0.123,0.000337,0.0419,0.311,0.265,120.167,4,16,"alt_punk_rock",0.5
47349,"67BMusU7lw2tEwR9mPiE5m","Anthrax;Public Enemy","Release Your ANGER","Bring The Noise",0,210493,FALSE,0.831,-7.86,1,0.159,0.000155,2.13e-06,0.117,0.281,121.05,4,16,"alt_punk_rock",0.47
47355,"5ctrWrTwgy5xLZA4OWgY5O","Scorpions","Love at First Sting","Still Loving You (2015 - Remaster)",30,388613,FALSE,0.597,-4.128,0,0.0311,0.158,0.00135,0.246,0.0746,103.29,4,16,"alt_punk_rock",0.54
47356,"1aXFBWnnPFRKUN7vuIA5h0","Metallica","Garage Inc.","Turn The Page",64,366466,FALSE,0.813,-3.963,1,0.0318,1.94e-05,0.022,0.0937,0.228,149.013,4,16,"alt_punk_rock",0.62
47358,"7txxAtOMwLLnQTpKeBL6bp","Danzig","Danzig","Mother",76,204866,TRUE,0.763,-9.45,0,0.0591,0.00726,0.000457,0.0865,0.342,148.366,4,16,"alt_punk_rock",0.55
47371,"2KKLuHN6zDxVnWtFKO8vo4","Iron Maiden","Fear of the Dark (2015 Remaster)","Wasting Love - 2015 Remaster",65,351026,FALSE,0.667,-5.373,0,0.0321,0.00562,3.56e-05,0.0873,0.29,142.503,4,16,"alt_punk_rock",0.67
47385,"3vN6KN471yverVBYT19MGA","Raimundos","Nana neném / Reggae do manêro","Reggae do manêro",43,289933,FALSE,0.59,-7.355,0,0.0879,0.0116,0.00174,0.0434,0.944,144.981,4,16,"alt_punk_rock",0.51
47393,"1287NimoHeJNaQ5a63Wjua","Pitty","Chiaroscuro","Fracasso",43,216453,FALSE,0.982,-3.362,0,0.0704,0.0311,2.8e-06,0.0973,0.487,141.875,4,16,"alt_punk_rock",0.59
47398,"0J4r8Vmq34tTWw0g0wanKP","Titãs","A Melhor Banda De Todos Os Tempos Da Última Semana","A Melhor Banda de Todos os Tempos da Última Semana",43,185466,FALSE,0.976,-3.24,1,0.0552,0.0224,0,0.145,0.941,165.812,4,16,"alt_punk_rock",0.69
47399,"2RXv7fZNLSP3X7xWiJ8e5n","Matanza","Música para Beber e Brigar","O Último Bar",42,187333,FALSE,0.974,-2.6,1,0.0486,0.00341,0,0.157,0.817,167.934,4,16,"alt_punk_rock",0.42
47410,"5YjKdeES9QRJ8NmF4Xc8pV","Heart","Brigade","All I Wanna Do Is Make Love To You",67,310893,FALSE,0.746,-8.832,1,0.0282,0.16,0,0.0618,0.8,102.896,4,16,"alt_punk_rock",0.56
47411,"2tAeN2TKlQLOoSPXtARzBV","Van Halen","Van Halen (Remastered)","Eruption - 2015 Remaster",65,102080,FALSE,0.689,-9.12,1,0.0555,0.469,0.813,0.337,0.5,93.798,4,16,"alt_punk_rock",0.38
47421,"0tKjVEJlX3IZ5L1rEJc5hh","Bad English","Bad English","When I See You Smile",65,257440,FALSE,0.609,-9.902,1,0.0339,0.42,0,0.187,0.33,135.671,4,16,"alt_punk_rock",0.66
47431,"2zqTyUvQndFS1HpMd51pn0","Böhse Onkelz","Viva los Tioz","Weit weg",40,320066,FALSE,0.676,-6.345,0,0.0408,0.0495,2.82e-06,0.0676,0.28,115.906,4,16,"alt_punk_rock",0.57
47432,"0NWPxcsf5vdjdiFUI8NgkP","Jimi Hendrix","Are You Experienced","Hey Joe",70,210160,FALSE,0.768,-5.695,1,0.0377,0.00603,0.38,0.0244,0.532,169.492,4,16,"alt_punk_rock",0.67
47438,"4Kf80JwKZcrHE0jJQKuH0e","The Dead Milkmen","Death Rides A Pale Cow: The Ultimate Collection","Dean's Dream",43,107866,FALSE,0.921,-5.758,0,0.0415,0.00809,4.45e-06,0.16,0.849,110.589,4,16,"alt_punk_rock",0.68
47443,"1jU7sUPTdYEzAvrFn6po5l","BBS Paranoicos","Antídoto","La Rabia",42,173093,TRUE,0.894,-4.587,0,0.0706,0.0204,0,0.138,0.46,167.321,4,16,"alt_punk_rock",0.32
47446,"0VYLCqCYrLo2aZ1mcdVDjH","Planet Hemp","Usuário","Não Compre, Plante!",42,251493,FALSE,0.78,-8.433,1,0.0507,0.0195,0.0334,0.186,0.656,112.68,4,16,"alt_punk_rock",0.41
47455,"1aZLIbKEdsyqxyD6iNcrbA","Def Leppard","Hysteria","Pour Some Sugar On Me",65,267306,FALSE,0.953,-4.899,0,0.096,0.00211,0,0.283,0.568,84.989,4,16,"alt_punk_rock",0.67
47466,"0RO9W1xJoUEpq5MEelddFb","Led Zeppelin","Led Zeppelin IV (Remaster)","Stairway to Heaven - Remaster",61,482830,FALSE,0.34,-12.049,0,0.0339,0.58,0.0032,0.116,0.197,82.433,4,16,"alt_punk_rock",0.56
47469,"56k2ztFw7hQRzDeoe80pJo","Ghost","Seven Inches Of Satanic Panic","Kiss The Go-Goat",71,195693,FALSE,0.851,-4.147,1,0.0547,0.000213,7.86e-06,0.154,0.549,130.053,4,16,"alt_punk_rock",0.47
47471,"2o4u19nlQWOGg5mLanT7Pg","KISS","Hot In The Shade","Forever",64,232640,FALSE,0.666,-10.596,1,0.031,0.254,1.4e-05,0.0541,0.566,176.431,4,16,"alt_punk_rock",0.6
47472,"6gQUbFwwdYXlKdmqRoWKJe","Aerosmith","Permanent Vacation","Dude (Looks Like A Lady)",71,265773,FALSE,0.982,-2.962,0,0.0458,0.435,3.37e-05,0.0457,0.91,126.294,4,16,"alt_punk_rock",0.59
47477,"1TAwDeEPPPLQNSFwUhHvaH","Pitty","Agora Só Falta Você - Single","Agora Só Falta Você",40,224160,FALSE,0.866,-5.74,1,0.0478,0.0215,0,0.0685,0.756,128.028,4,16,"alt_punk_rock",0.4
47478,"5F38bWepavLdPnAP0s22Xo","Los Prisioneros","Ni Por La Razón, Ni Por La Fuerza (Edición Especial)","We Are Sudamerican Rockers",40,215226,FALSE,0.589,-9.859,1,0.212,0.184,0,0.103,0.962,141.462,4,16,"alt_punk_rock",0.59
47483,"5u5F7qLDvZjBSktaDp4HxB","AC/DC","The Razors Edge","Moneytalks",67,225946,FALSE,0.903,-3.677,1,0.0318,0.000841,0.000351,0.122,0.412,121.841,4,16,"alt_punk_rock",0.5
47489,"4hXfkCgImL8rhqlppBrDPj","Charlie Brown Jr.","Chegou Quem Faltava - Volume 2 (Ao Vivo)","Não é Sério - Ao Vivo - Chegou Quem Faltava",40,257604,FALSE,0.835,-6.628,1,0.0422,0.128,1.36e-06,0.856,0.338,99.978,4,16,"alt_punk_rock",0.3
47494,"1m1yOOUMSoObnB13xhtXFx","Rosa Tattooada","Rosa Tattooada","O Inferno Vai Ter Que Esperar",39,179333,FALSE,0.505,-13.043,1,0.0337,0.109,1.58e-06,0.109,0.474,146.206,4,16,"alt_punk_rock",0.41
47506,"5gZvCXCk93m6PE2kWJIV0s","Charlie Brown Jr.","Ritmo, Ritual E Responsa","Beco Sem Saída",39,237240,FALSE,0.538,-11.22,1,0.0287,0.129,0.000108,0.131,0.421,151.056,4,16,"alt_punk_rock",0.6
47512,"2hngAqZosbB3oYHYzsbtM9","Mr. Big","Lean Into It (30th Anniversary Edition)","Just Take My Heart - 2021 Remastered",51,263840,FALSE,0.282,-13.072,1,0.04,0.496,0,0.116,0.18,169.647,4,16,"alt_punk_rock",0.81
47523,"4ItljeeAXtHsnsnnQojaO2","Led Zeppelin","Houses of the Holy (Deluxe Edition)","D'yer Mak'er - Remaster",66,262748,FALSE,0.929,-8.56,0,0.0784,0.262,2.9e-05,0.0754,0.556,163.503,4,16,"alt_punk_rock",0.56
47526,"17lu4tymfnhmcIDlzBbtAb","AC/DC","For Those About to Rock (We Salute You)","For Those About to Rock (We Salute You)",67,344240,FALSE,0.919,-5.721,1,0.102,0.000376,0.419,0.49,0.471,134.021,4,16,"alt_punk_rock",0.56
47542,"3enLmvppgGgo2AGl5whW0m","Matanza","Odiosa Natureza Humana","Em Respeito Ao Vício",39,163600,FALSE,0.998,-3.384,0,0.173,0.00108,2.18e-06,0.252,0.149,171.075,4,16,"alt_punk_rock",0.49
47546,"7ejyUCWw9t9AbeOrCj5p7t","Matanza","Pior Cenário Possível","O Que Está Feito, Está Feito",39,160626,FALSE,0.979,-5.348,0,0.0551,0.00148,1.41e-05,0.0818,0.686,135.898,4,16,"alt_punk_rock",0.55
47552,"6w2q9iV3oJAjcN8cPKNT4a","Gotthard","Homerun","Heaven",46,273533,FALSE,0.683,-6.602,1,0.0317,0.124,0,0.138,0.312,147.995,4,16,"alt_punk_rock",0.6
47556,"1pTw2cNrp9L3esxLAvWnN2","Journey","Frontiers","Separate Ways (Worlds Apart)",62,323666,FALSE,0.943,-5.626,1,0.0576,0.0189,4.51e-06,0.216,0.453,131.536,4,16,"alt_punk_rock",0.73
47561,"5S1TBgi9opW9tmK7aXaZyq","Europe","The Final Countdown (Remixed)","The Final Countdown - Remixed",50,297797,FALSE,0.897,-5.19,0,0.0518,0.0117,0.00391,0.284,0.555,119.084,4,16,"alt_punk_rock",0.54
47573,"3c7Doe67vpPgqUo2uRFyVO","Yngwie Malmsteen","Nordic Metal","Leviathan",0,266040,FALSE,0.938,-8.08,1,0.121,0.0101,0.785,0.554,0.162,109.835,3,16,"alt_punk_rock",0.42
47578,"75KyB8zFgkkfwOWr3wz2y0","Los Prisioneros","La Cultura De La Basura","Maldito Sudaca",39,136373,FALSE,0.869,-7.556,0,0.0519,0.1,6.21e-06,0.172,0.651,158.127,4,16,"alt_punk_rock",0.68
47579,"5wzb9UzNX65XOSrL5hZNrv","Titãs","Volume 02","Insensível",39,207733,FALSE,0.712,-5.354,1,0.0273,0.0638,0,0.177,0.923,120.222,4,16,"alt_punk_rock",0.53
47599,"7ikJw7nFIbtKlRx97TZ2aB","Raimundos","Acústico - Ao Vivo","O Pão da Minha Prima / Monkey Man - Ao Vivo | Acústico",38,191501,TRUE,0.928,-3.631,1,0.039,0.169,0,0.761,0.723,134.748,4,16,"alt_punk_rock",0.61
47605,"4j7GkwzZTidryYlrgvzY6u","Scorpions","Love at First Sting","Big City Nights (2015 - Remaster)",25,249146,FALSE,0.936,-3.031,0,0.069,0.000636,0.0025,0.0658,0.662,137.627,4,16,"alt_punk_rock",0.57
47622,"2V8KvnD5LVeeDChMWEkSzC","Poison","Open Up And Say...Ahh! (20th Anniversary Edition)","Nothin' But A Good Time - Remastered 2006",69,224866,FALSE,0.974,-2.785,1,0.0828,0.0202,0,0.348,0.531,129.088,4,16,"alt_punk_rock",0.55
47623,"1nmZ8yqKkfooOuYvtFctDp","Asia","Asia","Heat Of The Moment",72,227893,FALSE,0.86,-7.371,1,0.0534,0.204,0.000146,0.369,0.541,136.265,4,16,"alt_punk_rock",0.35
47632,"1LQbFNBd3y03RsPKR9U8vE","Charlie Brown Jr.","A Arte De Charlie Brown Jr.","Lugar Ao Sol",38,214400,FALSE,0.784,-5.809,1,0.0311,0.0197,0.0638,0.375,0.286,141.306,4,16,"alt_punk_rock",0.53
47633,"3qxOR4Y5Qx3b4eC0b0owe1","Pitty","Matriz","Bicho Solto",37,166684,FALSE,0.611,-7.117,0,0.0342,0.867,0.000111,0.324,0.748,123.508,4,16,"alt_punk_rock",0.57
47634,"5nQ7ULdDyfeZUO2R441Mwm","Pitty","Admirável Chip Novo","I Wanna Be",37,152773,FALSE,0.954,-4.255,0,0.0467,0.00216,0,0.31,0.961,174.061,4,16,"alt_punk_rock",0.54
47637,"3k0ZOkB5j9mlrkxsbTd7Z0","Böhse Onkelz","Ein böses Märchen aus tausend finsteren Nächten","Danke",37,203160,FALSE,0.905,-4.255,1,0.0452,4.27e-05,1.07e-06,0.0687,0.497,164.934,4,16,"alt_punk_rock",0.68
47643,"1TOprloGF8uqaxQH0euVj8","Chico Science;Nação Zumbi","Da Lama Ao Caos","Risoflora",39,248306,FALSE,0.802,-8.624,1,0.0395,5.42e-05,0.00453,0.186,0.566,103.333,4,16,"alt_punk_rock",0.52
47653,"6hu1f1cXSw7OAqhpSQ2zDy","Led Zeppelin","Led Zeppelin","Dazed and Confused - 1990 Remaster",63,386373,FALSE,0.553,-9.526,1,0.0472,0.044,0.0096,0.0999,0.433,86.762,3,16,"alt_punk_rock",0.64
47656,"6hpPAOftKbe1YghyTtJuCq","Extreme","Extreme","Play With Me",59,211440,FALSE,0.868,-8.89,1,0.0548,0.00586,0.00139,0.111,0.273,101.346,4,16,"alt_punk_rock",0.64
47663,"4vO9dmzNRqDhFY3jD1a3P7","Mountain","Climbing!","Mississippi Queen",71,151293,FALSE,0.624,-8.346,1,0.0777,0.0987,0,0.0411,0.637,139.714,4,16,"alt_punk_rock",0.79
47664,"7yDrKl1J4VWNbR4aLU3qJ7","KISS","Creatures Of The Night","I Love It Loud",64,255426,FALSE,0.897,-6.406,0,0.0538,0.000402,1.85e-06,0.0809,0.263,170.916,4,16,"alt_punk_rock",0.45
47666,"0HSqXHUdHUbDjWxYIClohv","Judas Priest","Angel Of Retribution","Angel",55,264200,FALSE,0.441,-7.86,0,0.0243,0.014,0,0.11,0.204,83.998,4,16,"alt_punk_rock",0.32
47670,"5hVepr5CHiTGtJY5bP4i5n","Scorpions","Comeblack","No One Like You",61,246533,FALSE,0.928,-4.38,0,0.0481,0.014,0.000113,0.151,0.625,115.999,4,16,"alt_punk_rock",0.55
47672,"6FRwDxXsvSasw0y2eDArsz","Cream","Disraeli Gears","Sunshine Of Your Love",60,250000,FALSE,0.481,-12.59,1,0.0384,0.475,6.57e-05,0.118,0.784,115.078,4,16,"alt_punk_rock",0.58
47680,"6pkRLVS9TJKKFzEyZI7QFv","Dead Fish","Ponto Cego","Sombras da Caverna",36,173720,FALSE,0.947,-4.966,0,0.0531,5.42e-05,5.74e-06,0.185,0.454,133.005,4,16,"alt_punk_rock",0.58
47707,"5LK19eRCqoKuRSVuUEhEKh","Sebastian Bach","Angel Down","By Your Side",50,327533,TRUE,0.605,-7.417,0,0.0319,0.0512,0,0.0563,0.0779,143.099,4,16,"alt_punk_rock",0.71
47710,"5QRs63VVKNaqUjg6XSSckM","Cinderella","Long Cold Winter","Don't Know What You Got (Till It's Gone)",62,354640,FALSE,0.535,-9.939,1,0.0289,0.238,0.00045,0.0533,0.232,132.445,4,16,"alt_punk_rock",0.55
47712,"5ohfpKB5tt275f4Y4lQ9F7","Slayer","Reign In Blood (Expanded)","Angel Of Death",60,291773,FALSE,0.995,-4.38,1,0.147,9.41e-05,0.386,0.145,0.092,105.459,4,16,"alt_punk_rock",0.83
47716,"2M5WTwqnkyz7bW6P1CiD6q","Pantera","Far Beyond Driven","I'm Broken",65,264800,TRUE,0.878,-6.352,1,0.0553,0.000594,0.559,0.139,0.666,147.385,4,16,"alt_punk_rock",0.7
47727,"1ynmMEK1fkyiZ6Z6F3ThEt","The J. Geils Band","Freeze Frame","Centerfold",74,216533,FALSE,0.677,-12.244,1,0.0396,0.249,0,0.403,0.888,114.37,4,16,"alt_punk_rock",0.58
47730,"6cLVxeHljKgjD1mQ75QKhp","Pitty","Tempo de Brincar","Tempo de Brincar",36,166683,FALSE,0.768,-7.065,0,0.0385,8.8e-05,0.00122,0.113,0.659,82.132,4,16,"alt_punk_rock",0.63
47734,"2EwAQojIfM9035W96T9AG3","Charlie Brown Jr.","De 1997 A 2007","Tamo Ai Na Atividade",36,219794,FALSE,0.836,-4.673,0,0.121,0.00265,0,0.0836,0.777,167.015,4,16,"alt_punk_rock",0.54
47736,"5jpa728whg467H6X9BpdUV","Böhse Onkelz","Böhse Onkelz","Der Hund den keiner will",36,210279,FALSE,0.752,-6.537,0,0.0499,0.0359,3.74e-05,0.163,0.535,160.12,4,16,"alt_punk_rock",0.64
47739,"5AbtfzFvaTP1iQfIQMN3AF","Hanoi Rocks","Two Steps From The Move","Don't You Ever Leave Me",36,246333,FALSE,0.919,-4.404,1,0.049,0.0215,0.000281,0.21,0.522,107.919,4,16,"alt_punk_rock",0.61
47744,"79sAKlbEzoucUZEVb2Ykf2","Charlie Brown Jr.","Imunidade Musical","Abrir Seus Olhos",36,118133,FALSE,0.979,-3.057,1,0.0625,0.002,0.00155,0.131,0.863,181.265,4,16,"alt_punk_rock",0.5
47753,"2ccUQnjjNWT0rsNnsBpsCA","Cheap Trick","Heaven Tonight","Surrender",69,253733,FALSE,0.955,-7.081,1,0.0411,0.00717,8.77e-06,0.659,0.869,133.849,4,16,"alt_punk_rock",0.48
47755,"3J9NEWkd9Cx1MwSSvDySkL","Europe","The Final Countdown (Expanded Edition)","Rock the Night",62,247306,FALSE,0.931,-5.78,0,0.0503,0.0429,0,0.375,0.4,105.37,4,16,"alt_punk_rock",0.63
47757,"5j3iBuHq6vv7VcBo4Y2QrK","Ghost","Meliora","Cirice",63,362093,FALSE,0.798,-5.658,1,0.0279,0.00254,1.5e-05,0.171,0.284,89.987,4,16,"alt_punk_rock",0.6
47759,"4alHo6RGd0D3OUbTPExTHN","The Cars","The Cars","Just What I Needed",71,225626,FALSE,0.579,-9.307,1,0.0473,0.0152,6.4e-05,0.0858,0.69,127.224,4,16,"alt_punk_rock",0.58
47766,"6Wn3pdFtAcnYJyJVITwt7N","AC/DC","Highway to Hell","Girls Got Rhythm",61,203293,FALSE,0.979,-4.267,0,0.156,0.0513,0.00102,0.358,0.535,137.794,4,16,"alt_punk_rock",0.49
47774,"2LQbBzrXkgQHnCDUmHjReH","Airbourne","Runnin' Wild (Special Edition)","Too Much, Too Young, Too Fast",65,226706,FALSE,0.873,-4.011,1,0.0518,0.00122,0.00122,0.225,0.398,114.03,4,16,"alt_punk_rock",0.47
47784,"7ckgU4Hcj9urCh2bTO8Ct8","Los Prisioneros","Pateando Piedras","Por Favor",36,212360,FALSE,0.438,-13.494,0,0.0346,0.137,0.000785,0.0893,0.558,109.271,4,16,"alt_punk_rock",0.53
47790,"3XzAKoTEjmVCZLi118Yfyu","Los Prisioneros","Pateando Piedras","Estar Solo",36,273973,FALSE,0.522,-14.554,0,0.0384,0.439,0.339,0.119,0.971,122.712,4,16,"alt_punk_rock",0.55
47797,"0EfdF8WWM6tSCM9V04fnKv","Charlie Brown Jr.","Transpiração Continua Prolongada","Charlie Brown Jr.",36,191982,FALSE,0.953,-3.128,1,0.149,0.038,0,0.0586,0.633,108.243,4,16,"alt_punk_rock",0.58
47806,"4yhzZ9ESp4UwnJqImyMR3A","Ghost","[MESSAGE FROM THE CLERGY]","Mary On A Cross - slowed + reverb",61,274783,FALSE,0.838,-5.756,0,0.0433,9.42e-05,0.196,0.0896,0.259,115.812,4,16,"alt_punk_rock",0.33
47807,"4qjscZh4jfhkpcQG4ZQfi2","Def Leppard","Hysteria","Animal",64,244560,FALSE,0.921,-5.215,1,0.0468,0.00153,0.0178,0.188,0.613,119.526,4,16,"alt_punk_rock",0.33
47812,"1wmaAfrbe1JLiyt7SpZeQU","Jon Bon Jovi","Blaze Of Glory","Santa Fe",56,341666,FALSE,0.507,-9.693,0,0.0295,0.126,0,0.0457,0.299,140.106,4,16,"alt_punk_rock",0.63
47817,"3Rtv6zRNKpeSygXoaF9kCm","Judas Priest","Stained Class","Beyond the Realms of Death",56,409800,FALSE,0.716,-5.653,0,0.0311,0.0381,3.24e-05,0.164,0.544,172.123,4,16,"alt_punk_rock",0.62
47827,"7cmghYOaklEOiHB3mzjkjY","Vandenberg","2020","Freight Train",35,225777,FALSE,0.921,-4.483,0,0.047,9.64e-05,0.413,0.0867,0.562,128.974,4,16,"alt_punk_rock",0.71
47849,"2j2u2a3oGURxcVZpMHxTLy","Raimundos","Acústico - Ao Vivo","Nega Jurema - Ao Vivo | Acústico",36,130804,FALSE,0.975,-4.311,1,0.0494,0.234,5.25e-06,0.169,0.856,98.983,4,16,"alt_punk_rock",0.73
47865,"1fzw0qGcB6xs4IBXhdfAkj","Stone Temple Pilots","Perdida","Fare Thee Well",51,261880,FALSE,0.371,-8.709,1,0.0272,0.547,0.0154,0.0921,0.196,66.853,4,16,"alt_punk_rock",0.31
47872,"2O7UGwJPVlix15Wn4sa5vw","Metallica","Ride The Lightning (Deluxe / Remastered)","Ride The Lightning - Remastered",60,396986,FALSE,0.975,-6.128,1,0.175,6.07e-05,0.1,0.222,0.276,149.312,4,16,"alt_punk_rock",0.52
47884,"2UwYV9ckcBRZUJ7owav1ci","Charlie Brown Jr.","Preço Curto, Prazo Longo","333",35,148133,FALSE,0.946,-2.395,1,0.066,0.103,0,0.358,0.692,124.014,4,16,"alt_punk_rock",0.48
47890,"2orHZk9EQ3sxtXe86DJEuw","Charlie Brown Jr.","Imunidade Musical","Green Goes",35,279800,FALSE,0.79,-5.638,0,0.128,0.427,1.92e-06,0.136,0.79,95,4,16,"alt_punk_rock",0.39
47896,"3xxpq4kIrueRTzvZYHDlRh","Made In Brazil","Jack, Estripador / Minha Vida É Rock 'N' Roll","Minha Vida E Rock 'N' Roll",34,173733,FALSE,0.765,-9.557,1,0.0438,0.081,2.02e-05,0.371,0.91,121.782,4,16,"alt_punk_rock",0.58
47922,"7r4WElntGwUCc6rQCnnfPH","Charlie Brown Jr.","Nao Viva Em Vao","Não Viva Em Vão - Versão Acústica",34,180600,FALSE,0.518,-15.054,1,0.0358,0.286,0.000232,0.271,0.729,90.048,4,16,"alt_punk_rock",0.43
47926,"56EPijQ6H0sUMuRKbaIRfG","Charlie Brown Jr.","Chegou Quem Faltava - Versão do Chorão (Ao Vivo)","Me Encontra - Ao Vivo - Chegou Quem Faltava",34,189901,FALSE,0.969,-4.948,0,0.16,0.000119,0.00669,0.85,0.429,99.117,4,16,"alt_punk_rock",0.62
47929,"55StmbuyP1BpcMeQHoERxE","Charlie Brown Jr.","Chegou Quem Faltava - Versão do Chorão (Ao Vivo)","Pontes Indestrutíveis - Ao Vivo - Chegou Quem Faltava",35,179071,FALSE,0.883,-6.437,1,0.107,0.00547,0.00652,0.422,0.271,93.061,4,16,"alt_punk_rock",0.59
47930,"60kX85bvmuc0iAYM6ULufL","Pitty","Matriz","Submersa",34,246121,FALSE,0.866,-5.323,0,0.0362,0.00126,1.44e-05,0.132,0.202,120.022,4,16,"alt_punk_rock",0.52
47944,"2uJX5IvgQ95pabLdVXz7oK","Charlie Brown Jr.","Imunidade Musical","Onde Esta O Mundo Bom? (Living L.A.)",34,143800,FALSE,0.992,-3.154,0,0.0589,0.0209,0.000511,0.29,0.666,112.11,4,16,"alt_punk_rock",0.57
47949,"2BBUgaDkXFmQS7xMEr9r5w","Raimundos;Fred Castro","Acústico - Ao Vivo","Selim - Ao Vivo | Acústico",35,290112,TRUE,0.74,-3.878,1,0.0313,0.417,5.23e-06,0.914,0.357,111.542,4,16,"alt_punk_rock",0.66
47951,"4IJqIAfQHT8BDvtRAcU0Ht","Lillian Axe","Deep Red Shadows","The Day I Met You",41,202680,FALSE,0.291,-8.436,1,0.0264,0.717,0,0.11,0.183,104.973,3,16,"alt_punk_rock",0.61
47958,"0WTmEwS0UwTd3ySVEZwLAJ","Medulla","Medulla","Perigo",34,221952,FALSE,0.738,-6.051,0,0.0425,0.187,4.93e-05,0.185,0.368,121.941,4,16,"alt_punk_rock",0.81
47962,"1diuZVsxD74xvtUSABRUoF","Iron Maiden","Brave New World (2015 Remaster)","The Wicker Man - 2015 Remaster",59,275253,FALSE,0.98,-4.33,0,0.154,0.000855,5.72e-06,0.129,0.296,101.502,4,16,"alt_punk_rock",0.55
47964,"2L42uB1e5wuanTTPEWVe64","Iron Maiden","Senjutsu","Days Of Future Past",55,243754,FALSE,0.92,-4.738,0,0.0409,0.000576,5.5e-05,0.123,0.476,92.466,4,16,"alt_punk_rock",0.7
47977,"6LABUfTDRKb5QGZNgWrDq0","Fun People","Reel Around the Fountain","Reel Around the Fountain",35,314802,FALSE,0.652,-6.839,1,0.0331,0.00261,0.00304,0.139,0.624,127.902,4,16,"alt_punk_rock",0.59
47978,"3CLYqhN4ZmilUp1OFxzWDM","Titãs","Volume 02","Sonífera ilha",34,176560,FALSE,0.809,-7.782,0,0.029,0.294,6.65e-06,0.0378,0.937,146.627,4,16,"alt_punk_rock",0.55
47984,"6ueir0XpyQQqNZpOhxjwyI","Charlie Brown Jr.","Chegou Quem Faltava - Versão do Chorão (Ao Vivo)","Rock Star - Ao Vivo - Chegou Quem Faltava",34,180313,FALSE,0.981,-5.019,1,0.139,0.000375,0.000285,0.86,0.382,81.199,4,16,"alt_punk_rock",0.75
47997,"78kMjErqk7wbeXGNaggFUf","Matanza","Música para Beber e Brigar","Quando Bebe Desse Jeito",34,191373,FALSE,0.995,-3.155,1,0.136,0.0406,1.01e-06,0.548,0.686,188.931,4,16,"alt_punk_rock",0.62
48011,"56T8rWR6szMJ22n5bv8DXo","N.W.A.","The Best 90s Hip Hop Hits","Niggaz 4 Life",2,298906,TRUE,0.858,-6.089,0,0.245,0.0633,1.91e-06,0.565,0.529,93.112,4,15,"underground_heavy_hybrid",0.65
48012,"6CGlJEQW50xbxVWq1Kn0PU","Mase;Total","Gangsta Love","What You Want",0,242946,TRUE,0.72,-6.593,0,0.384,0.0314,1.16e-05,0.422,0.846,93.761,4,15,"underground_heavy_hybrid",0.55
48013,"6Pzm6HXxN0cwfCWM7kngXL","The Notorious B.I.G.","Rap Homage","Hypnotize",0,230000,TRUE,0.694,-4.384,1,0.275,0.176,0,0.292,0.632,93.94,4,15,"underground_heavy_hybrid",0.9
48035,"0klYM8Q5GK4ygCJzukdsi3","Misfits","Pumpkin Patch Hits","Halloween",0,112426,FALSE,0.937,-9.01,1,0.0758,0.0172,0,0.271,0.0957,108.729,4,15,"underground_heavy_hybrid",0.37
48040,"41cQE0wfKFnNV9dteynr92","Los Prisioneros","Modo trabajación","Estrechez De Corazón",0,383573,FALSE,0.742,-8.08,1,0.034,0.00151,4.04e-06,0.15,0.46,130.271,4,15,"underground_heavy_hybrid",0.6
48043,"48b3btPS19LeSIgOsA8q2c","Misfits","Halloween Spooky Party 2022","Halloween - Master Sound Productions 1980",0,106666,FALSE,0.845,-12.182,1,0.0415,0.572,0.144,0.115,0.202,113.794,3,15,"underground_heavy_hybrid",0.62
48051,"6Tsu3OsuMz4KEGKbOYd6A0","The Notorious B.I.G.","Greatest Hits","Hypnotize - 2007 Remaster",72,230000,TRUE,0.694,-4.384,1,0.275,0.176,0,0.292,0.632,93.944,4,15,"underground_heavy_hybrid",0.57
48053,"63BcfK6YAzJYeISaTPr6IO","The Notorious B.I.G.","Greatest Hits","Big Poppa - 2007 Remaster",72,249866,TRUE,0.671,-5.249,0,0.278,0.344,0,0.0506,0.798,84.5,4,15,"underground_heavy_hybrid",0.48
48078,"5qVF2rEf75oPrZHhmZmDKk","Delinquent Habits","Merry Go Round","Return Of The Tres",60,254640,TRUE,0.808,-6.843,1,0.0865,0.000101,0.000976,0.0893,0.539,100.578,4,15,"underground_heavy_hybrid",0.74
48081,"5fr4xVMb7UsHsMOUXvLr2I","Das EFX;Pete Rock","Rap Classics","Real Hip-Hop - Pete Rock Remix",0,260933,FALSE,0.869,-5.84,0,0.319,0.121,0,0.104,0.837,93.08,4,15,"underground_heavy_hybrid",0.72
48085,"3UIx2TTrnyoFkE2jVAzFTN","For Revenge","Second Chance","Lentera",43,243853,FALSE,0.935,-4.662,1,0.0835,0.0673,0.108,0.113,0.335,149.998,4,15,"underground_heavy_hybrid",0.75
48087,"30jlxG2YSuMK1CCmp1XSMl","Run–D.M.C.","Le monde de demain (Bande originale de la série)","Proud to Be Black",5,195893,FALSE,0.734,-9.165,1,0.463,0.00823,0,0.242,0.909,170.065,4,15,"underground_heavy_hybrid",0.7
48090,"7tNzd03v3T5aU7P1UpeuYF","DJ Isaac;D-Block & S-te-Fan","Harder Tunes Forever - 100% the Best in Hardstyle and Hardcore","Slave to the Rave",0,222400,FALSE,0.886,-3.689,0,0.136,0.0278,1e-05,0.148,0.175,150.081,4,15,"underground_heavy_hybrid",0.55
48138,"5s6WIBsDKXqs95HMpjVmpq","For Revenge","Perayaan Patah Hati - Babak 1","Derana",42,216500,FALSE,0.929,-5.019,1,0.0701,0.00337,0.0172,0.0939,0.438,90.026,4,15,"underground_heavy_hybrid",0.69
48149,"25R7pmPXYolhIjm72WtJjy","Dead Kennedys","Post Punk Rules","Holiday in Cambodia - Single Version",42,226640,TRUE,0.924,-5.342,1,0.0726,0.00416,0.00091,0.0716,0.486,197.706,4,15,"underground_heavy_hybrid",0.57
48161,"1ozdRCYFVt8Ui0dba1520D","The Notorious B.I.G.;Bone Thugs-N-Harmony","Greatest Hits","Notorious Thugs (feat. Bone Thugs-n-Harmony) - 2007 Remaster",60,367226,TRUE,0.782,-6.315,0,0.169,0.143,6.4e-06,0.176,0.654,154.875,4,15,"underground_heavy_hybrid",0.77
48165,"67eqrRkxp2ED26CEqvqbDv","The Alchemist;Action Bronson","The Food Villain","I Hate Everything (feat. Action Bronson)",64,82133,TRUE,0.6,-9.632,0,0.338,0.451,0.00043,0.357,0.337,153.022,4,15,"underground_heavy_hybrid",0.59
48171,"3FWTGnS0F6wm2HhIkI8rVW","Big L;2Pac","The Big Picture","Deadly Combination (feat. 2Pac)",28,152373,TRUE,0.513,-10.029,1,0.305,0.0924,0,0.267,0.628,91.477,4,15,"underground_heavy_hybrid",0.56
48180,"41xjpZkiLz8nF6REpYCgHw","Dj Promo","Boox","Boox",37,68390,FALSE,0.518,-10.613,1,0.0985,0.0433,0.968,0.129,0.94,164.948,4,15,"underground_heavy_hybrid",0.71
48193,"4cJ0kksEFRaZPo0V7l0aXP","Del The Funky Homosapien","The Hip Hop Collection","Mistadobalina",0,257333,FALSE,0.746,-8.62,0,0.113,0.0931,1.18e-05,0.306,0.628,99.602,4,15,"underground_heavy_hybrid",0.63
48198,"0AUf5eIgz3Lxww4BRzhM4J","Machuca","Viva MacHuca","Al Patibulo",39,175266,FALSE,0.907,-4.677,1,0.0545,1.47e-06,0,0.128,0.503,149.14,4,15,"underground_heavy_hybrid",0.65
48208,"2AYTGaclgKXACh13nJRVcV","Fat Joe;Remy Ma;JAY-Z;French Montana;InfaRed","All The Way Up (Remix) (feat. French Montana & Infared) - Single","All The Way Up (Remix)",60,284830,TRUE,0.717,-6.403,0,0.397,0.097,0,0.493,0.423,117.489,5,15,"underground_heavy_hybrid",0.71
48218,"1RjU7UhRICmdFPKxCucLgq","Mobb Deep","Hell On Earth","Hell on Earth (Front Lines)",66,274093,TRUE,0.658,-3.641,1,0.359,0.275,0,0.122,0.661,92.038,4,15,"underground_heavy_hybrid",0.41
48225,"55z0yEsG9giLqLI31XmGSW","Los Prisioneros","La Cultura De La Basura","Cuando Te Vayas",39,291160,FALSE,0.747,-10.249,0,0.0469,0.0112,0.000339,0.0954,0.439,144.575,4,15,"underground_heavy_hybrid",0.56
48230,"12ta5VCfFyp4KmOoLcf09W","Thug Life","The Best 90s Hip Hop Hits","Stay True",0,189520,TRUE,0.746,-6.984,0,0.129,0.239,0,0.118,0.608,104.099,4,15,"underground_heavy_hybrid",0.56
48242,"5FkEhuXoU6xk7x6xtmkG1z","PartyfrieX;DJ Carlo","Partyfreak","Leef Voor `t Weekend",36,191066,FALSE,0.964,-6.676,1,0.134,0.153,0.00154,0.374,0.825,150.16,4,15,"underground_heavy_hybrid",0.38
48247,"4SRjOgmXYobXI6YUXH29IJ","Seringai","Taring","Program Party Seringai",38,249786,FALSE,0.8,-5.433,1,0.106,0.0059,2.12e-06,0.667,0.37,94.991,4,15,"underground_heavy_hybrid",0.83
48265,"6JGgZq7gwoW8TxMZOQCqSk","Burgerkill;Ahmad Dhani","Elang","Elang",37,252631,FALSE,0.819,-12.636,0,0.0504,0.000803,0.62,0.277,0.475,95.007,4,15,"underground_heavy_hybrid",0.56
48267,"24vNw0Z0srb4zYXwrakw8E","Wu-Tang Clan;RZA;Inspectah Deck;Method Man","Enter The Wu-Tang (36 Chambers) [Expanded Edition]","Wu-Tang Clan Ain't Nuthing ta F' Wit (feat. RZA, Inspectah Deck & Method Man)",66,216133,TRUE,0.566,-10.747,0,0.311,0.199,0,0.356,0.655,99.131,4,15,"underground_heavy_hybrid",0.38
48284,"2AwbeqZqcTrZguAw6H2yrY","De Doelleazen;Marcel Smit","Skijt Oan De Rest","Myn Alde Puch",36,193371,FALSE,0.948,-3.816,0,0.0472,0.0586,9.43e-06,0.338,0.663,175.037,4,15,"underground_heavy_hybrid",0.72
48293,"19BMNNjQ3Ou1H9xKtUTmo5","Gramofocas","Sempre que eu fico feliz eu bebo","Sempre Que Eu Fico Feliz Eu Bebo",36,125976,TRUE,0.917,-2.215,1,0.0519,0.000828,1.29e-06,0.108,0.705,140.187,4,15,"underground_heavy_hybrid",0.77
48308,"2CPturRUlpvirYr7VpkXCV","Nas","Illmatic","It Ain't Hard to Tell",65,202106,TRUE,0.729,-5.819,0,0.221,1.7e-05,0.0431,0.152,0.357,91.376,4,15,"underground_heavy_hybrid",0.4
48311,"2j0s9NaRfGRpcPoiGbWogZ","Kind Kaputt","Alles erreichen","Alles erreichen",34,226833,TRUE,0.969,-3.395,0,0.169,0.00121,0,0.373,0.556,187.344,3,15,"underground_heavy_hybrid",0.38
48312,"2BaSlRAT2nI6M7lU5XJDZY","Westside Connection","Terrorist Threats","Terrorist Threats",55,148066,TRUE,0.919,-5.282,1,0.274,0.395,6.07e-06,0.41,0.725,93.998,4,15,"underground_heavy_hybrid",0.79
48322,"12l3ldyObMURwsZBioibl5","Biz Markie","The Hip Hop Collection","Just a Friend",0,238266,FALSE,0.663,-9.001,1,0.206,0.119,0,0.318,0.83,85.298,4,15,"underground_heavy_hybrid",0.43
48341,"3lG53lGQXXnvHsHANYicxO","Seringai","High Octane Rock","Akselerasi Maksimum",35,204373,FALSE,0.969,-5.575,1,0.0899,0.000207,0.021,0.202,0.378,95.301,4,15,"underground_heavy_hybrid",0.57
48343,"3cetxRqZToUg1EnvcmOd2J","Fun People","The Art(E) of Romance","Vientos",35,114373,FALSE,0.715,-9.401,1,0.0343,0.000254,0.00025,0.0895,0.572,164.111,4,15,"underground_heavy_hybrid",0.61
48365,"4ZwkThefEvGhFtUGDsb7Ut","R.Sigma","Reflita-Se","O Mito Do Insubstituível",33,188606,FALSE,0.844,-4.615,0,0.0586,0.0309,0,0.0631,0.241,169.72,4,15,"underground_heavy_hybrid",0.65
48368,"4WNBLbyrgLu34gmdYd5pkx","T.A.M.","Tu Amargo Madrugar","Rata",34,112954,FALSE,0.93,-4.663,1,0.0482,7.81e-05,2.16e-05,0.135,0.952,133.399,4,15,"underground_heavy_hybrid",0.42
48371,"06Lrz6eyIROUC8JM0MylSO","Bayside","The Walking Wounded (Gold Edition)","Carry On",34,241266,FALSE,0.943,-5.23,1,0.104,0.000111,0,0.119,0.273,124.92,4,15,"underground_heavy_hybrid",0.63
48373,"3SYk3kwOE0lAoRZwsLSCEL","Unproven","Piece Of You","Piece Of You",33,182825,FALSE,0.921,-1.743,0,0.057,0.00134,1.74e-06,0.19,0.162,102.472,4,15,"underground_heavy_hybrid",0.62
48378,"0HHJtINBmlDvdYu2CvdLd8","Bullet Bane;Lucas Silveira","BLLT","Lembro Quando Começou",33,245250,FALSE,0.606,-7.731,0,0.0509,0.211,2.53e-06,0.134,0.147,119.963,4,15,"underground_heavy_hybrid",0.55
48379,"6MwVDUhd8iDH0JhC9wPbTK","Big Daddy Kane","Rap Classics","Set It Off",0,245960,FALSE,0.611,-13.294,0,0.211,0.000359,0,0.227,0.778,118.761,4,15,"underground_heavy_hybrid",0.33
48401,"7fXhkARAtS66kxexMIAx8O","The Notorious B.I.G.","Greatest Hits","One More Chance / Stay with Me - Remix; 2007 Remaster",65,268706,TRUE,0.68,-6.037,1,0.224,0.149,0,0.127,0.695,90.964,4,15,"underground_heavy_hybrid",0.77
48410,"0AFDe9XA8JjerFSsnsP1K8","Lauren Babic;Seraphim","Covers, Vol. 2","Lovely",55,181043,FALSE,0.563,-8.398,0,0.0439,0.235,4.01e-06,0.0876,0.323,115.1,4,15,"underground_heavy_hybrid",0.71
48415,"0XEaupz5HEnclS6VG54HlX","Andrés","Self Aware","Self Aware",32,216000,FALSE,0.86,-5.402,1,0.258,0.28,0,0.0658,0.729,79.823,4,15,"underground_heavy_hybrid",0.66
48422,"38WfhMbryO14J00gi97rfP","Burgerkill","Adamantine","Integral",35,327406,FALSE,0.968,-6.601,1,0.078,0.000133,0.00309,0.154,0.129,140.998,4,15,"underground_heavy_hybrid",0.75
48435,"7oAz2RyxPkjdzNIeQHcIxP","Rodox","Rodox","Foi bom esperar",32,226466,FALSE,0.963,-5.064,1,0.0367,0.000211,0.000238,0.0973,0.78,149.949,4,15,"underground_heavy_hybrid",0.62
48437,"4qYTGNNVrsKUkJdLaqDC5L","MC Lyte","The Hip Hop Collection","Cold Rock a Party",0,247306,TRUE,0.744,-5.239,0,0.246,0.192,1.2e-06,0.108,0.746,92.911,4,15,"underground_heavy_hybrid",0.62
48454,"4HuocOuSBJ78RlsFYwTyr5","Adventurer","Reality","Reality",42,167812,FALSE,0.9,-3.539,0,0.102,0.0147,0,0.0969,0.148,127.979,4,15,"underground_heavy_hybrid",0.76
48457,"661wc0CTq5MbppEG6zYP5n","Nas;Fivio Foreign;A$AP Ferg","King's Disease","Spicy (feat. Fivio Foreign & A$AP Ferg)",56,166523,TRUE,0.603,-6.553,1,0.406,0.0187,0,0.169,0.152,180.02,4,15,"underground_heavy_hybrid",0.6
48479,"4oiE3GCw9WaWU5Rge5GP9h","The Analogs","Pełnoletnia Oi! Młodzież","Oi! Młodzież",32,197960,FALSE,0.944,-2.042,1,0.128,0.0993,0,0.305,0.588,199.605,4,15,"underground_heavy_hybrid",0.71
48481,"0gOdb6jejKS3xbWQUsQNg1","For Revenge","Second Chance","The Wall",33,265466,FALSE,0.665,-4.831,0,0.0389,0.0214,0.0414,0.0714,0.346,175.967,4,15,"underground_heavy_hybrid",0.63
48487,"31Wi4Vskn51YPzt7YQvXmp","Rancore","Seiva","Jeito Livre",32,225533,FALSE,0.965,-4.375,0,0.149,0.00102,0,0.222,0.307,155.567,4,15,"underground_heavy_hybrid",0.54
48489,"2tjkrsxIGGJzJAnaUHYjtQ","Scooter","20 Years of Hardcore (Remastered)","Call Me Mañana",32,219946,FALSE,0.999,-5.894,0,0.166,0.00217,0.105,0.697,0.156,143.039,4,15,"underground_heavy_hybrid",0.67
48504,"3dVMeI08Of33bjSELmtSqq","MY FIRST STORY;chelly (EGOIST)","1,000,000 TIMES","1,000,000 TIMES feat. chelly (EGOIST)",55,315066,FALSE,0.987,-2.993,0,0.305,0.00382,0,0.196,0.236,199.874,4,15,"underground_heavy_hybrid",0.84
48508,"3ezoEY4TKU8frUXAYFJstC","Remzcore","Sweater Weather","Sweater Weather",61,230389,FALSE,0.985,-0.181,0,0.192,0.0467,0.000394,0.107,0.23,95,4,15,"underground_heavy_hybrid",0.49
48523,"46musX0gdikT9TWkzvs6fC","Marc Acardipane;Da TMC","The Most Famous Unknown - Expansion Pack 4","Don't Touch That Stereo (Extended Mix) - Remastered",31,393312,FALSE,0.894,-5.902,1,0.133,0.0276,0.336,0.328,0.174,141.989,4,15,"underground_heavy_hybrid",0.64
48533,"35SyZI5BZyBrraebGUoUqB","Pavilhão 9;Black Alien","Se Deus Vier Que Venha Armado","Vai Explodir",33,181562,FALSE,0.968,-6.315,0,0.224,0.0533,0,0.375,0.158,91.937,4,15,"underground_heavy_hybrid",0.36
48579,"4Kj7BzlGCzfV6fRFbqT55p","Strung Out","Twisted by Design (Reissue)","Mind of My Own",32,153586,FALSE,0.871,-4.738,0,0.0738,0.00014,0,0.0205,0.577,155.395,4,15,"underground_heavy_hybrid",0.74
48580,"6x1CqgKyPiObhtVjZvL8mQ","DeadSquad","Tyranation","Lahir Mata Satir",33,236276,FALSE,0.992,-3.979,1,0.265,0.000101,0.231,0.308,0.0492,94.527,3,15,"underground_heavy_hybrid",0.78
48623,"5ICXReItyHUvEXJzlyMz9Q","Straight Answer","Never Surrender","Ini Saatnya",31,94573,FALSE,0.989,-3.427,1,0.135,1.34e-05,0,0.0893,0.343,102.928,4,15,"underground_heavy_hybrid",0.66
48644,"0UXYMQHbVhzy477hxrEVUe","Pense","Além Daquilo Que Te Cega","Gota a Gota",30,145043,FALSE,0.996,-3.836,1,0.136,7.75e-06,0.000248,0.21,0.218,112.466,4,15,"underground_heavy_hybrid",0.84
48645,"6AAU8lAs6t7EkrCQpr5q8E","Pense","Realidade, Vida e Fé","Revitalizar",30,191017,FALSE,0.991,-4.568,1,0.0803,6.68e-05,0.000143,0.169,0.777,113.014,4,15,"underground_heavy_hybrid",0.64
48654,"2sEeRKHVONJGERCwKCW2ix","Gammer","THE DROP","THE DROP",43,232158,TRUE,0.988,-1.448,1,0.145,0.00664,0.0508,0.0935,0.0316,150.05,4,15,"underground_heavy_hybrid",0.84
48666,"4H2GYxGRMKTsbDRzcjbjCp","End It","One Way Track","One Way Track",30,135530,FALSE,0.939,-3.156,1,0.126,0.000255,0.699,0.343,0.394,177.634,4,15,"underground_heavy_hybrid",0.55
48670,"1IRxvWJQH2C2lEijahaXnj","Backdrop Falls","There’s No Such Place As Home","Big Lie",31,173403,FALSE,0.881,-4.377,0,0.0758,0.000895,0,0.0839,0.653,134.9,4,15,"underground_heavy_hybrid",0.68
48674,"10set1NOUhGDNPBShPeNx4","Re-Fuzz;D-Ceptor","Rise of the Unknown","We Found Your Weakness",30,227291,FALSE,0.99,-2.801,1,0.196,0.00945,0.04,0.82,0.17,92.954,4,15,"underground_heavy_hybrid",0.73
48685,"2dElzzT9BP2K1RaP6xHnMa","T.A.M.","Tenemos a Matute","Seguiré cometiendo errores por toda mi vida",31,182336,FALSE,0.975,-2.383,1,0.0817,0.0124,0,0.221,0.62,97.888,4,15,"underground_heavy_hybrid",0.84
48687,"3xeQe1BX3QCWuW32t48yRC","Flicts","Singelos Controntos","Desmascarar Sua Bandeira",32,262768,FALSE,0.977,-2.576,1,0.0436,0.000207,0.000375,0.147,0.529,104.468,4,15,"underground_heavy_hybrid",0.62
48690,"4m2IM9lmxgXWOyKeWsACkU","Millencolin","Home From Home","Greener Grass",31,170480,FALSE,0.988,-2.768,0,0.0904,0.00193,0,0.451,0.481,80.911,4,15,"underground_heavy_hybrid",0.53
48696,"2JV0tWohFjpf6BscqhAXXN","Fiskales Ad-Hok","Fiskales Ad-Hok","Ranchera",32,196826,FALSE,0.851,-11.559,1,0.0384,0.000341,3.41e-06,0.397,0.411,129.711,4,15,"underground_heavy_hybrid",0.54
48705,"2X28xPiVe5ffUuRISeDdty","SWANKY DANK","This is Swanky Dank","Amazing Dreams",34,260733,FALSE,0.988,-0.906,1,0.135,0.0174,0,0.0434,0.405,93.604,4,15,"underground_heavy_hybrid",0.48
48720,"4jowQJcMByoFpLgW9E12mU","Millencolin","SOS","For Yesterday",31,166093,FALSE,0.988,-3.554,1,0.115,0.000212,0,0.0398,0.594,164.031,4,15,"underground_heavy_hybrid",0.49
48721,"7Ii2Ris6SvB9IKLbFdtpvm","Bayside","Interrobang","Numb",31,223746,FALSE,0.752,-5.165,0,0.0499,0.000339,0.000883,0.0597,0.475,160.039,3,15,"underground_heavy_hybrid",0.55
48733,"0nabIFzv0LsiO0nEXvdQau","Misfits;Glenn Danzig","Collection 2","Devil's Whorehouse",32,109253,FALSE,0.948,-6.435,1,0.07,0.0979,0,0.359,0.175,110.253,4,15,"underground_heavy_hybrid",0.33
48745,"5yDLDNnPjMIYK89O83jdLP","The Bouncing Souls","How I Spent My Summer Vacation","The Something Special",31,203066,FALSE,0.975,-3.952,1,0.0802,0.000642,0,0.196,0.45,169.759,4,15,"underground_heavy_hybrid",0.73
48757,"2DBlfjL5chsdeULzhTp5K8","Fugazi","13 Songs","Waiting Room",65,173266,FALSE,0.716,-8.224,0,0.0367,0.00473,0.822,0.179,0.545,92.174,4,15,"underground_heavy_hybrid",0.44
48767,"3g1iLBbCmKN67OZByYI7zK","Lords Of The Underground","The Best 90s Hip Hop Hits","Chief Rocka",6,247400,TRUE,0.716,-9.673,1,0.296,0.174,0.000589,0.0657,0.656,99.987,4,15,"underground_heavy_hybrid",0.77
48775,"5xaU2zWjNaTAxImnusCThR","Suicidal Tendencies","Freedumb","Scream Out",31,149466,FALSE,0.991,-6.74,1,0.118,0.00635,3.17e-05,0.0826,0.221,160.498,4,15,"underground_heavy_hybrid",0.5
48776,"0LGYpVb6N4QM3Gf5F4MUuG","Lionheart","Welcome to the West Coast II","LHHC '17",29,191284,TRUE,0.95,-4.186,1,0.0866,0.0015,0,0.315,0.473,137.016,4,15,"underground_heavy_hybrid",0.62
48781,"2NA665k1qMI6N8Lfbsg7qg","Bodyjar","Gee and Al / Do Not Do","A Hazy Shade of Winter",31,127733,FALSE,0.95,-5.906,0,0.0554,0.000155,0.269,0.144,0.612,175.317,4,15,"underground_heavy_hybrid",0.79
48786,"6I8FUsqR02Wh3SNhlOEc6y","Neophyte;Drokz","Harder Stylez: We Love The Bass","Dit Is Mijn Leven - Edit",0,169200,FALSE,0.999,-0.918,1,0.18,0.0865,0.00042,0.368,0.0466,99.99,4,15,"underground_heavy_hybrid",0.49
48791,"4WJQ3CFiJf1GwRCmzcMwP8","Project46","Tr3s","Pânico",30,219252,FALSE,0.987,-3.49,1,0.141,3.3e-05,0.0294,0.764,0.292,136.559,4,15,"underground_heavy_hybrid",0.67
48814,"1WEToeRWLqfsufm2ZpMiij","Flamman & Abraxas","Hondo","Hondo",28,98384,FALSE,0.928,-8.626,0,0.034,0.000821,0.798,0.308,0.843,139.084,4,15,"underground_heavy_hybrid",0.8
48815,"2wfHc3wJjCeaaB78MlIJ2i","Perplexer","Da Capo","Da Capo - Video Mix",30,249493,FALSE,0.816,-12.801,1,0.0495,0.00123,0.895,0.106,0.162,158.775,4,15,"underground_heavy_hybrid",0.47
48833,"100vfqlXNuReFxsW39pyZa","Smitten","Pappo Versionado","Desconfío",30,124426,FALSE,0.805,-4.401,1,0.0531,0.0991,0,0.196,0.584,96.98,4,15,"underground_heavy_hybrid",0.74
48834,"5PYkaSvt6fipSZ4fSce4Pf","De Doelleazen;FEEST DJ MAARTEN","Stamp Op De Grond","Stamp Op De Grond",31,151355,FALSE,0.905,-2.609,1,0.0621,0.108,0.000139,0.223,0.47,149.97,4,15,"underground_heavy_hybrid",0.47
48842,"3Lf5fr3itZilalJH51cJVZ","De Doelleazen;Zender Obama;R.J. Wielstra;S. Schaafsma","Wy Jouwe Gas","Titom! Dop2dop (Remix)",30,149830,FALSE,0.966,-3.581,1,0.0656,0.00589,0.425,0.0285,0.715,165.019,4,15,"underground_heavy_hybrid",0.62
48853,"0jhxxEBzlvuDqAqV9i9Iuc","Crystal Castles","Amnesty (I)","Char",55,188333,FALSE,0.844,-6.644,1,0.313,0.0187,0.0697,0.32,0.331,99.778,4,15,"underground_heavy_hybrid",0.76
48859,"63gHnuI9MzZA4lLob8t9IY","Thug Life","Thug Life: Volume 1","Pour Out A Little Liquor",58,209466,TRUE,0.71,-8.208,1,0.287,0.122,0,0.656,0.647,87.994,4,15,"underground_heavy_hybrid",0.76
48862,"6QJOEIPT8g3fjdFxibpy2F","Compton's Most Wanted","Music To Driveby","Hood Took Me Under",56,219266,FALSE,0.485,-10.955,1,0.319,0.00557,2.31e-06,0.107,0.392,156.001,4,15,"underground_heavy_hybrid",0.52
48864,"48ZUwXrEOhaXLCxvmRYhZv","Eric B. & Rakim","Don't Sweat The Technique","Don't Sweat The Technique",61,262800,FALSE,0.89,-8.443,1,0.158,0.00556,0.00171,0.0801,0.809,105.848,4,15,"underground_heavy_hybrid",0.57
48871,"0Z2FJ0OKokYQgcCSj2cXGJ","Killshot","Beastmode","Beastmode - Radio Edit",29,211022,FALSE,0.991,-1.692,1,0.354,0.013,3.42e-05,0.951,0.217,154.912,4,15,"underground_heavy_hybrid",0.72
48875,"6GUutll2zrbk4znxIxSl5r","Boysetsfire","Tomorrow Come Today","Eviction Article",29,249560,TRUE,0.975,-3.466,0,0.0544,0.00113,0.00515,0.141,0.289,115.819,4,15,"underground_heavy_hybrid",0.57
48876,"6bkyhF0O2QtEArirqBPrEv","Queensway","Swift Minds of the Darkside","Violent Breed",29,152448,FALSE,0.982,-4.456,1,0.214,4.51e-05,0.289,0.342,0.209,94.06,4,15,"underground_heavy_hybrid",0.58
48923,"3knDGh1mv6t69d4gGd1y2I","2 Brothers On The 4th Floor","Domain Hardcore Vol. 6 (Mixed by Neophyte & Panic)","Come Take My Hand - The Viper Remix - Edit",30,205116,FALSE,0.963,-3.955,0,0.0566,0.0251,3.35e-05,0.272,0.401,172.06,4,15,"underground_heavy_hybrid",0.62
48924,"31mSJLJ2UptaxPj2uCi88A","Stick To Your Guns","Comes From the Heart","Enough is Enough",29,237973,FALSE,0.947,-3.69,0,0.162,0.00125,8.16e-05,0.335,0.274,174.998,4,15,"underground_heavy_hybrid",0.63
48925,"2MrqN6zWkvqKdGCTJEVm6S","Burgerkill","Roar of Chaos","Roar of Chaos",31,266498,TRUE,0.969,-7,1,0.108,0.000108,0.000254,0.167,0.0625,107.523,4,15,"underground_heavy_hybrid",0.3
48937,"6EBuhDXGEe8ZPDR8WuuieN","Dance of Days","A História Não Tem Fim","Se Essas Paredes Falassem",29,207354,FALSE,0.979,-5.222,1,0.16,0.0635,0,0.856,0.354,114.642,4,15,"underground_heavy_hybrid",0.67
48946,"7FV6mYpw5uESNzvp4mtl0L","Balance And Composure","The Things We Think We're Missing","Cut Me Open",30,333493,FALSE,0.976,-4.772,0,0.0566,1.72e-05,0.0019,0.107,0.336,157.007,4,15,"underground_heavy_hybrid",0.5
48954,"1AMADyXgIWayh5vXLZo2qF","Basement","Colourmeinkindness","Covet",65,227340,FALSE,0.799,-6.265,1,0.0468,0.00139,0.0742,0.0788,0.228,139.052,4,15,"underground_heavy_hybrid",0.7
48957,"3OMqeZU9lQGimMwMjPvBsp","N.W.A.","The Best Of N.W.A: The Strength Of Street Knowledge","Appetite For Destruction",57,188573,TRUE,0.795,-7.644,1,0.181,0.0348,1.08e-06,0.0864,0.402,105.525,4,15,"underground_heavy_hybrid",0.57
48961,"2guUUg3RVzs4ipCzjEeBQ8","I Met a Yeti","Camp Yeti","Honey Bee",29,190374,FALSE,0.879,-7.201,0,0.104,1.81e-05,4.12e-05,0.0494,0.277,87.85,1,15,"underground_heavy_hybrid",0.73
48975,"0IRPMakNtmITC1G0g3cGRB","Hot Water Music","Split","God Deciding",30,157120,FALSE,0.985,-3.618,0,0.0796,0.00548,0,0.0415,0.356,99.602,4,15,"underground_heavy_hybrid",0.71
48979,"309VjyrEiYNIa30wxtNuaW","Hell Is For Heroes","Punk Rock Hits","I Can Climb Mountains",29,200600,TRUE,0.957,-4.393,1,0.0813,0.00217,0.000221,0.0931,0.3,87.046,4,15,"underground_heavy_hybrid",0.73
48989,"6LAhg6zOcLxZf9df8UxIwS","DeadSquad","Catharsis","The Black Triangle",31,212102,FALSE,0.932,-3.226,1,0.0884,0.00444,0.444,0.0799,0.343,75.004,1,15,"underground_heavy_hybrid",0.79
48990,"0H3yTXxl9kLJzJ7UFpX5kw","He Is Legend","Suck Out The Poison","Dixie Wolf (The Seduction Of...)",28,232720,FALSE,0.958,-5.826,1,0.125,0.000197,0.00216,0.294,0.363,107.822,4,15,"underground_heavy_hybrid",0.56
48993,"6AvpoXv2KL0rGYIcZ3v3QI","The Vandals","Hitler Bad, Vandals Good","People That Are Going To Hell",30,134933,FALSE,0.968,-5.678,1,0.113,0.105,0,0.0813,0.669,102.965,4,15,"underground_heavy_hybrid",0.79
49025,"4XL1KmUHnMKew6voJ9Clge","Jebroer;Outsiders","Hardstyle Top 100 - 2019","Flitsmeister",37,136692,TRUE,0.951,-3.649,0,0.434,0.0601,3.11e-05,0.33,0.132,159.852,4,12,"high_energy_rave",0.68
49045,"0KWl423odZdvA8anUROMba","Adaro;Outbreak;Level One","Harder Stylez: We Love The Bass","Party Medicine - Level One Remix Radio Edit",0,171870,FALSE,0.934,-2.059,0,0.11,0.182,0.000317,0.931,0.506,155.082,4,12,"high_energy_rave",0.74
49049,"2q6oIKbDUr7S1dF5e0j5xz","Adaro","Harder Tunes Forever - 100% the Best in Hardstyle and Hardcore","Voices Calling Me - Radio Edit",0,225290,FALSE,0.836,-5.014,1,0.156,0.037,1.07e-06,0.05,0.15,155.161,4,12,"high_energy_rave",0.52
49056,"1Go9uTsrrK0yvJ59nnuqnd","MYST","Walk With Kings","Walk With Kings",51,214624,FALSE,0.983,-1.812,0,0.243,0.0013,0.00136,0.115,0.0866,155.054,4,12,"high_energy_rave",0.64
49061,"384k8jeYqNkF3sjl1wLNeg","Da Tweekaz;Blasterjaxx;Maikki","WASABI","WASABI",59,195345,FALSE,0.941,-4.532,0,0.0802,0.0199,0.000716,0.084,0.216,149.906,4,12,"high_energy_rave",0.68
49076,"1ISVUXqAoLrZTtukyCjwyL","Digital Punk;Carola","Harder Stylez: We Love The Bass","White Flag - Radio Edit",0,258997,FALSE,0.95,-2.228,0,0.0753,0.0393,2.55e-06,0.188,0.244,154.99,4,12,"high_energy_rave",0.63
49097,"5FkEhuXoU6xk7x6xtmkG1z","PartyfrieX;DJ Carlo","Partyfreak","Leef Voor `t Weekend",36,191066,FALSE,0.964,-6.676,1,0.134,0.153,0.00154,0.374,0.825,150.16,4,12,"high_energy_rave",0.59
49134,"1ZygthkZmypTru2310paVF","Jebroer;Wesley Klein;Snelle","Jebroer 4 Life","Superheld",31,211884,TRUE,0.775,-3.989,0,0.0478,0.161,5.08e-05,0.0985,0.207,154.919,4,12,"high_energy_rave",0.76
49136,"5U2y3eNZdIUV4hQvAs5pTe","Marco Kraats;Barry Fest","Dup Dup (The Dart Song)","Dup Dup (The Dart Song)",30,180062,FALSE,0.998,-2.029,0,0.0749,0.196,1.65e-05,0.442,0.761,139.985,4,12,"high_energy_rave",0.66
49154,"17dA9QaEEmG22ELHhuA5Ca","Deetox;Crystal Mad","Fallen","One Last Time",25,187354,FALSE,0.88,-2.732,0,0.0429,0.0572,0,0.105,0.167,155.032,4,12,"high_energy_rave",0.73
49185,"5lrgHxABqKMFyZGlEJtb1A","Rejecta","Let My Tape Rock","Let My Tape Rock",29,218322,FALSE,0.869,-4.671,0,0.114,0.0736,4.5e-05,0.737,0.192,155.027,4,12,"high_energy_rave",0.82
49190,"2re19rE9CWUFnfeO4jQdda","Stefan en Sean;Bram Krikke","Kinderarm","Kinderarm",29,192000,FALSE,0.73,-6.141,1,0.0918,0.548,0,0.0531,0.66,149.94,4,12,"high_energy_rave",0.47
49194,"2YMn8nmhsspezpzLHhQGCK","Immer Hansi","Bruine Piste","Bruine Piste",28,160202,FALSE,0.843,-5.635,1,0.176,0.00571,0,0.296,0.685,126.961,4,12,"high_energy_rave",0.82
49197,"5qF9BtM2Vg6L39Ro2UR8OW","Tatsunoshin","Harder Tunes Forever - 100% the Best in Hardstyle and Hardcore","La La La Lie",0,156000,FALSE,0.879,-3.639,1,0.244,0.0111,0.00082,0.238,0.573,159.859,4,12,"high_energy_rave",0.27
49207,"1sl6EiHX5lJPfdZZKDnxD9","TNT;Rudeejay;Technoboy","The Music Is Moving","The Music Is Moving",55,158243,FALSE,0.993,-5.502,1,0.0802,0.00473,0.902,0.147,0.451,150.05,4,12,"high_energy_rave",0.68
49213,"7lKWFVwdsyElBL6qnfMc9x","Francesco Zeta;Steve Hill;Technikal","My House","My House",25,293316,FALSE,0.995,-4.363,1,0.326,0.0022,0.59,0.357,0.0389,150.01,4,12,"high_energy_rave",0.58
49224,"6T90axgUt9eyMrr4Xr6IpA","Tatanka","Zanza Files Chapter 3","Tokyo",26,248154,FALSE,0.78,-5.593,0,0.042,0.0225,0.0153,0.102,0.288,149.992,4,12,"high_energy_rave",0.41
49227,"0SE9NE9QFzRhmsZqDGrbXo","Frequencerz;E-Force","Attention","Attention - Original Edit",27,156500,FALSE,0.932,-5.693,1,0.361,0.0115,1.33e-06,0.42,0.452,148.966,4,12,"high_energy_rave",0.55
49230,"26p4yUkgDSmpmg3ilnbSU3","The Kgb's","Volume 4","Infinity - DJ Phil Ty Rmx",26,393485,FALSE,0.749,-4.23,1,0.0736,0.00883,0.529,0.0664,0.115,150.037,4,12,"high_energy_rave",0.41
49235,"434nUzm92bqplcfm79m1zh","Ezitsuj","Ezitsuj & Tameru - Run with me (Tonight)","Trollzitsuj - Snigelz Magazin - Bonus Track",26,286400,FALSE,0.929,-4.509,0,0.0558,0.00375,0.0598,0.251,0.331,149.991,4,12,"high_energy_rave",0.26
49237,"2pr8fr9fKYQKlmom3oya9e","DJ Maurice","Boeren","Boeren",27,109783,FALSE,0.995,-4.789,0,0.139,0.0189,0.621,0.295,0.409,140.98,4,12,"high_energy_rave",0.61
49238,"3iKsEwdNjNFyTvsKUQaDsW","Mark With a K","Love Rules The Universe","Love Rules The Universe",27,211200,FALSE,0.927,-4.428,0,0.12,0.062,1.38e-06,0.0564,0.344,150.125,4,12,"high_energy_rave",0.52
49243,"7vANcGaCCybYJ5OOETjI48","Special Krew;Gekkenhuys;Otto Wunderbar","Partymedicijn","Partymedicijn",27,211869,FALSE,0.943,-3.189,0,0.241,0.0483,0,0.129,0.808,154.972,4,12,"high_energy_rave",0.33
49246,"4afRV91m9TMT0Bqm3odn0V","Zanger Kafke","Onze Dag (Hardstyle Remix)","Onze dag - Hardstyle Remix",27,144837,FALSE,0.739,-5.845,0,0.0602,0.0045,0.0143,0.207,0.822,150.004,4,12,"high_energy_rave",0.33
49248,"5qpTrF21icmxrivccYouuR","Funkhauser","Dreamers (Hard Mix)","Dreamers - Hard Mix",27,201000,FALSE,0.927,-6.036,1,0.0484,0.0283,0.00649,0.0466,0.217,162.031,4,12,"high_energy_rave",0.55
49252,"5Hl44ailaDYFEdgZRI2zgu","Neilio;Ohwin","WINMY (Wish I Never Met You)","WINMY (Wish I Never Met You) - Extended Version",23,396901,FALSE,0.856,-3.229,0,0.0442,0.245,0.0146,0.0648,0.53,149.956,4,12,"high_energy_rave",0.41
49256,"5jNkA2XOY55hBnQP4SUy3d","Refuzion","VOYAGE","Drift Away (Numa Numa Yay)",50,172422,FALSE,0.975,-2.965,1,0.0799,0.00296,0,0.133,0.318,149.913,4,12,"high_energy_rave",0.61
49258,"01lTSkSxe2k2QcLPlbNhjl","Toneshifterz","Till Daybreak Meets...","Human Experience",26,225748,FALSE,0.817,-8.584,1,0.0468,0.54,0.00834,0.264,0.329,149.957,4,12,"high_energy_rave",0.41
49267,"5U8ciuvj0LDMk9h66NhwzR","Hard Driver","Rise Again (Defqon.1 2022 Closing Theme)","Rise Again (Defqon.1 2022 Closing Theme)",55,237057,FALSE,0.863,-5.023,0,0.0884,0.0959,0.0146,0.0631,0.159,155.086,4,12,"high_energy_rave",0.52
49272,"0dyLEvb2e3KbGoWuXYCKR6","Frequencerz;E-Force","Medium Rare","Gods",24,250000,FALSE,0.951,-4.463,1,0.247,0.0908,0.00655,0.589,0.105,149.978,4,12,"high_energy_rave",0.52
49275,"5GbdAyXWP26ChkDJi4DWKY","The Nasty Boyz","Angel","Angel - Hardstyle Masterz Cut",25,471666,FALSE,0.874,-6.012,0,0.0874,0.00137,0.832,0.0648,0.0774,150.002,4,12,"high_energy_rave",0.61
49276,"05Exd2AuGFpRqg6eSfSTtq","FEEST DJ MAARTEN","Lang Zullen Ze Leven","Lang Zullen Ze Leven",26,42000,FALSE,0.64,-3.45,1,0.0381,0.354,0,0.0586,0.908,120.003,4,12,"high_energy_rave",0.52
49283,"5G0ytahRBuIG0IsYAJiUlh","Jebroer","Alziend Oor II","Brommer",25,230920,FALSE,0.813,-6.575,1,0.044,0.00107,0.00039,0.0605,0.433,130.038,4,12,"high_energy_rave",0.52
49290,"6m2Ttdxo6kUDVPQDDcX3WH","De Doelleazen;Zender Obama","Titom!","Titom!",26,186200,FALSE,0.981,-4.903,1,0.259,0.0328,1.52e-05,0.385,0.541,149.989,4,12,"high_energy_rave",0.64
49314,"5zBIpQdBLku4dwqtptiNgs","Showtek","We Like to Party","We Like to Party - Radio Edit",46,208770,FALSE,0.909,-6.386,0,0.0411,0.000379,0.935,0.371,0.255,127.95,4,12,"high_energy_rave",0.89
49327,"4h1Bb5rtkAbn64QfYUu7WX","B-Front","Decibel Outdoor 2022","Outer Space",24,310094,FALSE,0.883,-5.663,0,0.112,0.079,0.307,0.0565,0.229,154.726,4,12,"high_energy_rave",0.81
49332,"5Z3ZbUOUgYFdFdgPFwwdDf","Frontliner;Natalia Isabella","The Summer Of Frontliner 2","Sail Away - Edit",24,214305,FALSE,0.683,-5.459,1,0.0392,0.00899,0,0.119,0.265,150.082,4,12,"high_energy_rave",0.54
49336,"2uCMQzbcP8OzM5UYKg6aTR","Audiotricz;TNT","Ghettoblaster","Ghettoblaster - Original Mix",23,280581,FALSE,0.937,-1.678,0,0.0639,0.000808,0.9,0.198,0.418,150.053,4,12,"high_energy_rave",0.61
49337,"5Ic1ED4dKwbAQRAJpgvJvV","Rejecta;Deluzion","Move My Body (Deluzion Remix)","Move My Body - Deluzion Remix",25,215717,FALSE,0.972,-3.073,0,0.138,0.102,3.78e-05,0.276,0.103,155.059,4,12,"high_energy_rave",0.75
49344,"0YlkFeoPLGm4XJ3z6wZNnv","DJ Maurice;Jelle B.","Luizenlied (Hallo Allemaal)","Luizenlied (Hallo Allemaal) (Radio Version)",24,179000,FALSE,0.918,-3.004,1,0.0362,0.0176,0,0.332,0.562,149.867,4,12,"high_energy_rave",0.52
49345,"4t6ylufiyP2ndj0XOsNcKr","Brennan Heart","10 Years Noisecontrollers","One Blade - Noisecontrollers Remix",24,208874,FALSE,0.709,-8.02,1,0.0411,0.0636,0.484,0.528,0.0395,149.955,4,12,"high_energy_rave",0.77
49352,"2kxeK97qaeEnpwIJDPYCQG","Coone","Like A Lion","Like A Lion",50,199740,FALSE,0.679,-6.347,0,0.0656,0.0336,0,0.517,0.25,155.056,4,12,"high_energy_rave",0.54
49359,"45NPwwobL5odgOUA5HJPwV","Geck-O;DJ Medved","The Donk Jockey","The Donk Jockey",23,210769,TRUE,0.946,-3.652,0,0.169,0.000257,0.0732,0.407,0.597,150.02,4,12,"high_energy_rave",0.39
49378,"1u8dJ2Lj6GKu1DQ9CBhM2h","Deetox;Delete","Decibel outdoor 2017","Unstoppable",23,162580,FALSE,0.906,-2.821,1,0.305,0.248,0.000196,0.0518,0.2,154.863,4,12,"high_energy_rave",0.65
49381,"1FdfQx7PXvbUOcZOlQYdYF","Omegatypez","The Spirit","Dirty Style - Original Edit",23,216012,FALSE,0.981,-4.463,0,0.0813,0.00364,0.396,0.674,0.311,150.069,4,12,"high_energy_rave",0.73
49386,"58GrtmEXwKEWNzO8K4PVrG","Jebroer;Regi","ZES","Rebel",24,166412,FALSE,0.759,-6.444,1,0.0491,0.091,0,0.218,0.423,149.98,4,12,"high_energy_rave",0.61
49388,"5VWKK5JsEMlG33lg9cHIZZ","Psyko Punkz;Coone","The Words","The Words",24,258800,FALSE,0.924,-4.135,0,0.0358,0.0274,0.0103,0.133,0.304,150.017,4,12,"high_energy_rave",0.61
49390,"1FgiNu3EWOLG9gTcIveGkv","PartyfrieX;De Alpenzusjes","Kannie Dansen","Kannie Dansen",25,151757,FALSE,0.891,-3.894,1,0.0542,0.0192,0,0.31,0.753,123.065,4,12,"high_energy_rave",0.52
49407,"0REpIQcFmrg80NLKnU2JNB","Toneshifterz;Audiotricz","Shifting To The Source","Put Your Hands Together",40,195200,FALSE,0.92,-2.759,1,0.067,0.0038,0.249,0.0924,0.1,74.986,4,12,"high_energy_rave",0.72
49416,"4gejFUfOaehYAU6hWhhz4E","Koalaz","Blinded","Blinded",23,177000,FALSE,0.984,-2.201,1,0.38,0.0592,0,0.665,0.345,160.009,4,12,"high_energy_rave",0.86
49417,"2hJWVspfIagRiKCOgLpt2d","Imperatorz","Fake Ass Bitches","Fake Ass Bitches",23,184645,TRUE,0.939,-2.767,0,0.0715,0.113,0,0.0901,0.32,155.095,4,12,"high_energy_rave",0.5
49420,"1EhyAut3iIEaVInBzblBsT","Refuzion","Don't Care","Don't Care",54,184387,FALSE,0.934,-3.458,1,0.0358,0.00229,0.088,0.13,0.0708,150.011,4,12,"high_energy_rave",0.6
49449,"7AkeWwMQ43X750wTTGaunz","Noise Cartel;Yung Petsi","Noise Cartel Carnavals EP 2020","Stationair Deze Dagen (feat. Yung Petsi)",23,168806,FALSE,0.961,-2.93,1,0.063,0.00537,4.99e-05,0.097,0.55,154.994,4,12,"high_energy_rave",0.55
49454,"2soTlz7cgeeZ62eCRyScLN","Dj Thera;Nova Jae","By Your Side","By Your Side",43,181935,FALSE,0.874,-6.142,1,0.0388,0.132,0.0544,0.194,0.627,155.023,4,12,"high_energy_rave",0.58
49468,"735v2U0y1uJPpPVQnqP9jK","Mark With a K","Forever Young","Blow Your Brainz",23,345002,FALSE,0.77,-6.042,1,0.135,0.0098,0.746,0.052,0.54,150.014,4,12,"high_energy_rave",0.47
49475,"0dlQoYkyqzk3q6NThqmFzr","Headhunterz;Abject","End Of My Existence / Scantraxx Rootz","End Of My Existence - Original Mix",23,329624,FALSE,0.708,-8.011,1,0.0833,0.0105,0.0254,0.0508,0.366,143.038,4,12,"high_energy_rave",0.46
49480,"369SeqWGN6JPP3S7zJ8jlD","OJKB;Flamman & Abraxas;MC Remsy","Good to Go (The 2018 Remixes)","Good to Go - 2018 Radio Edit",23,166981,FALSE,0.966,-2.372,0,0.0999,0.00206,0.00907,0.143,0.542,150.13,4,12,"high_energy_rave",0.6
49499,"1LvZt96R80GYQZOi8QE2C1","PartyfrieX","Partyfreak","Allemaal Voor Jou",23,195960,FALSE,0.997,-6.764,1,0.149,0.0534,0,0.836,0.756,150.034,4,12,"high_energy_rave",0.54
49501,"2ybm6gECxGAXmmsoNUtgLc","Atmozfears;Code Black;Toneshifterz","All Or Nothing","All Or Nothing",50,168135,FALSE,0.846,-3.717,0,0.0494,0.00904,1.18e-06,0.12,0.249,149.947,4,12,"high_energy_rave",0.33
49503,"39Lz4adax8ptCgM1XmJxxb","Refuzion","Without You","Without You",46,177169,FALSE,0.812,-3.795,1,0.0343,0.00497,1.79e-06,0.64,0.37,149.949,4,12,"high_energy_rave",0.37
49514,"1iGry8sg9TLDC5EbkEp464","De Kraaien","Gallemiezen","Gallemiezen",22,180000,TRUE,0.685,-4.038,1,0.146,0.118,0.000335,0.0512,0.612,178.054,4,12,"high_energy_rave",0.6
49521,"65tjNM5AfgoXv4fK6hl57g","Coone;Ambassador Inc","The Challenge","Come Take My Hand - Original",22,291815,FALSE,0.731,-6.418,0,0.0526,0.00617,0.00163,0.0619,0.361,149.999,4,12,"high_energy_rave",0.45
49532,"6VKI6mNJ4IP4Z40770zeXu","Wasted Penguinz","Qlimax 2011 (Mixed by Headhunterz)","Melancholia [Mix Cut] - Original Mix",22,250066,FALSE,0.899,-7.116,0,0.0477,0.161,0.000423,0.577,0.169,151.618,4,12,"high_energy_rave",0.51
49538,"37JmiyvaDB2PkUtomBoDcF","Ephoric","Trots op jou Hardstyle Remix","Trots op jou Hardstyle remix - DJ-Edit",21,166616,FALSE,0.825,-6.526,1,0.0429,0.00968,0.00468,0.11,0.507,149.31,4,12,"high_energy_rave",0.45
49555,"2YBSDjTEBKKt3psiiEeNjS","Code Black;Darren Styles","Sparks","Sparks",21,172800,FALSE,0.861,-2.99,1,0.184,0.0718,0,0.135,0.357,150.063,4,12,"high_energy_rave",0.51
49559,"10nyfUGqieRO4iwPRIePcF","Rewildz;Dirty Workz;Sydney Talor","Fighting","Fighting",21,190500,FALSE,0.891,-4.262,1,0.0525,0.0153,0.0137,0.146,0.233,149.987,4,12,"high_energy_rave",0.71
49560,"5VTbVMwMwfQP2iLkiULsd8","Coone","Evolution Is Here","Evolution Is Here",22,235610,TRUE,0.962,-3.908,0,0.0985,0.0371,0.02,0.352,0.307,150.093,4,12,"high_energy_rave",0.71
49570,"2d3FYOTWozvoxoiXZhiaeG","Mark With a K;Maegan Cottone","Forever Young","Fly - Radio Version",23,193258,FALSE,0.735,-7.021,0,0.03,0.0394,0.0664,0.283,0.474,149.985,4,12,"high_energy_rave",0.69
49579,"4kusqTZHrFq3RqBRMZJGEF","The Pitcher","Smack","Release Me",21,169194,FALSE,0.875,-6.495,0,0.0427,0.04,0.00503,0.162,0.247,150.079,4,12,"high_energy_rave",0.76
49586,"2R4HCX7Pc0nJhXv8BTo6zs","Section 1;Rave Channel","Timelords","Timelords",22,221590,FALSE,0.815,-7.926,0,0.0748,0.0915,0,0.376,0.401,153.787,4,12,"high_energy_rave",0.72
49588,"4rhJ3ry1aUgvdr8woNPNI9","Francesco Zeta","Unmistakable (The Album)","I Can't Get It Out of My Head - Album Edit",21,158400,FALSE,0.995,-3.175,1,0.071,0.0273,0.919,0.241,0.577,121.586,4,12,"high_energy_rave",0.64
49602,"10LesMfLb1Kv8FwOLHxDVA","MYST","Overloader","Overloader",47,157947,FALSE,0.988,-1.772,0,0.0689,0.003,0.000312,0.933,0.41,154.866,4,12,"high_energy_rave",0.84
49607,"0aSdsoufzNzGKFkRTkBYzM","Gunz For Hire","Bella Ciao","Bella Ciao",52,198271,FALSE,0.954,-1.337,0,0.181,0.0143,0,0.11,0.246,77.411,4,12,"high_energy_rave",0.76
49608,"6OxlfXD7ZwwColii4KVrki","D-Sturb;Warface","Vengeance","Drown",21,261387,FALSE,0.918,-2.203,0,0.126,0.0188,0,0.9,0.107,155.02,4,12,"high_energy_rave",0.5
49610,"2Q31kBs4LVQAPEMbQyVNPX","Eternate;DEATH CODE;Drean","Let Me Go","Let Me Go",21,255843,FALSE,0.778,-5.626,0,0.0367,0.00033,0,0.122,0.133,159.676,4,12,"high_energy_rave",0.74
49618,"5mb9pdup2KFkXP0f7ZJd31","Coone;Brennan Heart","Brennan Heart & Friends","Fine Day",21,236800,FALSE,0.956,-4.446,0,0.0878,0.0771,0.00198,0.0455,0.267,150.013,4,12,"high_energy_rave",0.78
49628,"5ShJKPLJiCU6MVI73Q3gSZ","Wildstylez","Scantraxx 040","Pleasure - Original Mix",21,391380,FALSE,0.827,-8.357,0,0.0531,0.0215,0.807,0.139,0.0407,150.008,4,12,"high_energy_rave",0.64
49638,"6YtuqK0GShEo9edd4yI8rr","Wildstylez;Headhunterz","Project One","The Zero Hour",21,330106,FALSE,0.906,-6.987,1,0.258,0.024,0.0133,0.342,0.0615,149.882,4,12,"high_energy_rave",0.64
49644,"5L97sxiyNGIMFPpeQLruMz","Stefan en Sean;Bram Krikke;STUK","Frikandel Speciaal (STUK Remixes)","Frikandel Speciaal - STUK Ketchup Remix",22,145600,FALSE,0.941,-5.692,1,0.0359,0.00632,0.00101,0.308,0.696,139.991,4,12,"high_energy_rave",0.7
49650,"5pwVSplL0EaOyuTphPipJX","Headhunterz;Sian Evans","Orange Heart (feat. Sian Evans)","Orange Heart",49,230321,FALSE,0.8,-4.241,0,0.083,0.0388,0,0.251,0.188,75.689,4,12,"high_energy_rave",0.82
49654,"1MBXjU9fWCvQJRqW99Zslc","Dimatik;Restricted;Savage","The Chant (feat. Savage)","The Chant (feat. Savage)",49,185600,FALSE,0.977,-2.738,1,0.269,0.0125,0.295,0.218,0.441,75.001,4,12,"high_energy_rave",0.53
49658,"4M3PKOf5faCIbfvmgyRuTD","Revelators","Dark Places","Dark Places",21,159584,FALSE,0.941,-5.524,0,0.128,0.0516,1.65e-05,0.784,0.483,154.971,4,12,"high_energy_rave",0.57
49673,"0gdt4Gs2hRmOm7kbKXhXVj","DJ Isaac","Go Insane","Go Insane (Original Radio Mix)",21,209890,FALSE,0.981,-5.76,1,0.187,0.000689,0.439,0.0832,0.109,141.007,4,12,"high_energy_rave",0.53
49693,"1dWcbjakeUT1K8rGkCc9BU","Barry Fest;The Festy Boys","Ik Wou Dat Ik Jou Was","Ik Wou Dat Ik Jou Was",21,206141,FALSE,0.952,-5.336,1,0.0579,0.273,0.000123,0.349,0.472,170.102,4,12,"high_energy_rave",0.52
49696,"41pfw6bbeD1KXXbU44wsws","Ivan Carsten","Bumpin' Hard","Bumpin' Hard - Tuneboy Rmx",21,384429,FALSE,0.824,-4.053,1,0.0741,0.00463,0.894,0.0491,0.144,150.004,4,12,"high_energy_rave",0.62
49720,"3zZPZjTxPfyMINMvVi9pye","Ran-D;Digital Punk","A² Records - Unleashed Once Again","Rebel To The Grave - Radio Edit",20,317087,FALSE,0.996,-2.967,1,0.209,0.0364,0.0284,0.353,0.0554,148.024,4,12,"high_energy_rave",0.7
49743,"3tjI1GQY1imMyiaEfjIbrG","The Prophet","The Hardcore Archive Part 3 (1997)","The Sound He Makes - Original Mix",0,173793,FALSE,0.87,-6.663,0,0.0452,0.0665,0.643,0.102,0.147,101.504,4,12,"high_energy_rave",0.49
49748,"1eZD6r9eZgKgyYb5j7M4Wn","The Prophet","The Hardcore Archive Part 3 (1997)","Catch Me In Your Dreams (Original Mix) - Extended Mix",0,425596,FALSE,0.91,-5.315,1,0.0949,0.00133,0.0959,0.29,0.279,163.158,4,12,"high_energy_rave",0.55
49765,"74mIyEcLtmwPQZjO2z6uZW","The Prophet","The Hardcore Archive Part 2 (1995 - 1996)","Housetime! - Original Mix",16,157671,FALSE,0.906,-3.082,0,0.0518,0.000146,0.0229,0.411,0.039,103.999,4,12,"high_energy_rave",0.7
49778,"7ma2fbKDEvJeGJAx0YedAs","The Prophet","The Hardcore Archive Part 3 (1997)","Turn It Up (Original Mix) - Extended Mix",0,272187,FALSE,0.915,-3.85,1,0.0492,0.0022,0.924,0.0971,0.0778,94.893,4,12,"high_energy_rave",0.52
49787,"1h14l9C0JnxfqCazWSg54O","The Prophet","The Hardcore Archive Part 2 (1995 - 1996)","I Love You - Rave Mix",7,213490,FALSE,0.894,-4.834,1,0.0334,0.0724,0.266,0.0761,0.366,154.02,4,12,"high_energy_rave",0.45
49789,"6bUfdHKkVRLUaQZKoKJpmw","The Prophet","The Hardcore Archive Part 3 (1997)","The Breaks (Original Mix) - Extended Mix",0,341266,FALSE,0.938,-2.897,0,0.0959,0.00103,0.361,0.773,0.0489,179.982,4,12,"high_energy_rave",0.52
49795,"74iHIbrEHD0OJi7RyVBbuH","Ransom","The Qontinent 2019","Sing-A-Long",21,189473,FALSE,0.928,-3.074,0,0.094,0.192,9.22e-05,0.321,0.304,152.044,4,12,"high_energy_rave",0.66
49808,"6dJghOp4L6eGPYeIQlugS6","Serzo;Firelite","Give It To Me","Give It To Me",20,157400,FALSE,0.833,-3.725,0,0.0599,0.0502,0.000511,0.128,0.158,149.968,4,12,"high_energy_rave",0.46
49820,"21Rk71TzvdQ63DgXzO5CjO","Deepack;DV8 Rocks!","Spaced Out","Spaced Out - Radio Version",20,201500,FALSE,0.81,-5.072,0,0.028,0.242,6.21e-05,0.113,0.39,150.034,4,12,"high_energy_rave",0.42
49828,"7aZXTNQVlBypYUrj0WF8bH","Mark With a K;MC Alee;Ruthless","Krijg Ons Niet Stil","Krijg Ons Niet Stil - Radio Edit",21,203200,FALSE,0.744,-6.687,1,0.0457,0.0991,2.72e-06,0.124,0.101,149.971,4,12,"high_energy_rave",0.56
49841,"5H7WGvLpbnoXG3YSEsJdp9","Gostosa","Hardstyle Top 100 - 2010","Sutra",20,317666,FALSE,0.761,-4.882,1,0.0872,0.0961,0.374,0.0812,0.167,150.051,4,12,"high_energy_rave",0.64
49845,"3NHKBTcJfWswFEP48IoPTO","Delete","Alpha Omega","Execution",20,144129,TRUE,0.995,-2.563,0,0.323,0.29,0.0107,0.09,0.119,155.085,4,12,"high_energy_rave",0.4
49864,"1YQMq94cMUVoWBsPusqBaf","Delete","V1P","V1P",20,191975,TRUE,0.999,-1.14,0,0.457,0.22,0.0535,0.337,0.034,155.042,4,12,"high_energy_rave",0.55
49869,"4yPjXvLjj2OnfSrj8WxHul","Primeshock","Off The Hook","Off The Hook",19,207100,FALSE,0.94,-2.815,0,0.0418,0.00143,0.000773,0.289,0.458,150.031,4,12,"high_energy_rave",0.63
49870,"2f4Rnpy7yW18gaiyokpeOB","Clockartz","Falling To Pieces","Falling To Pieces",20,275806,FALSE,0.89,-4.883,0,0.13,0.00702,2.76e-06,0.308,0.316,154.858,4,12,"high_energy_rave",0.36
49873,"7yaHIGNfsdw9OMKkT5URwF","Stormerz","Hardstyle The Ultimate Collection Best Of 2019","Mistakes",19,232000,TRUE,0.889,-4.608,0,0.0368,0.0149,0.00186,0.199,0.301,149.934,4,12,"high_energy_rave",0.69
49878,"5OU0l93hNkegnGxLtYqOfj","High Voltage","Signs Of The Apocalypse (Radio Edits)","Death Of You - Radio Edit",20,174967,FALSE,0.932,-4.322,0,0.152,0.0769,0,0.39,0.344,155.019,4,12,"high_energy_rave",0.71
49882,"242veX8fdO598GiPJMTCl5","Headhunterz;Wildstylez;Villain","Studio Sessions","Stuck In Ur Head - Original Mix",20,350400,FALSE,0.937,-5.301,0,0.092,0.0292,0.00122,0.595,0.435,150.021,4,12,"high_energy_rave",0.74
49886,"7JaemprlK2VmKExVCJso93","SMD","Hardstyle The Ultimate Collection Best Of 2010","All For The Thrill - Edit",20,179750,FALSE,0.953,-5.211,0,0.0566,0.0362,0.645,0.401,0.433,150.005,4,12,"high_energy_rave",0.65
49918,"3GiILnng1n2tw88XA2HRWq","Noisecontrollers;Bass Modulators","Electric Solar","Electric Solar",19,191941,FALSE,0.933,-2.932,0,0.0877,0.00456,0.0605,0.262,0.314,149.963,3,12,"high_energy_rave",0.69
49930,"0LORMdgkEFef7xb3MKq2SD","Wildstylez","Qlimax 2012","Timeless - Edit",20,192400,FALSE,0.857,-4.293,0,0.029,0.00823,0.0772,0.303,0.0635,149.969,4,12,"high_energy_rave",0.79
49940,"7qzZvMg9Tdxq98mZ0dmCYi","The Prophet","The Hardcore Archive Part 3 (1997)","Nonono - Original Mix",0,205675,FALSE,0.929,-7.502,0,0.0581,0.000311,0.889,0.34,0.419,170.022,4,12,"high_energy_rave",0.53
49953,"6B4NOTnzluko6NkWZYgHks","D-Block & S-te-Fan","Scantraxx Evolutionz 022","Take Me There - Original Mix",19,272000,FALSE,0.98,-3.891,1,0.0577,0.0119,0.0237,0.118,0.336,149.965,4,12,"high_energy_rave",0.82
49978,"33hnXl2fxSDzSwN6xdayn1","Radical Redemption;Warface","Undercover (Radio Edit)","Undercover - Radio Edit",19,136969,FALSE,0.97,-1.874,1,0.349,0.058,0,0.234,0.285,157.097,3,12,"high_energy_rave",0.74
49980,"5dId092Vv0Ct6oseIdqkVW","Sub Zero Project;Ecstatic","Change The Game","Tombs Of Immortality",20,209600,FALSE,0.858,-3.998,1,0.0951,0.000928,0.000896,0.328,0.101,150.188,4,12,"high_energy_rave",0.78
49981,"4bTyhiSMz3BYwDnExidipV","The Prophet","LOUDER","Tracking The Beat - Album Edit",20,195289,FALSE,0.983,-2.235,0,0.0613,0.0603,0.401,0.0675,0.375,150.036,4,12,"high_energy_rave",0.73
49986,"39KKo19KtctQX96NBWSbAy","Unresolved","Believe It","Believe It",21,179209,FALSE,0.973,-1.465,1,0.351,0.158,0,0.369,0.272,155.043,4,12,"high_energy_rave",0.84
49988,"4NHoKZRlrgo92JH38FsnXs","Fraw;Lea König","Equality","Equality",20,253503,FALSE,0.907,-1.904,0,0.2,0.209,9.36e-05,0.326,0.22,159.988,4,12,"high_energy_rave",0.66
50004,"5qjZgLx35G3YbZkI8cKlkn","Riff","Que Sea Rock","Lily Malone",40,302586,FALSE,0.848,-5.559,0,0.0365,1.8e-05,0.000269,0.378,0.374,127.616,4,15,"underground_heavy_hybrid",0.46
50005,"1FQG72IMugWnzCQcCblz6j","Asspera","Hijo de Puta","Partiendo Cabezas",36,300328,TRUE,0.961,-4.647,1,0.0568,0.000168,8.35e-05,0.703,0.759,75.002,4,15,"underground_heavy_hybrid",0.29
50018,"2AtCLtWvBG47sampT4i3G7","OConnor","Un Poco de Respeto","Yo Caníbal",42,195932,FALSE,0.823,-7.16,1,0.0438,4.6e-05,0.000343,0.324,0.424,182.069,4,15,"underground_heavy_hybrid",0.49
50038,"4dhMxlB0xQXYafSN13NPft","Almafuerte","Ultimando (Cotidiafonos Volumen 1)","Patria al Hombro",38,232453,FALSE,0.955,-3.111,1,0.131,0.000932,0,0.139,0.461,161.811,4,15,"underground_heavy_hybrid",0.51
50039,"66XlDN3wIQgfJnY9fzoVBh","Almafuerte","A Fondo Blanco","Aguante Bonavena",36,160533,FALSE,0.977,-2.953,1,0.144,0.00839,1.07e-06,0.555,0.351,73.666,4,15,"underground_heavy_hybrid",0.55
50072,"086hAVoN0fi2oPnzyWi8Ll","Hermetica","Intérpretes","Sepulcro Civil",34,180400,FALSE,0.917,-8.521,1,0.236,0.00362,0,0.119,0.355,150.04,4,15,"underground_heavy_hybrid",0.49
50077,"4gTmUJIVkIBKIhuWcepu7q","Horcas","Por Tu Honor","En la Jaula",32,237586,FALSE,0.98,-3.758,1,0.119,8.04e-05,0.0029,0.311,0.241,147.722,4,15,"underground_heavy_hybrid",0.42
50110,"7iOSeHfKU2EhSKcX7TbjKG","Beast In Black","Berserker","Blind and Frozen",61,304596,FALSE,0.95,-6.719,1,0.059,3.24e-05,1.75e-05,0.0698,0.497,146.007,4,15,"underground_heavy_hybrid",0.73
50111,"4VB8uoPaYodzlPiclmsiG9","Kilpi","Sähkönsinistä Sinfoniaa (Remastered)","Nerokasta Ikävää",30,238978,FALSE,0.889,-4.744,1,0.0462,0.00135,0,0.358,0.387,125.041,4,15,"underground_heavy_hybrid",0.66
50117,"6Qa3SYPRN4RpN7ORAjsgWQ","Almafuerte","Del Entorno","1999",31,178333,FALSE,0.956,-3.187,1,0.117,0.000333,0,0.081,0.395,154.657,4,15,"underground_heavy_hybrid",0.62
50131,"1qdL50KCmGmGjKTT0bT8Kd","Plan 4","Lleva Tu Mente al Limite","En la Eternidad",31,189053,FALSE,0.983,-3.115,0,0.0787,0.000104,5.4e-05,0.383,0.418,124,4,15,"underground_heavy_hybrid",0.76
50138,"0e8aiEfAhab9fQzxAJEZH7","Almafuerte","En Vivo: Obras 2001","Popurrí - En Vivo",31,1129160,FALSE,0.944,-6.126,0,0.259,0.00209,0,0.579,0.139,143.908,4,15,"underground_heavy_hybrid",0.49
50149,"1fhDmmuIYvJLL2wwT0POgo","Rata Blanca","La Llave De La Puerta Secreta","Michell, Odia La Oscuridad",32,278706,FALSE,0.962,-1.299,0,0.0401,0.00374,4.62e-05,0.304,0.43,170.168,4,15,"underground_heavy_hybrid",0.53
50162,"1iAePJy86UM5JmgEviW44Z","Rata Blanca","Mujer Amante (versión acústica)","Mujer Amante (versión acústica)",30,412264,FALSE,0.552,-6.917,0,0.0346,0.333,3.81e-06,0.0849,0.183,116.081,4,15,"underground_heavy_hybrid",0.5
50167,"0oyYoW813PqNnlQLD5SkGd","Carajo","Carajo","Ironía",31,272666,FALSE,0.967,-4.419,1,0.0374,0.000271,9.93e-06,0.138,0.303,94.958,4,15,"underground_heavy_hybrid",0.68
50177,"5ShKLdra90jglmEnetzOFq","Stam1na","Nocebo","Valtiaan uudet vaateet",29,224400,FALSE,0.975,-2.922,1,0.0988,0.000171,0.000211,0.406,0.331,145.027,4,15,"underground_heavy_hybrid",0.58
50180,"7a51mP6PNnZH0B1Qs8mIVI","Carajo","Carajo","El Vago",30,180520,FALSE,0.979,-2.919,1,0.0996,4.96e-05,0.000746,0.271,0.643,163.922,4,15,"underground_heavy_hybrid",0.57
50187,"15x4YHMpYVL9uoBMKXKAf0","Malon","Serie De Oro","Grito De Pilaga",28,284893,FALSE,0.913,-7.034,1,0.102,0.000212,4.46e-06,0.209,0.388,181.44,4,15,"underground_heavy_hybrid",0.65
50192,"6LyA7ACKgmVyPfiuIwC5E0","Almafuerte","En Vivo Obras","La Máquina de Picar Carne - En Vivo",30,202678,FALSE,0.955,-4.585,1,0.0638,0.000567,0.0034,0.491,0.287,78.918,4,15,"underground_heavy_hybrid",0.53
50200,"2i4DNxEjTT5gjk7wgfSpFq","X JAPAN","Blue Blood","ENDLESS RAIN - Remaster",45,394840,FALSE,0.66,-7.347,1,0.026,0.0179,0.000692,0.0785,0.224,77.721,4,15,"underground_heavy_hybrid",0.36
50201,"5AC6aY9RpZDmOIpDy75n3U","Beast In Black","From Hell with Love","Cry out for a Hero",60,207965,FALSE,0.972,-5.367,0,0.0715,1.77e-05,0.318,0.334,0.408,91.074,4,15,"underground_heavy_hybrid",0.72
50205,"5XQsefd9Nx8v6whZY2BJL7","Los Antiguos","Madera Prohibida","Te Lo Vengo Diciendo",27,152346,FALSE,0.988,-4.917,0,0.195,3.02e-05,0.00127,0.283,0.528,101.22,4,15,"underground_heavy_hybrid",0.55
50214,"4aBQZK2XFW0TxzSx5EhhIE","Stam1na","Novus Ordo Mundi","Betelgeuse",28,193530,FALSE,0.95,-5.817,1,0.0556,7.95e-05,0.000549,0.281,0.211,115.026,4,15,"underground_heavy_hybrid",0.56
50219,"5xcF5EhCBtrJ2EsUfvpxgt","Stam1na","Viimeinen Atlantis","Eloonjäänyt",28,294520,FALSE,0.97,-2.447,1,0.0931,0.000189,0.0846,0.596,0.158,165.123,4,15,"underground_heavy_hybrid",0.45
50221,"7Hgbm6NjDB7wLgR05v0cFP","Almafuerte","Mundo Guanaco","De los Pagos del Tiempo",28,124600,FALSE,0.878,-6.531,0,0.112,4.94e-05,0,0.0443,0.409,152.425,4,15,"underground_heavy_hybrid",0.48
50225,"1U6C3lU8RvvTc0Nb63vAcn","Stam1na","Novus Ordo Mundi","Metropolio",28,348476,FALSE,0.931,-6.736,1,0.0382,4.43e-06,0.528,0.0853,0.0711,112.976,4,15,"underground_heavy_hybrid",0.53
50232,"0d5SoBAfcyhhXPnJ1Jx8z8","Carajo","Inmundo","Histeria TV",29,270640,FALSE,0.929,-4.586,1,0.057,0.00198,8.79e-06,0.449,0.3,102.564,4,15,"underground_heavy_hybrid",0.46
50234,"0a6SY4jsVdAD5O41D4YLHe","Asspera","Glandes Exitos","La Motito de Carlitos",28,279283,TRUE,0.911,-4.619,1,0.0448,2.33e-05,0.00264,0.0543,0.471,99.985,4,15,"underground_heavy_hybrid",0.67
50237,"5Sr8FoT81id6W6DJoHhtxp","OConnor","Estamos Pariendo","Hasta Ser Libre",27,260986,FALSE,0.763,-5.783,0,0.0308,0.000952,3.1e-05,0.214,0.32,123.933,4,15,"underground_heavy_hybrid",0.49
50248,"6GjCoL3GZ9ygBZBAstvmjQ","Ricardo Iorio;Cianciarulo","Peso Argento","Mal Bicho",28,191133,FALSE,0.94,-5.579,0,0.0657,2.08e-05,0.00219,0.324,0.629,117.267,4,15,"underground_heavy_hybrid",0.55
50249,"0RYUXEqRKGtdzavUCTob3P","Ricardo Iorio;Cianciarulo","Peso Argento","Gil Trabajador",27,185866,FALSE,0.946,-4.784,0,0.0839,1.05e-05,0.121,0.361,0.349,150.335,4,15,"underground_heavy_hybrid",0.63
50253,"5YjJNXhbMLBfxErj4DDgv3","A.N.I.M.A.L.;Mario Altamirano and A.N.I.M.A.L.","El Nuevo Camino del Hombre","Guerra de razas",26,167293,FALSE,0.97,-5.375,0,0.0622,2.3e-05,3.15e-05,0.0728,0.264,95.933,4,15,"underground_heavy_hybrid",0.44
50259,"40ZuPoRNZivOPIHuNelkaU","Seikima-II","BLOODIEST","THE BLOODIESTS -最も血生臭い奴ら-",26,242600,FALSE,0.851,-5.548,0,0.0476,1.2e-05,1.96e-05,0.32,0.376,89.938,4,15,"underground_heavy_hybrid",0.42
50267,"0xgwhUNd8RBPLvjGr3CnU9","Horcas","Por Tu Honor","Cazador",26,237346,FALSE,0.973,-3.684,1,0.0557,9.24e-05,0.000108,0.297,0.387,137.827,4,15,"underground_heavy_hybrid",0.56
50271,"3RUwehkuTVBu7eHxsHX4N1","Riff","VII","Elena X....",27,410906,FALSE,0.527,-14.016,1,0.0275,0.000591,0.0717,0.108,0.384,87.965,4,15,"underground_heavy_hybrid",0.7
50281,"6PZDIe119NipTlhvqxXnJ9","Carajo","Carajo","Resistiendo Con Ideas",28,168960,FALSE,0.98,-4.133,1,0.0897,3.2e-05,3.54e-06,0.342,0.54,112.956,4,15,"underground_heavy_hybrid",0.69
50298,"4DSi7Vcb0kQgWasHUULY8P","Malon","Nuevo Orden Mundial","Barbarie Colectiva",26,254546,FALSE,0.957,-3.958,0,0.0371,1.25e-05,0.0935,0.0665,0.642,140.011,4,15,"underground_heavy_hybrid",0.67
50302,"26AZmvXm9c63Isif1Jo8jd","ONMYO-ZA","風神界逅","神風",25,309200,FALSE,0.963,-1.605,1,0.072,0.000285,0.000203,0.0731,0.306,99.75,4,15,"underground_heavy_hybrid",0.73
50310,"5EImyP9HqnpkKfvhseeal5","Riff","VII","Dios Devorador",26,314306,FALSE,0.496,-15.636,1,0.0452,0.0105,0.0135,0.107,0.267,128.767,4,15,"underground_heavy_hybrid",0.6
50327,"5Qxv77f2INpoE1OeaOynrT","Rata Blanca","Rata Blanca: Luna Park 2019 (En Vivo)","Aún Estás en Mis Sueños - En Vivo",26,396533,FALSE,0.974,-4.683,0,0.0596,4.55e-05,0.0195,0.978,0.41,124.992,4,15,"underground_heavy_hybrid",0.36
50330,"4W5HbjNHMU7uw27oZwLaVK","Almafuerte","Toro y Pampa (Remasterizado 2021)","La Máquina de Picar Carne",26,202925,FALSE,0.947,-4.817,0,0.0725,0.00143,0,0.416,0.353,154.795,4,15,"underground_heavy_hybrid",0.52
50333,"7oy1kNr40lg84AxBp3KEuq","Horcas","Por Tu Honor","Sin Salida",26,264640,FALSE,0.939,-3.99,1,0.0598,0.000211,0.000617,0.121,0.312,90.463,4,15,"underground_heavy_hybrid",0.24
50349,"7bhF1KcC0PShSrEA1PzII3","Pappo","Blues Local","Pequeña Ala",27,352333,FALSE,0.492,-14.412,0,0.0499,0.00277,0.342,0.0897,0.329,134.34,4,15,"underground_heavy_hybrid",0.46
50350,"46CtlFiPLiLALe1eCa1KJU","Театр Теней","Кино","Верь только себе",44,188933,FALSE,0.946,-3.997,1,0.0906,0.000294,4.15e-06,0.0562,0.68,166.017,4,15,"underground_heavy_hybrid",0.41
50352,"5CK7ifWXLxF6ntrpyUHTND","Rowek","Redes","Redes",24,218174,FALSE,0.96,-4.877,1,0.0674,6.2e-05,2.59e-05,0.182,0.586,133.985,4,15,"underground_heavy_hybrid",0.54
50353,"5nQJPOWtTQXMl5FrqKSJJb","X JAPAN","BLUE BLOOD REMASTERED EDITION","CELEBRATION - Remaster",25,292120,FALSE,0.944,-4.535,1,0.109,0.00179,7.45e-06,0.193,0.598,166.479,4,15,"underground_heavy_hybrid",0.74
50364,"6Ip1MsMrJ0twHX8kxvfcZc","Almafuerte","Trillando la Fina","Ciudad de Rosario",26,207680,FALSE,0.911,-4.115,1,0.0323,0.000756,0,0.0712,0.652,146.02,4,15,"underground_heavy_hybrid",0.53
50372,"6UU4YtTESGEJijifUjCKdy","Horcas","Eternos","Golpe a Golpe",24,221453,TRUE,0.95,-7.697,1,0.102,6.22e-05,0.00037,0.348,0.24,144.913,4,15,"underground_heavy_hybrid",0.52
50381,"20l8YXsxflVb79aIoyZlTM","Almafuerte","En Vivo All Boys","Patria al Hombro - En Vivo All Boys",25,250565,FALSE,0.976,-6.283,0,0.105,0.00503,3.24e-06,0.93,0.239,84.636,4,15,"underground_heavy_hybrid",0.52
50385,"1ojNlQDWEaSBKUsZtqnN1Z","Carajo","Atrapasueños","El Llanto Espiritual",26,210533,FALSE,0.934,-4.68,1,0.046,0.00103,8.39e-05,0.273,0.657,156.872,4,15,"underground_heavy_hybrid",0.7
50397,"3RRZTpogn5pxCQpSH811ry","Almafuerte","En Vivo Obras","A Vos Amigo - En Vivo",25,281570,FALSE,0.913,-5.57,1,0.0635,0.00182,0.0043,0.544,0.482,136.461,4,15,"underground_heavy_hybrid",0.24
50401,"1OnHeldjfrF6Zx3FnS1zQ5","Brothers of Metal","Prophecy of Ragnarök","Death of the God of Light",55,210332,FALSE,0.911,-5.341,1,0.0397,1.94e-05,0.0288,0.335,0.276,112.489,1,15,"underground_heavy_hybrid",0.42
50403,"4rOj6iUtsRhHZmLHciVSsp","Los Antiguos","Oro Para las Naves","El coso",23,140653,FALSE,0.964,-4.837,0,0.272,0.000231,0.0166,0.272,0.352,76.416,4,15,"underground_heavy_hybrid",0.5
50405,"1diTmASJ2IvN3pj6YZZzP2","Plan 4","Dos Caras","Ella",23,152453,FALSE,0.798,-3.341,1,0.0519,0.000171,3.07e-06,0.226,0.564,90.894,4,15,"underground_heavy_hybrid",0.61
50414,"030Et3kzlh9pt6oFrUEVxE","Aonikenk","Sentir Metalero","Sentir Metalero",23,178053,FALSE,0.9,-4.513,0,0.0593,0.000389,2.28e-05,0.337,0.431,144.581,4,15,"underground_heavy_hybrid",0.45
50422,"1PsY0LaQ87ZR2s6fuQtc2X","Pappo","Por Siempre","Que Sea Rock",25,268400,FALSE,0.96,-4.717,1,0.0509,0.0104,0.00334,0.982,0.361,157.201,4,15,"underground_heavy_hybrid",0.33
50425,"4eX0LRKcUcSTwuHAeOeWk0","Almafuerte","Toro y Pampa (Remasterizado 2021)","Cosas Que Pueden Pasar",25,191326,FALSE,0.911,-4.844,1,0.177,0.000292,0,0.351,0.618,124.173,4,15,"underground_heavy_hybrid",0.47
50427,"12Al663CSsBlIi9MX4h4s1","Stam1na","Nocebo","Tavastia palamaan!",24,170466,FALSE,0.978,-2.776,0,0.124,1.45e-05,0.00146,0.346,0.335,167.934,4,15,"underground_heavy_hybrid",0.57
50430,"1UpOHBgl22ZB5BOCS73zFe","Viikate","Rillumarei!","Susivirsi",24,211404,FALSE,0.925,-6.306,0,0.051,9.64e-06,0.00394,0.104,0.373,158.014,4,15,"underground_heavy_hybrid",0.63
50440,"16i4uSCN7st2dchRrIyeUK","Riff","Zona de Nadie (Remasterizado 2016)","Aquella Estrella - Remasterizado 2016",24,180346,FALSE,0.844,-8.612,1,0.0423,0.0199,1.09e-05,0.355,0.561,137.545,4,15,"underground_heavy_hybrid",0.45
50441,"7m3fDut2mWwaPDQHl2gbU6","Almafuerte","Del Entorno","Amistades de Tierra Adentro",24,197000,FALSE,0.978,-4.042,0,0.117,1.6e-05,0,0.0859,0.319,158.696,4,15,"underground_heavy_hybrid",0.54
50443,"2nbUX5PBic49CsgLmV2X4O","Pappo;Charly García","Vivo Cosquín Rock","Desconfío de la Vida - En Vivo Cosquín Rock",25,406675,FALSE,0.681,-5.258,1,0.0337,0.208,0.0128,0.732,0.331,130.267,3,15,"underground_heavy_hybrid",0.48
50467,"5O9GrqN8YG5DwC26dCxA17","Rata Blanca","Rata Blanca: Luna Park 2019 (En Vivo)","Mujer Amante - En Vivo",24,473626,FALSE,0.577,-9.793,0,0.0278,0.306,0.0614,0.965,0.205,108.254,4,15,"underground_heavy_hybrid",0.45
50481,"7hiNlgvOZ2Lj8DN3R2NcMx","Almafuerte","Toro y Pampa (Remasterizado 2021)","En el Siglo del Gran Reviente",24,180645,FALSE,0.952,-4.592,1,0.0599,0.000908,0,0.281,0.611,95.378,4,15,"underground_heavy_hybrid",0.53
50486,"6BwNzZsnpmxFgezVbGWyRs","Almafuerte","Del Entorno","Los Delirios del Defacto",23,176600,FALSE,0.941,-3.332,1,0.177,0.00118,9.73e-06,0.299,0.294,120.685,4,15,"underground_heavy_hybrid",0.35
50510,"6FUXgvzbMrMCzAuYGIiGIl","Brothers of Metal","Emblas Saga","Powersnake",55,223467,FALSE,0.803,-6.653,0,0.0894,0.00241,0,0.453,0.409,87.38,3,15,"underground_heavy_hybrid",0.72
50517,"6ZDqMzzcX8w2RaAWY6JHGN","Almafuerte","Trillando la Fina","La llaga",23,115960,FALSE,0.948,-3.97,1,0.0442,0.00836,0,0.309,0.815,146.969,4,15,"underground_heavy_hybrid",0.6
50528,"4xkEqrJRc1J0hddePM72U4","Asspera","Pija","Directo al Tacho",22,241053,TRUE,0.993,-3.63,1,0.091,0.00079,0.109,0.645,0.223,110.011,4,15,"underground_heavy_hybrid",0.47
50535,"6PXwTSUvMWBkW6qeCtr8OD","Accept","The Rise of Chaos","Carry the Weight",23,274800,FALSE,0.994,-4.577,0,0.0664,0.000205,0.0379,0.109,0.504,131.013,4,15,"underground_heavy_hybrid",0.59
50541,"61sZHjQdSTec9SoxFqLdOm","Almafuerte","En Vivo Obras","Niño Jefe - En Vivo",22,200797,FALSE,0.969,-4.344,1,0.111,0.000401,0.327,0.86,0.42,73.351,4,15,"underground_heavy_hybrid",0.62
50548,"5oZs59ptoze8ONkPUtddy1","Malon","Justicia o Resistencia (Remasterizado)","Nido de Almas - Remasterizado",23,256289,FALSE,0.942,-4.12,0,0.0614,0.000114,0,0.185,0.55,110.443,4,15,"underground_heavy_hybrid",0.61
50551,"0wKPXlJicZKzC7HgZbi8a4","Helker","En Algun Lugar del Circulo","Volar",22,239320,FALSE,0.658,-3.612,0,0.0316,0.0165,0.000755,0.256,0.267,125.073,4,15,"underground_heavy_hybrid",0.49
50556,"3iAgSpX4w5sB8EulsmewGt","Asspera","Bizarra Actitud de Seguir Con Vida","Me Gustas Mucho",22,170015,FALSE,0.824,-6.648,1,0.0467,0.000454,0.605,0.299,0.151,195.034,3,15,"underground_heavy_hybrid",0.48
50569,"1AKqO1Qbzp2vqA9dNBWFjy","Almafuerte","En Vivo All Boys","Ceibo - En Vivo All Boys",22,148006,FALSE,0.968,-6.143,0,0.115,2.57e-05,0.944,0.985,0.209,111.812,4,15,"underground_heavy_hybrid",0.53
50575,"6mLVlAgFX3uGce1b1XjeA7","Carajo","Basado en Hechos Reales","Lo Mejor de Mí",23,235446,FALSE,0.511,-7.297,1,0.0287,0.249,0.000109,0.0777,0.0533,129.024,4,15,"underground_heavy_hybrid",0.81
50594,"2XY5siNPzjooaJk7pxC0E4","Ricardo Iorio","Avivando La Llama De La Ley Natural","En Las Calles De Liniers",22,174393,FALSE,0.882,-8.438,0,0.0439,0.235,0,0.179,0.523,122.055,4,15,"underground_heavy_hybrid",0.51
50596,"3G3zSDVf90d1V4ICNrLugQ","Pappo;Ricardo Iorio","Pappo y Amigos, Vol. 2","Completamente Nervioso",23,186426,FALSE,0.904,-7.428,1,0.0777,0.000426,0.0655,0.223,0.295,107.431,4,15,"underground_heavy_hybrid",0.47
50597,"3ANu5YBLeocDOPeDT6eBDf","Horcas","Demencial","El agite",22,259370,TRUE,0.969,-5.982,1,0.124,9.62e-06,0.0799,0.0494,0.212,123.081,4,15,"underground_heavy_hybrid",0.59
50609,"64kiNTV789XA50ToS7h3g3","Lörihen","Bajo la Cruz","El Secreto Más Perverso",21,283063,FALSE,0.845,-5.45,0,0.0352,0.00388,0,0.0953,0.324,110.03,4,15,"underground_heavy_hybrid",0.8
50614,"2a4OSFVR871lV3xi0f1sNb","Kilpi","Kaaos - Live","Sielut Iskee Tulta",21,287600,FALSE,0.99,-2.906,0,0.164,6.89e-06,0.000169,0.971,0.164,77.219,4,15,"underground_heavy_hybrid",0.39
50618,"509uUPrzcnnCOZbCpCi1Im","Valonkantajat","Vastavirtaan","Katso Maailmaa, Se Palaa",21,287681,FALSE,0.887,-8.456,0,0.0622,0.000314,1.74e-05,0.384,0.429,156.028,4,15,"underground_heavy_hybrid",0.46
50625,"079OHJDnfTmYPtpV5Dm9WA","Stam1na","Viimeinen Atlantis","Rikkipää",22,260173,FALSE,0.973,-3.268,1,0.077,0.00186,0.000285,0.0531,0.316,102.664,3,15,"underground_heavy_hybrid",0.53
50655,"1IOqDpre0XvOYSmnDN3Vvc","Lörihen","Aún Sigo Latiendo","Solo Tus Ojos",21,384549,FALSE,0.894,-6.373,0,0.0457,0.00175,0,0.363,0.253,115.043,4,15,"underground_heavy_hybrid",0.59
50671,"4U91o4lfaI4QbR331I6E5H","Rata Blanca","Tormenta Eléctrica","Rebelde y Solitario",22,371054,FALSE,0.713,-7.226,1,0.0333,3.11e-05,0.484,0.0901,0.0388,117.921,4,15,"underground_heavy_hybrid",0.57
50689,"2B3Ib3HUx2fo9ZsEFuwK5h","Accept","Symphonic Terror (Live at Wacken 2017)","Koolaid - Live in Wacken 2017",22,305546,FALSE,0.948,-6.403,1,0.0482,0.00337,0.0173,0.785,0.342,129.037,4,15,"underground_heavy_hybrid",0.57
50694,"0M3c8RncPILa9I0HDUejEF","Ricardo Iorio","Avivando La Llama De La Ley Natural","El Oficio De Cantor",22,148699,FALSE,0.951,-6.709,1,0.113,0.00017,0.00167,0.925,0.296,139.611,4,15,"underground_heavy_hybrid",0.33
50696,"23EAtpCyQuPMiKWFOt5XPM","Carajo","Hoy Como Ayer (En Vivo)","Luna Herida - En Vivo",22,286853,FALSE,0.969,-4.262,0,0.0681,0.00161,2.59e-05,0.962,0.357,139.965,4,15,"underground_heavy_hybrid",0.62
50703,"2gbeX8pOq4IkllwjKk9jKO","Helker","Alma de Fuego","Volverte a Ver",20,298480,FALSE,0.922,-3.247,0,0.0441,1.8e-05,0,0.498,0.472,120.037,4,15,"underground_heavy_hybrid",0.28
50722,"3RG7LorgZGK5U48rfe9Sim","Stam1na","Elokuutio","Meidänkaltaisillemme",21,209466,FALSE,0.995,-3.778,1,0.208,7.77e-06,0.0284,0.0416,0.313,181.982,4,15,"underground_heavy_hybrid",0.64
50733,"76Iz1wkzJ8I6T49kzfrKwh","Rata Blanca","PWR ROCKERO","La Leyenda Del Hada Y El Mago",21,322426,FALSE,0.869,-10.012,0,0.0985,0.0161,0.000132,0.278,0.423,75.953,4,15,"underground_heavy_hybrid",0.64
50736,"1MQ3lMgOkfEMCsYN2PDXvD","Carajo","Basado en Hechos Reales","Advertencia",22,325177,FALSE,0.925,-4.623,0,0.0671,0.000153,0.00378,0.0831,0.089,108.008,4,15,"underground_heavy_hybrid",0.56
50753,"67s5Cx8cn7iA5j3aJFkqnC","Accept","Objection Overruled","Amamos La Vida",45,278973,FALSE,0.628,-7.25,0,0.0325,0.287,0.00498,0.274,0.354,98,4,15,"underground_heavy_hybrid",0.52
50766,"2lIwxUmb2hFVSd7azXJ1bl","Plan 4","Cambio de Piel","Nuevo Amanecer",20,181520,FALSE,0.884,-3.774,1,0.0715,0.0029,0.00234,0.0606,0.271,144.168,4,15,"underground_heavy_hybrid",0.34
50770,"2Yp908wLKAQmSiYYVS6i9r","Asspera","La Concha de Dio$","Tranca Palanca",20,217333,TRUE,0.965,-4.319,0,0.102,0.00354,0,0.272,0.422,179.795,4,15,"underground_heavy_hybrid",0.55
50772,"1ygPdQ2Pfz0y6LIZ2wAUyB","Horcas","Horcas","Ausencia",20,351922,TRUE,0.584,-7.698,1,0.0312,0.00203,0.022,0.114,0.148,140.638,4,15,"underground_heavy_hybrid",0.7
50775,"6QTzHZXdsLnbAJC0IcO7oH","Horcas","Por Tu Honor","Indiferencia",21,216280,FALSE,0.93,-3.408,0,0.0603,7.66e-05,1.55e-05,0.137,0.382,145.697,4,15,"underground_heavy_hybrid",0.63
50785,"7z4wiulhGZJbseaGWOy9D4","Barilari","Canciones Doradas","Todavía No Encontré Lo Que Estoy Buscando",20,270904,FALSE,0.588,-5.028,1,0.0289,0.44,0,0.127,0.0781,99.956,4,15,"underground_heavy_hybrid",0.64
50790,"7py7HijGub78kaHNqvUvC3","Viikate","Katkerimmat 2011-2017","Kitara,Taivas Ja Tähdet",20,271853,FALSE,0.911,-6.878,1,0.0361,0.000152,0.00067,0.215,0.554,151.887,4,15,"underground_heavy_hybrid",0.48
50791,"2uqZSRmFS7kwZJ3MbnYhJk","Almafuerte","Toro y Pampa (Remasterizado 2021)","Por Ser Yo (En Vivo Obras 2001)",21,226933,FALSE,0.89,-6.047,0,0.0514,0.000116,5.86e-06,0.975,0.181,60.992,4,15,"underground_heavy_hybrid",0.68
50794,"5dnWKiQoS6tDHwHNTQo3pW","Ricardo Iorio","Avivando La Llama De La Ley Natural","Vida Impersonal",20,201038,FALSE,0.813,-7.056,1,0.039,0.0624,0,0.227,0.54,128.007,4,15,"underground_heavy_hybrid",0.62
50803,"3m0yONQsekWfiGLnznREAE","ONMYO-ZA","魔王戴天","黒衣の天女",19,262986,FALSE,0.983,-1.629,1,0.0763,0.00579,0,0.495,0.185,97.875,4,15,"underground_heavy_hybrid",0.48
50805,"5JRJHXs4nFiAeLZHJNSau6","A.N.I.M.A.L.;Mario Altamirano and A.N.I.M.A.L.","El Nuevo Camino del Hombre","Amigos",20,197026,FALSE,0.985,-5.449,0,0.11,7.83e-05,0.122,0.156,0.232,112.923,4,15,"underground_heavy_hybrid",0.58
50810,"00CKqQSBhAr2gePvyIzk0P","Doro","True At Heart","Even Angels Cry",38,287293,FALSE,0.414,-10.914,1,0.027,0.0276,0,0.155,0.193,132.107,4,15,"underground_heavy_hybrid",0.58
50815,"2voKvNqB4ofpwnlfbyO98O","X JAPAN","Jealousy REMASTERED EDITION","Desperate Angel - Remaster",20,353920,FALSE,0.987,-4.525,1,0.122,0.000184,0.0142,0.342,0.343,119.894,4,15,"underground_heavy_hybrid",0.45
50819,"42f1zC2QXFIrnuIvrgZgnv","Aonikenk","Lanza en Mano","No Olvido de Donde Soy",19,256853,FALSE,0.973,-3.792,0,0.148,0.000358,0.000137,0.102,0.275,90.578,4,15,"underground_heavy_hybrid",0.47
50821,"4Mdl92lDR0ZlXHyqxKCV2B","Serpentor","Privación Ilegítima de la Libertad","Controlando la Nación",19,287586,FALSE,0.989,-1.534,1,0.0876,1.84e-05,0.000281,0.302,0.38,161.377,4,15,"underground_heavy_hybrid",0.52
50829,"0ISf2sQd3qexmcB9CrlTru","Asspera;Kapanga","Garcha2 X To2 La2","La Mano de Dios",20,296478,FALSE,0.964,-4.179,0,0.0457,3.25e-05,0.000279,0.0904,0.728,154.977,4,15,"underground_heavy_hybrid",0.51
50845,"5bRel6l8MBGhZJaONqfNMz","Pappo;Adrián Otero","Pappo y Amigos, Vol. 2","Slide Blues",21,320373,FALSE,0.431,-8.698,1,0.0364,0.0715,1.53e-05,0.192,0.451,142.802,3,15,"underground_heavy_hybrid",0.59
50851,"1SNBvk4kYL0WKZfCFu1g4p","Кипелов","Вавилон","Я свободен!",39,433093,FALSE,0.654,-6.144,0,0.0423,0.0841,0.000576,0.121,0.178,143.956,4,15,"underground_heavy_hybrid",0.52
50853,"6dIZdF8yaKnQnafBqlxc3z","Yajaira","La Ira de Dios","Dámelo",21,298240,FALSE,0.803,-5.851,1,0.0375,0.000608,0.2,0.085,0.644,150.505,4,15,"underground_heavy_hybrid",0.63
50854,"018W74DV50gRCwoJZdeIZ5","SEX MACHINEGUNS","IRON SOUL","みかんのうた(Re-Recording 2018)",20,243706,FALSE,0.948,-4.945,0,0.146,7.72e-06,0.0359,0.247,0.408,135.038,4,15,"underground_heavy_hybrid",0.5
50861,"3MaeCWnHuw0yTdWi0tPPRv","Los Antiguos","Madera Prohibida","El Hombre Que No Se Puede Ir",20,276897,FALSE,0.988,-4.817,0,0.094,1.12e-05,0.00781,0.376,0.172,101.611,4,15,"underground_heavy_hybrid",0.53
50879,"4tjekS5byZqstbRZzUbU3A","Carajo","Carajo","Conquistador",21,206453,FALSE,0.996,-3.836,1,0.171,4.68e-05,6.51e-05,0.0679,0.0645,118.069,4,15,"underground_heavy_hybrid",0.53
50883,"5w9caDBx8POJ9Tpmy9JbAq","Riff","Macadam 3...2...1...0...","Días Buenos y Malos",21,131760,FALSE,0.747,-9.567,0,0.0691,0.000451,0.64,0.0751,0.341,119.719,4,15,"underground_heavy_hybrid",0.5
50907,"0espGfJq0CWTapAvFqkhDA","Barilari","Abuso De Poder","Vida virtual",19,260519,FALSE,0.796,-5.7,0,0.0323,0.000876,6.22e-05,0.177,0.168,94.987,4,15,"underground_heavy_hybrid",0.67
50925,"0XFKWciu0NGbNfayZ5cDo0","Accept","Symphonic Terror (Live at Wacken 2017)","Stalingrad - Live in Wacken 2017",20,381493,FALSE,0.989,-5.623,0,0.147,0.00592,0.0106,0.917,0.0851,106.595,4,15,"underground_heavy_hybrid",0.48
50926,"7sY3ct0R6x1REg9OZ45aB1","Carajo","Carajo","La Guerra y la Paz",20,209693,FALSE,0.97,-4.593,1,0.0834,1.55e-05,0.00443,0.103,0.31,96.855,3,15,"underground_heavy_hybrid",0.68
50933,"40HFeqrXBFiUZcPwEXdyCL","Asspera","Garcha2 X To2 La2","El Último Color Que Cayó del Cielo",19,408503,FALSE,0.659,-8.347,0,0.0348,7.78e-05,0.558,0.0861,0.0717,138.654,4,15,"underground_heavy_hybrid",0.64
50946,"0weclOcolZs51t5lslBza7","Hermetica","Lo Último (En Vivo)","Traición - En Vivo",20,188666,FALSE,0.919,-8.513,0,0.0584,0.000753,0.17,0.296,0.265,105.328,4,15,"underground_heavy_hybrid",0.5
50956,"46cbleiU4PfiAwMvFI783p","A.N.I.M.A.L.","Una Razón para Seguir","Por Siempre",19,290542,FALSE,0.61,-6.636,0,0.033,0.0191,0,0.197,0.14,97.97,4,15,"underground_heavy_hybrid",0.56
50958,"4IHPcBtBcgHXarX6Sik1E2","Barilari;Jens Johansson;Emppu Vuorinen;Sami Vänskä;Jukka Nevalainen","Barilari","Trae Tu Amor",18,334520,FALSE,0.851,-4.752,0,0.0328,0.000854,5.7e-06,0.096,0.357,127.042,4,15,"underground_heavy_hybrid",0.61
50969,"3fd2XFum5hjSitQ2PhlRQe","De La Tierra","De La Tierra","Chaman de Manaus",19,236440,FALSE,0.988,-3.025,1,0.0567,0.000405,0.43,0.272,0.481,132.989,4,15,"underground_heavy_hybrid",0.58
50975,"0LQG20g8a0dNaMP2yqd7Wz","Plan 4","Horizonte Rojo Sangre","La Mejor Arma",19,261519,FALSE,0.992,-3.208,1,0.0863,0.000181,0.409,0.193,0.445,176.091,4,15,"underground_heavy_hybrid",0.53
50981,"6VrqPC4BbDz2htXe5NeXpk","Pappo;Ike Parodi","Vivo Cosquín Rock","Rock and Roll - En Vivo Cosquín Rock",20,537203,FALSE,0.9,-7.823,1,0.285,0.00384,0.142,0.98,0.226,168.303,4,15,"underground_heavy_hybrid",0.6
50990,"2IaJEqTKakK24V5bZKlkK3","Kotiteollisuus","Helvetin Hieno Matka","Helvetin Hieno Matka",19,335821,FALSE,0.814,-6.417,1,0.0307,0.000136,0.905,0.17,0.249,98.962,4,15,"underground_heavy_hybrid",0.4
50995,"4vBW2ZqNCl3zYTUReVyTZA","OConnor","Yerba Mala Nunca Muere","Inservible por Decreto",19,334293,FALSE,0.717,-7.247,1,0.0307,2.7e-05,0.00016,0.168,0.409,153.135,4,15,"underground_heavy_hybrid",0.5
50998,"2UYI2m2QP8aR6vYxumDRBT","Rata Blanca","Top Rock en español 90s","Mujer Amante",19,363120,FALSE,0.649,-10.205,0,0.0334,0.0145,3.78e-06,0.0477,0.567,115.357,4,15,"underground_heavy_hybrid",0.42
51000,"1aL9518P5G72N92b48tuKw","AP Dhillon","Summer High","Summer High",83,177391,FALSE,0.541,-6.51,0,0.0325,0.165,0.163,0.0663,0.952,114.984,4,9,"global_dance_urban",0.85
51003,"3UhmuWcFaLS3AO3kI9ynQ2","AP Dhillon;Shinda Kahlon;Gurinder Gill;Gminxr","Insane","Insane",77,206060,FALSE,0.572,-7.03,0,0.0545,0.416,2.55e-05,0.0975,0.304,98.967,4,9,"global_dance_urban",0.85
51008,"2AilvPt1AQ8PixlCKqkjfj","Shubh","Elevated","Elevated",76,200658,TRUE,0.533,-5.779,0,0.091,0.214,2.8e-05,0.307,0.605,93.021,4,9,"global_dance_urban",0.79
51013,"2uThc9fZx2BEL3t6uuRMO1","aleemrk;Umair","Cold Hours","Cold Hours",74,206117,FALSE,0.613,-7.304,0,0.358,0.316,1.26e-06,0.343,0.493,170.14,4,9,"global_dance_urban",0.82
51022,"0yCWDaAgOtg6TKlNCg9rwA","King","The Carnival","Tu Aake Dekhle",81,270000,FALSE,0.84,-4.022,1,0.107,0.515,0.00452,0.145,0.192,96.012,4,9,"global_dance_urban",0.82
51034,"6udC4b4jOSnHb9ItnXgKLR","Sachin-Jigar;Shreya Ghoshal;Tochi Raina","Shor in the City (Original Motion Picture Soundtrack)","Saibo",73,195253,FALSE,0.429,-7.867,1,0.028,0.738,1.35e-05,0.136,0.545,90.058,4,9,"global_dance_urban",0.79
51040,"209pScL6fUhISxcLWkB6rf","Anirudh Ravichander","Vikram (Original Background Score)","Lokiverse - Background Score",73,156330,FALSE,0.86,-4.481,1,0.101,0.302,0.468,0.109,0.516,96.996,4,9,"global_dance_urban",0.72
51043,"6eYsOcDdB5b6rTO5ubMxeV","Anirudh Ravichander;Jonita Gandhi","Private Party (From ""Don"")","Private Party (From ""Don"")",71,216774,FALSE,0.886,-5.423,0,0.123,0.184,1.33e-06,0.0565,0.896,124.031,4,9,"global_dance_urban",0.28
51060,"27ZZdyTSQWI7Cug2d2PkqV","Armani White","BILLIE EILISH.","BILLIE EILISH.",89,99282,TRUE,0.509,-6.647,1,0.257,0.115,1.67e-06,0.0937,0.765,100.007,4,9,"global_dance_urban",0.71
51061,"0l1i3nJ4aDMk0inxnvzYTz","Imran Khan","Amplifier","Amplifier",70,232906,FALSE,0.714,-4.494,1,0.0872,0.0209,0,0.153,0.618,164.003,4,9,"global_dance_urban",0.66
51064,"2gNMXJDKRmKWuevBGjN8wo","DIVINE","Punya Paap","3:59 AM",67,272197,TRUE,0.588,-6.902,1,0.339,0.177,0,0.179,0.237,97.026,4,9,"global_dance_urban",0.29
51065,"1QZRCi2Z1DQQaR6bGAzhtN","Yo Yo Honey Singh","Desi Kalakaar","Love Dose",69,224444,FALSE,0.768,-4.554,0,0.117,0.256,0,0.614,0.662,139.998,4,9,"global_dance_urban",0.51
51069,"7wW9scVNLYFLsmBb1yAUmS","Yo Yo Honey Singh","Blue Eyes","Blue Eyes",68,220943,FALSE,0.51,-5.469,0,0.192,0.137,0.000106,0.0346,0.533,188.067,4,9,"global_dance_urban",0.6
51080,"0wGrTrI43CKmfzbFNNhftb","Sidhu Moose Wala","East Side Flow","East Side Flow",66,224211,FALSE,0.867,-2.931,0,0.247,0.109,0,0.155,0.786,151.965,4,9,"global_dance_urban",0.45
51092,"7H3mfOvtPNA8YDF3EdKy0L","Neeraj Shridhar;Kavita Seth","Cocktail (Original Motion Picture Soundtrack)","Tum Hi Ho Bandhu",71,283693,FALSE,0.89,-5.438,0,0.051,0.00111,0.000837,0.0297,0.891,134.994,4,9,"global_dance_urban",0.5
51097,"6sPW145Y3LSXd4p1LjBOcS","Anirudh Ravichander","David","Kanave Kanave",70,284784,FALSE,0.513,-10.076,0,0.0294,0.373,6.5e-06,0.123,0.477,95.015,1,9,"global_dance_urban",0.38
51102,"5DqdesEfbRyOlSS3Tf6c29","Ali Gatie","YOU","It's You",80,212606,FALSE,0.463,-6.972,0,0.0287,0.374,0,0.194,0.397,95.971,4,9,"global_dance_urban",0.78
51108,"3oWv5qDKYN7MH6FdlglMN5","Guru Randhawa;Sanjoy","Man Of The Moon","Moon Rise",66,174056,FALSE,0.713,-6.91,0,0.122,0.365,0.000153,0.228,0.597,92.039,4,9,"global_dance_urban",0.7
51115,"3ubdbuynat3QLfKtdtJ5BH","Bhalwaan;Signature By SB","Priceless","Sift",67,118762,FALSE,0.745,-6.144,1,0.0589,0.45,0,0.281,0.448,97.076,4,9,"global_dance_urban",0.67
51135,"06fRsW6JDm7WPQWrmrMak2","Lil Baby","Bad Boy Club","In A Minute",0,200470,TRUE,0.605,-5.968,0,0.297,0.0336,0,0.112,0.145,84.216,4,9,"global_dance_urban",0.65
51150,"3B54sVLJ402zGa6Xm4YGNe","French Montana;Swae Lee","Jungle Rules","Unforgettable",82,233901,TRUE,0.769,-5.043,1,0.123,0.0293,0.0101,0.104,0.733,97.985,4,9,"global_dance_urban",0.77
51157,"0YLSjVxSb5FT1Bo8Tnxr8j","Ritviz;Nucleya","Baaraat","Baaraat",66,222096,FALSE,0.449,-9.379,0,0.0869,0.477,0,0.536,0.606,100.033,4,9,"global_dance_urban",0.74
51161,"51hrri99KuNwhALxbRRJnq","The Landers","Rule Over (Putt Jattan Dey)","Rule Over (Putt Jattan Dey)",65,140800,FALSE,0.549,-10.269,0,0.399,0.66,0,0.0936,0.549,106.652,5,9,"global_dance_urban",0.59
51164,"2VGs7EmaIxq96Wcog6DQOc","Anirudh Ravichander;Dhanush","Why This Kolaveri Di? (The Soup of Love)","Why This Kolaveri Di? - The Soup of Love",64,259293,FALSE,0.785,-4.003,0,0.158,0.59,1.79e-05,0.372,0.894,140.013,4,9,"global_dance_urban",0.62
51171,"0MYof8K1RPjc1Htnr7CDa6","MC STAN","Snake","Snake",64,281088,FALSE,0.625,-7.638,0,0.145,0.709,2.77e-06,0.298,0.477,123.028,4,9,"global_dance_urban",0.49
51174,"1kJL5ouqpWRitSej8fdTor","Sidhu Moose Wala","Moosetape","GOAT",64,214883,FALSE,0.728,-4.146,0,0.218,0.0459,5.84e-06,0.122,0.47,172.059,4,9,"global_dance_urban",0.47
51184,"79hVM41bj2IKfCVhUFh9Ra","Daddy Yankee;Bad Bunny","Halloween con perreito","X ÚLTIMA VEZ",0,192477,TRUE,0.855,-3.725,1,0.0554,0.0789,0.000167,0.108,0.573,90.04,4,9,"global_dance_urban",0.46
51185,"6qMj7ctUqGyqWaSh62I4I4","Daddy Yankee;Sech","Halloween 2022 Perreo Vol. 5","Definitivamente",3,217773,FALSE,0.764,-3.39,0,0.101,0.59,0,0.253,0.431,100.082,4,9,"global_dance_urban",0.3
51195,"7qhOEYwWarxO50hAZkEY59","Daddy Yankee","El perreo es el futuro","RUMBATÓN",0,248768,FALSE,0.909,-4.034,0,0.0396,0.0471,0,0.35,0.922,95.004,4,9,"global_dance_urban",0.35
51198,"2x8gjYPcomasunXlQ4gA2i","Daddy Yankee;Divino","Perreo Tenebroso Vol. 1","Nada Ha Cambiao’",0,190000,TRUE,0.906,-3.658,0,0.11,0.0342,0,0.292,0.71,92.023,4,9,"global_dance_urban",0.45
51203,"3F5CgOj3wFlRv51JsHbxhe","Drake;21 Savage","Honestly, Nevermind","Jimmy Cooks (feat. 21 Savage)",91,218364,TRUE,0.673,-4.711,1,0.175,0.000307,2.41e-06,0.093,0.366,165.921,4,9,"global_dance_urban",0.23
51209,"4Znd47cztY1DEmoWWVcP74","King","Khwabeeda","Sinner",63,229104,FALSE,0.694,-4.314,0,0.0896,0.721,0,0.154,0.656,62.995,4,9,"global_dance_urban",0.87
51220,"7af1WixhIA44jYgzXU19da","Daddy Yankee;Bad Bunny","Bájale como 7500","Vuelve",2,279613,FALSE,0.531,-5.662,1,0.0321,0.196,0,0.119,0.199,130.025,4,9,"global_dance_urban",0.72
51221,"1dVZeuQFWzSI22d3hPEncI","Daddy Yankee;El Alfa;Lil Jon","Feliz Cumpleaños con Perreo","BOMBÓN",8,182413,TRUE,0.789,-2.801,1,0.247,0.0028,2.41e-05,0.0322,0.571,125.071,4,9,"global_dance_urban",0.2
51224,"1iKqYeWSuNtpiv1L9IGAbB","Sidhu Moose Wala;The Kidd","Hathyar (From ""Sikander 2"")","Hathyar - From ""Sikander 2""",63,276279,FALSE,0.768,-4.412,0,0.177,0.139,0,0.108,0.508,171.997,4,9,"global_dance_urban",0.63
51234,"5OotwkHgMpNYfsCwAOs4jP","Anirudh Ravichander;Jonita Gandhi","Don (Original Motion Picture Soundtrack)","Private Party",63,216774,FALSE,0.886,-5.413,0,0.122,0.182,1.29e-06,0.0559,0.898,124.031,4,9,"global_dance_urban",0.34
51236,"0w6KXQRbURk23AtKn3q5Wr","Daddy Yankee","Halloween con perreito","RUMBATÓN",0,248768,FALSE,0.909,-4.034,0,0.0396,0.0471,0,0.35,0.922,95.004,4,9,"global_dance_urban",0.5
51240,"7maprFc3lpb4PSq3290wk3","Daddy Yankee;Wisin & Yandel","Perreo Tenebroso Vol. 5","Si Supieras",0,241880,FALSE,0.894,-1.681,0,0.115,0.291,0,0.104,0.623,184.018,4,9,"global_dance_urban",0.58
51256,"0cpyy8xLYRt1OdlnqPmMnm","AP Dhillon;Gurinder Gill;Manni Sandhu","Majhail","Majhail",66,175187,FALSE,0.844,-4.395,1,0.0898,0.31,0,0.731,0.889,93.48,4,9,"global_dance_urban",0.56
51267,"2Uik6DjW1n5CWbRNdZilV5","Sidhu Moose Wala","Pbx 1","Death Route",62,217520,FALSE,0.633,-6.733,0,0.139,0.397,0,0.0864,0.534,159.955,4,9,"global_dance_urban",0.82
51268,"5XsoDbDt98b0FkFLOhsJuS","Benny Dayal;Shalmali Kholgade;Pritam","Race 2 (Original Motion Picture Soundtrack)","Lat Lag Gayee",65,280369,FALSE,0.892,-4.038,0,0.0404,0.228,1.18e-06,0.206,0.896,131.991,4,9,"global_dance_urban",0.35
51270,"1t25hKpVYInuzw2opW97yJ","Rav Aulakh","Lethal","Lethal",63,151128,FALSE,0.768,-5.525,0,0.183,0.744,5.92e-06,0.11,0.816,143.156,4,9,"global_dance_urban",0.79
51283,"5tIr2cGQsj0oeqLk2tAU0L","Sidhu Moose Wala","Moosetape","Built Different",63,247578,FALSE,0.706,-3.461,0,0.0487,0.141,0,0.299,0.784,94.965,4,9,"global_dance_urban",0.62
51291,"61gu4XQFyAfIUneEyW4EJu","Sidhu Moose Wala;Sonam Bajwa","Moosetape","Brown Shortie (feat. Sonam Bajwa)",63,208000,FALSE,0.862,-3.965,0,0.223,0.246,0,0.337,0.852,90.049,4,9,"global_dance_urban",0.65
51294,"4d3tiblcaqGdji7XvPGHiq","Sidhu Moose Wala","Moosetape","Malwa Block",63,239294,FALSE,0.786,-4.289,1,0.284,0.165,0,0.783,0.594,81.175,4,9,"global_dance_urban",0.55
51300,"1zi7xx7UVEFkmKfv06H8x0","Drake;Wizkid;Kyla","Views","One Dance",85,173986,FALSE,0.625,-5.609,1,0.0536,0.00776,0.0018,0.329,0.37,103.967,4,9,"global_dance_urban",0.64
51319,"2a7zxjZ1I88Z6sYm0ThuSc","Jordan Sandhu;Mehar Vaani;Desi Crew","Black Effect","Black Effect",62,175890,FALSE,0.739,-5.319,0,0.159,0.137,0,0.233,0.755,146.056,4,9,"global_dance_urban",0.47
51330,"2oEHcVe21whTKWQBqRAYPp","Anirudh Ravichander;Jonita Gandhi","Halamithi Habibo (From ""Beast"")","Halamithi Habibo (From ""Beast"")",61,279677,FALSE,0.852,-4.552,0,0.252,0.226,0.000626,0.14,0.671,185.964,3,9,"global_dance_urban",0.34
51336,"4sAgnJgFJjhG8wNfqc1tlj","Gunna;Chlöe","Hip Hop Slow Jamz","you & me",0,144373,TRUE,0.535,-9.499,0,0.0736,0.279,0,0.143,0.106,132.86,4,9,"global_dance_urban",0.53
51374,"2UKK9UEbKlykbmLVP1zWIQ","Sukhwinder Singh","Rab Ne Bana Di Jodi (Original)","Haule Haule",63,263967,FALSE,0.776,-7.424,0,0.213,0.541,2.17e-06,0.0896,0.96,89.934,4,9,"global_dance_urban",0.48
51379,"1sroeVHD561J3z28gphnlf","Sidhu Moose Wala","Tibeyan Da Putt","Tibeyan Da Putt",61,308571,FALSE,0.56,-8.176,1,0.381,0.0466,0,0.218,0.727,116.498,3,9,"global_dance_urban",0.51
51380,"3CYcfkVQbUPjnljKdKA8H1","Mac Miller","Trap Masters","Ascension",5,292466,FALSE,0.53,-6.348,1,0.132,0.368,3.41e-06,0.154,0.296,119.998,4,9,"global_dance_urban",0.38
51386,"0obvnPQaTe8fRAQHWyOWBv","Anirudh Ravichander;Kamal Haasan","Vikram (Original Motion Picture Soundtrack)","Pathala Pathala",60,211384,FALSE,0.78,-5.623,1,0.375,0.356,0,0.0651,0.938,130.033,4,9,"global_dance_urban",0.58
51388,"7qpLvsz6U3TSYxLIg82tVd","Jack Harlow","Refresh - Pop To Cool Down","ICE",1,147415,FALSE,0.632,-7.407,1,0.157,0.0265,0,0.111,0.542,96.499,4,9,"global_dance_urban",0.75
51419,"7JoI4RoMUdZXBgIs7ZkhHV","Sidhu Moose Wala","Moosetape","B & W",60,245454,FALSE,0.749,-4.142,0,0.0966,0.185,0,0.0983,0.833,131.924,4,9,"global_dance_urban",0.71
51425,"16ejic4tkC645g8FwuqIHA","Jack Harlow;Drake","Totally Rap","Churchill Downs",0,309327,TRUE,0.522,-9.102,1,0.36,0.615,0,0.11,0.37,96.448,4,9,"global_dance_urban",0.27
51432,"1O3WfEwaSpsgZ6tw8jNT8I","Sachin-Jigar;Parineeti Chopra;Kausar Munir","Meri Pyaari Bindu","Maana Ke Hum Yaar Nahin",62,264614,FALSE,0.367,-9.362,1,0.0241,0.815,0,0.132,0.348,90.953,4,9,"global_dance_urban",0.8
51438,"2gLUbowsRFFwhmlAS3hZ5i","Jack Harlow","New Rap 20s","First Class",0,173947,TRUE,0.563,-6.135,1,0.102,0.0254,9.71e-06,0.113,0.324,106.998,4,9,"global_dance_urban",0.18
51443,"7xj2n1FdeULoyFrOWDPLDA","Jack Harlow","Power Rap","2STYLISH",0,142945,FALSE,0.618,-7.702,1,0.079,0.0112,0,0.0911,0.489,99.98,4,9,"global_dance_urban",0.73
51459,"3JbIyrSNumxS5LHpAvLYF5","Yo Yo Honey Singh","Chaar Ikke","Brown Rang",59,211394,FALSE,0.902,-3.067,0,0.0846,0.265,0.000413,0.0651,0.72,155.98,4,9,"global_dance_urban",0.76
51468,"4VUpM5CFGeaeWY7akhQwQB","Amrit Maan;Sidhu Moose Wala","Bambiha Bole (feat. Sidhu Moose Wala)","Bambiha Bole",62,301348,FALSE,0.618,-6.133,1,0.086,0.2,0,0.468,0.654,93.98,4,9,"global_dance_urban",0.67
51479,"1LFTKTSfPQRM3a8mOvNtnE","Anirudh Ravichander;Yo Yo Honey Singh;Hiphop Tamizha","Ethir Neechal (Original Motion Picture Soundtrack)","Ethir Neechal",59,270720,FALSE,0.97,-4.167,1,0.0943,0.0556,1.21e-06,0.0999,0.537,119.97,4,9,"global_dance_urban",0.69
51481,"7d7whQmni6ZvmfkWE5XEAX","Jack Harlow","All Bops","Dua Lipa",0,135053,TRUE,0.652,-6.942,1,0.0762,0.00161,0.0985,0.106,0.405,158.022,4,9,"global_dance_urban",0.51
51485,"4yurVSNjaPBKkOpbZWtuJO","Akhil","Kalla Sohna Nai","Kalla Sohna Nai",61,156613,FALSE,0.499,-5.881,1,0.0345,0.454,0,0.143,0.763,92.055,4,9,"global_dance_urban",0.37
51491,"6RdJrnkVsY7nR32bkVSIp1","Jack Harlow","Totally Rap","Nail Tech",0,206385,TRUE,0.581,-7.678,0,0.0884,0.0029,7.76e-06,0.119,0.113,150.149,4,9,"global_dance_urban",0.58
51535,"7ywkgsA1ESYARdGqqbundd","Wiz Khalifa;PARTYNEXTDOOR","Walk in the Park Rap","Late Night Messages",0,282740,TRUE,0.616,-7.397,0,0.0983,0.0865,2.34e-05,0.22,0.312,92.967,4,9,"global_dance_urban",0.44
51536,"6h1JK4zvCvvSHJFFVG3Vqf","DaBaby","Drippy Drippy","Ball If I Want To",0,112546,TRUE,0.669,-5.049,1,0.457,0.161,0,0.0728,0.628,139.949,4,9,"global_dance_urban",0.38
51581,"5ONoPS5pUghXhLhqaKsFal","Kodak Black","Drillin' & Rappin'","This Forever",1,161115,FALSE,0.701,-5.249,0,0.405,0.00291,7.77e-06,0.151,0.517,161.657,3,9,"global_dance_urban",0.56
51584,"4ZcKL6BGQCzAn5aUZK0dYw","Kodak Black","Sailor on the Moon - Hot New Rap","Haitian Scarface",0,145245,TRUE,0.459,-6.354,0,0.355,0.0648,0,0.168,0.0649,107.253,5,9,"global_dance_urban",0.46
51585,"676A9Z6QiBWPIJm0UB1w61","Kodak Black","Hip Hop Slow Jamz","Don’t Leave Me",0,156000,TRUE,0.613,-7.276,0,0.379,0.0512,0,0.205,0.254,159.81,4,9,"global_dance_urban",0.5
51589,"6C75pCSzgl5EJtvIuTqmyO","Kodak Black","Put It on Me: Trending Hip Hop 2022","Haitian Scarface",1,145245,TRUE,0.459,-6.354,0,0.355,0.0648,0,0.168,0.0649,107.253,5,9,"global_dance_urban",0.65
51593,"6rJNWcdEfyBJuy1X2bENL7","Kodak Black","Hip Hop & R'n'B","Usain Boo",0,186677,TRUE,0.669,-4.58,1,0.213,0.0733,0,0.111,0.598,143.992,4,9,"global_dance_urban",0.22
51595,"3w7JADbLdKE1Qta6aH0SC6","Wiz Khalifa;Snoop Dogg","R'n'B Studying","Penthouse",0,200437,TRUE,0.723,-6.66,0,0.0599,0.145,0,0.708,0.534,119.04,4,9,"global_dance_urban",0.65
51597,"53zYfvOxlsHZv89MmpY1D5","Kodak Black;Lil Wayne","Gaming Songs 2022: Hard Mode","Codeine Dreaming",0,264531,TRUE,0.604,-7.357,0,0.222,0.0654,6.43e-05,0.124,0.574,155.004,4,9,"global_dance_urban",0.71
51600,"1fewSx2d5KIZ04wsooEBOz","Metro Boomin;Gunna","NOT ALL HEROES WEAR CAPES (Deluxe)","Space Cadet (feat. Gunna)",81,203266,TRUE,0.464,-9.789,0,0.0645,0.368,1.71e-05,0.238,0.638,109.004,4,9,"global_dance_urban",0.71
51603,"0QHEWicUbdyWuHsMcVd1Ka","Yo Yo Honey Singh","Yo Yo Honey Singh Is Back","Chaar Botal Vodka (From ""Ragini Mms 2"")",59,225837,FALSE,0.881,-3.713,0,0.0713,0.421,0.000345,0.12,0.874,123.024,4,9,"global_dance_urban",0.75
51622,"0M7kvopFlauSwmfObUPzAx","Ty Dolla $ign;Kiana Ledé","Holly Jolly Christmas","Alone for Christmas",1,175347,FALSE,0.745,-8.848,1,0.205,0.167,0,0.184,0.666,155.992,4,9,"global_dance_urban",0.51
51632,"3uZiNvBNQldjl4OJiKsuxe","Ajay-Atul;Vishal Dadlani","Brothers (Original Motion Picture Soundtrack)","Brothers Anthem",59,353676,FALSE,0.668,-9.111,1,0.0473,0.421,0.0117,0.159,0.152,95.032,4,9,"global_dance_urban",0.38
51641,"5oibpY8nzNR2uCPKMzLeK0","Kodak Black","Walk in the Park Rap","Calling My Spirit",0,152000,FALSE,0.362,-9.943,1,0.0905,0.116,0,0.263,0.744,120.007,4,9,"global_dance_urban",0.52
51655,"3hVc5y5mbcIEPADRGGGru9","Yo Yo Honey Singh","One Bottle Down","One Bottle Down",59,196556,FALSE,0.629,-7.231,1,0.0415,0.00109,0.063,0.0752,0.193,131.966,4,9,"global_dance_urban",0.66
51668,"0FoAlOXHI6KJ4RHP9v8jnw","Guru Randhawa;Dhvani Bhanushali","Baby Girl","Baby Girl",59,207493,FALSE,0.801,-4.271,0,0.143,0.229,1.14e-05,0.0762,0.533,96.473,4,9,"global_dance_urban",0.66
51669,"4mtGAPsQCIlD4ZXdpRi0wf","Ajay-Atul;Shreya Ghoshal","Chandramukhi","Chandra (Featuring. Shreya Ghoshal)",58,315653,FALSE,0.748,-8.788,0,0.0948,0.412,0.000288,0.0621,0.505,135.071,4,9,"global_dance_urban",0.75
51675,"5raWEZXYAapq6Qw1GIEIkU","Ajay-Atul","Dhadak","Zingaat",59,226501,FALSE,0.788,-7.294,0,0.213,0.359,0.27,0.396,0.705,130.032,4,9,"global_dance_urban",0.27
51710,"0U8fm89VKJwDYa0mzh6foW","MC SQUARE","Hustle 2.0","Badmos Chora",57,144000,FALSE,0.828,-5.92,0,0.241,0.0868,0,0.212,0.86,160.169,4,9,"global_dance_urban",0.66
51717,"7w4kFO2slzHCu1qEOMaPkl","Anirudh Ravichander;Dhanush","Maari (Original Motion Picture Soundtrack)","Maari Thara Local - Here Comes Maari",57,230252,FALSE,0.956,-4.695,1,0.255,0.622,1.1e-06,0.0982,0.664,94.945,4,9,"global_dance_urban",0.76
51718,"20uFSAxK0ilztG3jr08XWf","Wisin & Yandel;Chris Brown;T-Pain","Regageton Para Niños","Algo Me Gusta De Ti",1,274946,FALSE,0.769,-5.296,0,0.0325,0.00291,0,0.0598,0.237,127.949,4,9,"global_dance_urban",0.7
51726,"3YtBnp4q2Trhu9Zv09ErQl","Wisin & Yandel","Halloween 2022 Perreo Vol. 1","Estoy Enamorado",2,271720,FALSE,0.725,-6.032,1,0.0503,0.288,0,0.0851,0.431,100.92,4,9,"global_dance_urban",0.33
51749,"6qK47Oa7Vbumzeb69KuMhZ","Gorillaz;Beck","20's Rock","The Valley of the Pagans",0,181028,TRUE,0.856,-5.802,1,0.0457,0.0778,3.65e-05,0.117,0.94,130.034,4,9,"global_dance_urban",0.31
51753,"7ycWLEP1GsNjVvcjawXz3z","A$AP Rocky;Skepta","TESTING","Praise The Lord (Da Shine) (feat. Skepta)",82,205040,TRUE,0.569,-8.151,0,0.106,0.0609,0.0816,0.1,0.294,80.015,4,9,"global_dance_urban",0.78
51762,"5KkCsYIgMK5H7Ih31Dnd2Q","DIVINE;MC Altaf;Stylo G;Phenom","Mirchi","Mirchi",57,192923,FALSE,0.608,-5.486,1,0.4,0.142,0,0.0876,0.818,129.784,4,9,"global_dance_urban",0.63
51774,"5AjYjRsiIPAKjRP182ocKB","Anirudh Ravichander;Dhanush","3 (Original Motion Picture Soundtrack)","Why This Kolaveri Di? - The Soup of Love",57,260013,FALSE,0.774,-4.341,0,0.153,0.543,1.61e-05,0.394,0.884,140.008,4,9,"global_dance_urban",0.83
51781,"1JxGjonVZMfWUxorsVLYQQ","Sidhu Moose Wala","Moosetape","Pind Hood Damn Good (RMG Intro)",57,75000,FALSE,0.6,-12.024,0,0.4,0.636,0,0.133,0.731,77.549,4,9,"global_dance_urban",0.75
51791,"7Dt5Efq8VB3BhmBWpu95f1","Justin Quiles;Robin Schulz","All That Really Matters - Just Hits","AEIOU",3,161880,FALSE,0.856,-3.394,0,0.0813,0.0493,0,0.232,0.706,126.108,4,9,"global_dance_urban",0.57
51802,"1tzMa1ma7O05lIgr4XKia8","HRJXT;Intense","Twenty Two","angels",58,204545,FALSE,0.746,-5.135,0,0.0637,0.0241,0,0.143,0.23,175.813,4,9,"global_dance_urban",0.4
51829,"3XRr9hLhnIiGkCmnHhHRpz","Lizzo","Hits à suivre 2022","2 Be Loved (Am I Ready)",1,187107,FALSE,0.769,-4.111,1,0.105,0.0922,0,0.0817,0.915,155.932,4,9,"global_dance_urban",0.46
51840,"57gHJpELHEZjwbgnkAV90t","Lizzo","The Look - R&B Feels","Special",0,174398,TRUE,0.707,-5.474,1,0.0693,0.0164,0,0.453,0.264,82.859,4,9,"global_dance_urban",0.27
51842,"46bFZCQ2U2DMSNUKGzQUyP","Lizzo","Rap Party","Truth Hurts",0,173325,TRUE,0.622,-3.046,0,0.111,0.11,0,0.123,0.407,158.088,4,9,"global_dance_urban",0.54
51868,"1Sv2Z6VjwgrJccksfO7ZeM","Lizzo","Hit After Hit","2 Be Loved (Am I Ready)",0,187107,FALSE,0.769,-4.111,1,0.105,0.0922,0,0.0817,0.915,155.932,4,9,"global_dance_urban",0.7
51872,"3LF7gk7E5fDz1nRfbFXaUf","Burna Boy;Ed Sheeran","Evergreen","For My Hand",1,159123,FALSE,0.479,-7.779,1,0.165,0.161,0.000157,0.209,0.717,104.059,4,9,"global_dance_urban",0.32
51892,"06P47xqCjUCIY2JEzMRufN","Burna Boy","Afropop 2022","My Money, My Baby - From ""Queen & Slim: The Soundtrack""",1,184724,FALSE,0.664,-6.189,1,0.0856,0.00519,0.000492,0.134,0.637,118.972,4,9,"global_dance_urban",0.22
51903,"1qrAgbcxQpeaDv4ptgjl9e","Tegi Pannu;Manni Sandhu","Shinin'","Shinin'",59,195699,FALSE,0.673,-4.613,0,0.154,0.492,0,0.114,0.919,140.915,4,9,"global_dance_urban",0.8
51911,"0YtYAaCp626cLIDyjB5bcS","Burna Boy;Ed Sheeran","New Arrivals","For My Hand",0,159123,FALSE,0.479,-7.779,1,0.165,0.161,0.000157,0.209,0.717,104.059,4,9,"global_dance_urban",0.64
51912,"13lcPEauPnz6ynDJIfHZAR","Burna Boy","Comme un lundi","Last Last",0,172342,FALSE,0.565,-4.457,0,0.0948,0.131,0,0.0802,0.55,87.925,4,9,"global_dance_urban",0.59
51913,"0hWBiQZZ7btfzKoMDUUHCH","Burna Boy","Internet Sensations","Last Last",0,172342,FALSE,0.565,-4.457,0,0.0948,0.131,0,0.0802,0.55,87.925,4,9,"global_dance_urban",0.63
51936,"58s7n1XdbmiUDYh4cGkHKB","Burna Boy","CruiseControl: How I Met The Biggest Bird (DJ Mix)","Onyeka (Baby) (Mixed)",3,107750,FALSE,0.728,-7.612,1,0.1,0.179,0.000206,0.73,0.363,103.27,4,9,"global_dance_urban",0.43
51937,"03lhvE93Wg4eFhhngIOyH7","Big Sean;Hit-Boy","Best Hip Hop Tunes","Chaos",1,180247,TRUE,0.66,-5.319,1,0.0364,0.000724,0.000963,0.134,0.255,104.991,3,9,"global_dance_urban",0.87
51942,"03um6hfYLzq0p4c3Lk0Dld","Burna Boy","Daily Pop Mix","Last Last",0,172342,FALSE,0.565,-4.457,0,0.0948,0.131,0,0.0802,0.55,87.925,4,9,"global_dance_urban",0.36
51956,"0veda7gIbScyRAp2fWjDQh","Anirudh Ravichander;Sid Sriram","Wunderboy Anirudh","Yennai Maatrum Kadhale",56,274678,FALSE,0.766,-7.291,0,0.0941,0.464,3.12e-06,0.136,0.346,112.466,3,9,"global_dance_urban",0.77
51963,"0CeIsAidKu8v9c38WjGFe5","Moneybagg Yo;Big Homiie G","GANG GANG - HIP HOP & RAP","Gave It",1,172080,TRUE,0.603,-6.783,0,0.393,0.00212,4.27e-06,0.245,0.225,180.072,4,9,"global_dance_urban",0.75
51965,"1T0NvgD6SHsWLwPsK75en8","Don Omar","Reggaeton Mix Perreito","Guaya Guaya",1,194013,FALSE,0.872,-2.117,1,0.143,0.0067,0.000193,0.136,0.696,92.025,4,9,"global_dance_urban",0.56
51969,"77PruZJPEZJ3zCFXc9ngha","Don Omar","Perreo Tenebroso Vol. 1","Bomba",0,173306,FALSE,0.576,-6.025,0,0.485,0.026,0,0.0623,0.924,123.425,5,9,"global_dance_urban",0.25
51971,"0cZPaB4GUe0mfx1KXr6FBR","Don Omar","Perreo en Halloween","Guaya Guaya",3,194013,FALSE,0.872,-2.117,1,0.143,0.0067,0.000193,0.136,0.696,92.025,4,9,"global_dance_urban",0.45
51972,"3nA4OeDfh5607uniaoEmTv","Don Omar;Plan B","Feliz Cumpleaños con Perreo","Hooka",2,238386,FALSE,0.859,-5.087,1,0.146,0.0431,0,0.822,0.845,170.047,4,9,"global_dance_urban",0.42
51973,"4B8RTAHSPfYpV222GsmEjq","Don Omar","Fiesta portatil","Zumba",2,263973,FALSE,0.891,-3.494,0,0.0404,0.00175,0.0146,0.138,0.828,124.981,4,9,"global_dance_urban",0.72
51983,"3LBowMzopgiQjD8UT5x2AV","Don Omar","Perreo Tenebroso Vol. 3","Salió El Sol",0,317280,FALSE,0.708,-5.915,0,0.0911,0.107,0.0114,0.044,0.965,109.976,4,9,"global_dance_urban",0.81
51985,"14KRCsp4ZjQbw60d0DKxoV","Don Omar;Sharlene Taule","Para entrar en calor","Encanto",1,195400,FALSE,0.871,-5.123,1,0.0499,0.145,0.000498,0.0752,0.902,172.03,4,9,"global_dance_urban",0.74
51990,"4KbdeNTyeWbN3IljXBtaBU","Don Omar;Zion & Lennox","Queda poco para la PAES 2.0","Te Quiero Pa´Mi",0,212026,FALSE,0.816,-3.99,1,0.0595,0.124,8.19e-05,0.197,0.624,89.005,4,9,"global_dance_urban",0.33
52022,"54lkjZWc8TO7r1QSCiIwVG","George Jones","The Full Discover Package","Still Doin' Time",22,168773,FALSE,0.311,-12.621,1,0.0314,0.772,4.93e-05,0.0955,0.34,124.166,3,5,"singer_early_pop",0.48
52025,"3TBo35jEFBoveimF1NJ4ER","George Jones","Greatest Hits from the King of Country","A Good Year for the Roses",24,186520,FALSE,0.336,-11.351,1,0.029,0.748,0.189,0.185,0.436,92.571,4,5,"singer_early_pop",0.54
52029,"05qxVI0FGM6OiestYxA8Wn","George Jones","Mr. Country and Western","White Lightnin'",26,166368,FALSE,0.717,-12.338,1,0.0622,0.685,1.59e-05,0.105,0.943,149.092,4,5,"singer_early_pop",0.54
52033,"3ZhzF6bok8eDxDRueEvW9O","George Jones;Tammy Wynette","Greatest Hits","Near You",21,140293,FALSE,0.26,-15.042,1,0.0255,0.337,0.000122,0.125,0.329,97.586,4,5,"singer_early_pop",0.54
52043,"1zHRpKmV2WQlVt3bsb9iUZ","George Jones","The Essential George Jones","You've Still Got a Place In My Heart",23,184933,FALSE,0.217,-13.719,1,0.0281,0.709,1.91e-05,0.0932,0.166,70.742,4,5,"singer_early_pop",0.51
52052,"2t4e1PmLoBC2Cavr8mWEcc","George Jones","Amazing Grace","Swing Low, Sweet Chariot",30,170720,FALSE,0.404,-9.382,1,0.0567,0.739,1.37e-06,0.07,0.439,80.227,4,5,"singer_early_pop",0.47
52053,"0hW1NbyUN7qzMPwyfVkqew","Hank Williams;Drifting Cowboys","Ramblin’ Man (Undubbed Edition)","My Heart Would Know",44,147573,FALSE,0.231,-11.396,1,0.0351,0.56,0,0.323,0.649,122.038,4,5,"singer_early_pop",0.54
52055,"2tZtzQUgPsHIYbNesKUHb6","Faron Young","All Time Greatest Hits","It's Four in the Morning",44,164234,FALSE,0.277,-11.399,1,0.0315,0.749,7.56e-06,0.409,0.388,131.001,3,5,"singer_early_pop",0.74
52058,"0RbaD2rw0HmpfflXFH9DKu","George Jones","Who's Gonna Fill Their Shoes","The One I Loved Back Then (The Corvette Song)",56,150520,FALSE,0.468,-11.824,1,0.0953,0.517,0,0.162,0.959,159.498,4,5,"singer_early_pop",0.54
52060,"0dbqfTpjH8VQQfteESvXh6","Johnny Maddox","Dixieland Blues","Friday Night Blues",20,126653,FALSE,0.505,-10.982,1,0.032,0.74,0.515,0.0666,0.968,94.877,4,5,"singer_early_pop",0.74
52083,"5GFlZ3lSiE2UOm4HAqvLVW","The Dirt Drifters","This Is My Blood","Name on My Shirt",20,279520,FALSE,0.487,-7.809,1,0.0242,0.421,4.06e-06,0.195,0.258,94.021,4,5,"singer_early_pop",0.5
52088,"6Eibn6ygiLe8rouLygLd4Y","Ray Price","American Originals","Under Your Spell Again - Single Version",21,180400,FALSE,0.595,-10.002,1,0.0478,0.499,0.0013,0.234,0.824,135.422,3,5,"singer_early_pop",0.65
52097,"3myUue1SnfuIK2mPcWIUZt","George Jones","Cold Hard Truth","When the Last Curtain Falls",21,217000,FALSE,0.41,-7.409,1,0.0277,0.44,0,0.131,0.293,134.544,3,5,"singer_early_pop",0.5
52099,"7kVJV8rH5PtYHlqMsR4ZQB","George Jones;Tammy Wynette","George Jones and Tammy Wynette - 16 Biggest Hits","(We're Not) The Jet Set",20,145373,FALSE,0.272,-14.011,1,0.0358,0.587,2.5e-06,0.258,0.447,181.275,3,5,"singer_early_pop",0.5
52103,"1PbcXS68PvFhnxeX36VYXJ","Johnny Maddox","Dixieland Blues","Jelly Roll",19,123306,FALSE,0.379,-12.398,1,0.0414,0.705,0.776,0.0783,0.968,180.253,4,5,"singer_early_pop",0.54
52109,"4QV1hnN4YCsjhmemeNFkjk","Hank Williams;Drifting Cowboys","40 Greatest Hits","Half As Much",18,164466,FALSE,0.192,-15.831,1,0.0367,0.977,3.08e-05,0.0946,0.393,127.173,4,5,"singer_early_pop",0.66
52155,"62x3N9OBAHnZXa79bsaOWw","Mrs Mills","Piano Favourites","Yes Sir That's My Baby",17,128240,FALSE,0.393,-16.159,1,0.0497,0.896,0.965,0.166,0.947,104.703,4,5,"singer_early_pop",0.34
52160,"5boKQMMd8DzvsqFiLMxN6g","Floyd Cramer","Piano Masterpieces","A Walk In The Black Forest",18,140866,FALSE,0.29,-12.88,0,0.031,0.652,0.838,0.326,0.738,172.096,4,5,"singer_early_pop",0.74
52170,"3Aa8Gcc8Y4Q9t9Cx8Af7tM","George Jones","Saginaw Michigan","Saginaw Michigan",17,168000,FALSE,0.449,-13.521,1,0.0506,0.697,0,0.101,0.905,156.694,4,5,"singer_early_pop",0.57
52179,"0WTDiIvukZYfdXTazaxxqY","Ray Price","The Essential Ray Price","Heartaches By the Number",18,177306,FALSE,0.537,-7.877,1,0.0337,0.801,8.91e-06,0.09,0.845,127.01,4,5,"singer_early_pop",0.72
52180,"3gKpMKkrMUEJvONAhC8zmg","The Dirt Drifters","This Is My Blood","Just Got Tonight",17,221133,FALSE,0.824,-4.584,1,0.0384,0.00265,2.06e-05,0.339,0.731,119.997,4,5,"singer_early_pop",0.25
52189,"4vBDBspUXQQIOZgnEYPVnD","Ray Price","Ray Price - 16 Biggest Hits","You're the Best Thing That Ever Happened to Me",17,228040,FALSE,0.365,-12.226,1,0.0307,0.708,3.53e-05,0.0844,0.382,170.883,4,5,"singer_early_pop",0.5
52200,"2kvCOvGhl1jnUo2aiXs5FB","Rose's Pawn Shop","Ghost Town","Ghost Town",17,228866,FALSE,0.625,-7.814,0,0.0302,0.0146,0.00011,0.112,0.644,150.01,4,5,"singer_early_pop",0.74
52202,"3IlA9TAwPDj21JyPXnMRVl","Frankie Carle","Frankie Carle at the Piano the Golden Touch","Make Believe",16,148977,FALSE,0.101,-17.993,1,0.0452,0.984,0.84,0.135,0.765,138.128,4,5,"singer_early_pop",0.74
52212,"4rMqvswE1TVZ8ta1hE6QJU","Hank Williams","The Garden Spot Programs, 1950","I Can't Get You off My Mind",16,161565,FALSE,0.266,-7.392,1,0.0389,0.936,5e-05,0.597,0.793,146.792,4,5,"singer_early_pop",0.74
52217,"3QHq6vCgBovPBQuuRGfNB0","George Jones","Golden Hits (Original Musicor Records Recordings)","Love Bug",15,167680,FALSE,0.554,-12.287,1,0.0316,0.7,5.83e-06,0.139,0.897,92.621,4,5,"singer_early_pop",0.73
52230,"6ARUbZi7tgcAh52qX9HpQL","Hank Williams;Drifting Cowboys","Low Down Blues","Moanin' The Blues - Single Version",16,145466,FALSE,0.27,-11.44,1,0.0353,0.89,0,0.243,0.845,76.143,4,5,"singer_early_pop",0.63
52232,"5uFbqLSIBeHog8l3AK03WY","Hank Williams","Country Music - A Film by Ken Burns (The Soundtrack) [Deluxe]","I Saw the Light",16,132880,FALSE,0.399,-10.069,1,0.032,0.819,4.55e-06,0.179,0.693,107.716,4,5,"singer_early_pop",0.48
52233,"1YaetgFmgcdVIuwIUv27E7","Hank Williams","The Complete Hank Williams","I'm So Tired Of It All",16,141600,FALSE,0.298,-12.716,1,0.0334,0.934,0,0.176,0.373,119.42,4,5,"singer_early_pop",0.47
52235,"4viHZsOvzVuRGRcbKdbnyi","Hank Williams;Drifting Cowboys","The Complete Hank Williams","Someday You'll Call My Name",16,131706,FALSE,0.24,-13.059,1,0.0299,0.955,2.82e-05,0.402,0.4,119.85,4,5,"singer_early_pop",0.49
52247,"58fCG07JJvovUFScRDX7E5","George Jones","I Am What I Am (Expanded Edition)","I'm the One She Missed Him With Today",16,180266,FALSE,0.4,-11.113,1,0.0334,0.755,0,0.156,0.505,106.651,4,5,"singer_early_pop",0.61
52250,"3BzfkAB5qE3BNiVsdA35nu","Hank Williams;Drifting Cowboys","Honky Tonkin (Expanded Undubbed Edition)","Honky Tonk Blues",46,133306,FALSE,0.309,-9.707,1,0.0418,0.824,3.13e-05,0.0683,0.836,127.883,4,5,"singer_early_pop",0.46
52258,"637H6WFOu2z7neejRnY2kf","Ernest Tubb","The Definitive Collection","Drivin' Nails In My Coffin - Single Version",45,173093,FALSE,0.405,-11.368,1,0.0302,0.706,0,0.297,0.706,112.262,4,5,"singer_early_pop",0.47
52285,"11xu1z8WKlBdHR3cQtrrTn","Eddie Noack","Ain't the Reaping Ever Done? (1962-1976)","East Texas",15,100013,FALSE,0.502,-10.482,1,0.0471,0.782,0.000118,0.136,0.963,156.985,4,5,"singer_early_pop",0.75
52292,"3pby4XzO8xKWedNJWCdfwy","Hank Williams","The Complete Hank Williams","The Devil's Train",16,177933,FALSE,0.398,-13.295,1,0.0281,0.719,0.0189,0.16,0.734,103.748,4,5,"singer_early_pop",0.72
52293,"4BqX0OZaGCKJWb2U69sVeV","George Jones;Sweethearts of the Rodeo","My Very Special Guests (Legacy Edition)","Traveller's Prayer (with Sweethearts Of The Rodeo)",16,182106,FALSE,0.4,-12.464,1,0.0238,0.508,0,0.183,0.71,88.713,4,5,"singer_early_pop",0.75
52298,"6nCauTC4ROReOIu3AcgtuK","George Jones","I Am What I Am (Expanded Edition)","The Ghost Of Another Man",16,186266,FALSE,0.324,-12.838,1,0.0243,0.772,8.4e-05,0.102,0.472,78.189,4,5,"singer_early_pop",0.51
52300,"4Qkl4TpmZCwIINFPI6fS23","Hank Williams;Drifting Cowboys","Best Of","Honky Tonkin'",15,163626,FALSE,0.414,-10.013,1,0.0313,0.83,1.74e-06,0.113,0.866,165.679,4,5,"singer_early_pop",0.74
52307,"5p6ZyraxBvo7obHkBHUaJi","Hank Williams","The Garden Spot Programs, 1950","Lovesick Blues - Show 9",41,172218,FALSE,0.35,-8.095,1,0.0421,0.961,0,0.579,0.654,133.694,4,5,"singer_early_pop",0.61
52309,"2wVejiumwnKeOAPzOreyDL","Shaver;Billy Joe Shaver","The Earth Rolls On","Love Is So Sweet",14,134093,FALSE,0.842,-4.702,1,0.0433,1.38e-05,0.0288,0.154,0.777,130.218,4,5,"singer_early_pop",0.67
52329,"69N3FOvnYWRZ7CZxQRJGnY","Faron Young","Hello Walls","Hello Walls",15,143400,FALSE,0.357,-9.363,1,0.0324,0.752,0,0.106,0.687,101.606,4,5,"singer_early_pop",0.41
52340,"4XKym3E1LLVSdIZNRC6uDA","Hank Williams","The Complete Hank Williams","Be Careful Of Stones That You Throw",15,178000,FALSE,0.147,-13.985,1,0.03,0.83,0,0.199,0.57,86.703,5,5,"singer_early_pop",0.61
52366,"0lBQTlHI9eMnhGyYeVT5yn","Vernon Oxford","I Just Want to Be a Country Singer","Wait a Little Longer Please Jesus",13,178573,FALSE,0.472,-8.831,1,0.0314,0.242,0.000353,0.439,0.798,155.703,4,5,"singer_early_pop",0.46
52368,"6PzCKkM1FLgIVCaAQkKyuZ","George Jones;Tammy Wynette","George Jones and Tammy Wynette - 16 Biggest Hits","Two Story House",38,160773,FALSE,0.532,-12.038,1,0.0431,0.612,0,0.196,0.699,165.015,4,5,"singer_early_pop",0.64
52385,"5KKN2McxJCk6v4bIfzHTPB","Hank Williams","The Complete Hank Williams","San Antonio Rose",13,128666,FALSE,0.298,-14.966,1,0.0305,0.974,2.3e-05,0.232,0.529,107.293,4,5,"singer_early_pop",0.52
52388,"2gzzLgdrVn8b45XJZzBsZW","Hank Williams","The Lonesome Sound Of Hank Williams","Rockin' Chair Money",14,127906,FALSE,0.274,-12.096,1,0.0295,0.953,0,0.453,0.576,81.28,4,5,"singer_early_pop",0.4
52391,"2z8T5SkS8SOiy8ceEvo30E","Hank Williams;Drifting Cowboys","The Ultimate Collection","I'll Never Get Out Of This World Alive",14,146973,FALSE,0.233,-10.801,1,0.0578,0.856,0,0.0502,0.82,116.339,4,5,"singer_early_pop",0.77
52414,"2892XzSXhaySQrzWoKpKEM","Jack Cardwell","30 Country Hits (Original King Recordings)","The Death Of Hank Williams - Original King Recordings",13,201320,FALSE,0.146,-14.437,1,0.0322,0.86,0,0.36,0.749,132.341,3,5,"singer_early_pop",0.61
52417,"2wm1bWmXOnK2iPhWgB4S6F","Hank Williams;Drifting Cowboys","The Ultimate Collection","Honky Tonk Blues",13,131493,FALSE,0.31,-9.637,1,0.041,0.799,1.55e-05,0.0765,0.809,127.856,4,5,"singer_early_pop",0.52
52420,"0737vY9x4qs1LC6efsVgqx","George Jones","Starday & Musicor Originals","Tell Me Something I Don't Know",13,148706,FALSE,0.254,-14.371,1,0.0351,0.814,1.13e-06,0.0925,0.543,203.98,4,5,"singer_early_pop",0.65
52423,"6kuYjHk0XdJVJRYj6CczCC","Hank Williams;Drifting Cowboys","The Ultimate Collection","Hey, Good Lookin'",14,175800,FALSE,0.357,-9.953,1,0.0377,0.799,0,0.078,0.897,141.15,4,5,"singer_early_pop",0.79
52434,"1Gq8yiUXhSwGeds7X7VyWW","George Jones","More Starday & Musicor Originals","Sometimes You Just Can't Win",13,142880,FALSE,0.139,-18.666,1,0.0283,0.852,0.00316,0.113,0.298,73.426,4,5,"singer_early_pop",0.52
52439,"3iERNMt5pdPZ1tuQeeioYc","Floyd Cramer","The Slip Note Piano Style (Remastered)","Heart and Soul - Remastered",14,131613,FALSE,0.597,-8.308,0,0.0295,0.5,0.0773,0.111,0.911,106.909,3,5,"singer_early_pop",0.37
52445,"0w91MsXVQvuTdKf9BKg6f6","George Jones","I Get Lonely In A Hurry","I Get Lonely In A Hurry",13,147253,FALSE,0.542,-6.801,1,0.0329,0.583,0,0.0768,0.924,156.421,4,5,"singer_early_pop",0.63
52451,"5lXX4SAV6HBaVnZ6sUQPNE","George Jones","George Jones - 16 Biggest Hits","The Grand Tour",48,187373,FALSE,0.275,-11.498,1,0.0261,0.944,0.0194,0.271,0.449,88.718,4,5,"singer_early_pop",0.62
52456,"1rhBZEgdJSBxpREgryBAC8","Webb Pierce","Golden Hits - Volume I (Vol. 1)","I'm Tired",12,117106,FALSE,0.475,-12.144,1,0.03,0.763,1.28e-06,0.0509,0.917,128.376,4,5,"singer_early_pop",0.64
52465,"2DVSIiwcO9VYsrIU025c8G","Ernest Tubb","Retrospective (Volume 2)","Boogie Woogie Baby",14,126626,FALSE,0.349,-15.185,1,0.0651,0.719,0,0.203,0.932,98.501,4,5,"singer_early_pop",0.54
52472,"6DivINwJ6U6KicOLJDbVwc","Hank Williams;Drifting Cowboys","The Ultimate Collection","You Win Again",12,156093,FALSE,0.216,-12.95,1,0.0297,0.655,1.31e-06,0.106,0.515,114.207,4,5,"singer_early_pop",0.68
52474,"4VAVSZSWgIPd8H2yuc2v1N","Railbenders","Showdown","Drinkin' Buddies",13,204893,FALSE,0.692,-6.622,1,0.0321,0.206,0,0.269,0.484,120.006,4,5,"singer_early_pop",0.54
52477,"0ECpD3MWMdQceEaHacgmr6","Floyd Cramer","Super Hits","San Antonio Rose",13,139480,FALSE,0.538,-10.984,1,0.0257,0.105,0.544,0.37,0.964,173.998,4,5,"singer_early_pop",0.54
52488,"3o9H18PKrO0320morPWZGe","George Jones","Hits I Missed And One I Didn't","He Stopped Loving Her Today",13,201266,FALSE,0.3,-9.165,1,0.0251,0.559,1.9e-06,0.128,0.258,72.073,3,5,"singer_early_pop",0.32
52512,"3te2qanWzO3NI4ubZK3r3s","George Jones","She Thinks I Still Care","Window Up Above",13,153200,FALSE,0.418,-10.293,1,0.0265,0.611,0.00307,0.291,0.6,99.292,4,5,"singer_early_pop",0.45
52516,"0wRsl0wDTmzDky2LsyxEdq","George Jones","Mr. Country and Western","If My Heart Had Windows",13,162850,FALSE,0.189,-13.603,1,0.0265,0.936,9.74e-05,0.217,0.28,77.366,3,5,"singer_early_pop",0.51
52530,"4s0aqYZcr1M1xGnngKdRwQ","George Jones;Tammy Wynette","We're Gonna Hold On","Rollin' My Sweet Baby's Arms",13,168080,FALSE,0.469,-12.455,1,0.067,0.53,0,0.809,0.734,104.981,4,5,"singer_early_pop",0.49
52539,"76ISgVglOIcgBYjK1fxmu4","Hank Williams","The Complete Hank Williams","Rockin' Chair Money",12,125200,FALSE,0.274,-12.146,1,0.032,0.953,0,0.615,0.592,162.698,3,5,"singer_early_pop",0.51
52548,"7LMwrrF3Fd6cCri2eU3nP6","George Jones","The Essential George Jones","I've Aged Twenty Years In Five",13,196760,FALSE,0.311,-13.173,1,0.029,0.543,3.02e-05,0.0988,0.136,79.951,3,5,"singer_early_pop",0.79
52557,"72WM0FEgf3I8tULmhetEyZ","Frankie Carle;Glenn Miller","Popular Recordings","Sunrise Serenade - 1989 Remastered",13,211266,FALSE,0.137,-13.043,1,0.0376,0.927,0.797,0.169,0.434,87.416,4,5,"singer_early_pop",0.41
52559,"004iWPkSRbvOEvAPLWHl9M","Ernest Tubb;The Wilburn Brothers","Definitive Hits","Mister Love",13,146493,FALSE,0.214,-10.258,1,0.0328,0.825,0,0.0624,0.405,117.765,4,5,"singer_early_pop",0.79
52582,"2pnpPi0jSSTF8B11uJEHer","Ray Price","Night Life","There's No Fool Like a Young Fool",13,175613,FALSE,0.193,-14.913,1,0.0352,0.876,0.00323,0.137,0.384,108.319,4,5,"singer_early_pop",0.35
52587,"60lbmlHBEumWFEKKFQso8D","Charlie Walker","Charlie Walker: Greatest Honky Tonk Hits","Wild As A Wildcat - Single Version",12,131173,FALSE,0.443,-12.559,1,0.0464,0.735,0,0.117,0.972,181.319,4,5,"singer_early_pop",0.33
52593,"6XPInCUR2OZPeogvKoJKLT","Ray Price","The Essential Ray Price","I'll Be There (If You Ever Want Me) - 78rpm Version",12,146440,FALSE,0.276,-10.901,1,0.0298,0.732,0,0.233,0.748,74.588,4,5,"singer_early_pop",0.62
52597,"6oW9fQjLACOXKlnvU7k1kW","George Jones","The Best Of George Jones","When The Grass Grows Over Me",12,173946,FALSE,0.291,-10.67,1,0.0296,0.712,0,0.216,0.514,145.213,3,5,"singer_early_pop",0.62
52603,"6JbQtKOFvaVdGJAzjMT1to","George Jones","The Gospel Collection: George Jones Sings The Greatest Stories Ever Told","Why Me Lord?",35,178733,FALSE,0.384,-7.41,1,0.0295,0.511,1.19e-05,0.0977,0.299,72.958,3,5,"singer_early_pop",0.57
52604,"6BUtGlhMn4DtxlgpkgbQXW","Webb Pierce;Anita Kerr Singers","Songs of Faith","Hold Fast to the Right",11,143920,FALSE,0.273,-11.787,1,0.029,0.786,0,0.114,0.606,137.39,4,5,"singer_early_pop",0.63
52607,"5NeCpcy2GsjkpSaYbIxn5q","Carl Smith","The Essential Carl Smith","Loose Talk",12,152586,FALSE,0.455,-10.84,1,0.0369,0.727,0,0.26,0.964,113.381,4,5,"singer_early_pop",0.25
52635,"5B438PZhFMwicXi6j4yafq","The Dirt Drifters","This Is My Blood","Something Better",12,220733,FALSE,0.922,-4.344,0,0.0461,0.00348,0.0022,0.0838,0.599,108.042,4,5,"singer_early_pop",0.61
52637,"6zQlE91bArJNjYekAnE5jK","George Jones","The Essential George Jones: The Spirit Of Country","Same Ole Me",11,172000,FALSE,0.223,-15,1,0.0281,0.702,0,0.123,0.415,109.595,4,5,"singer_early_pop",0.73
52645,"75Pn6zaFyyGnbRDuIKKTQ5","Hank Williams","The Complete Hank Williams","Wait For The Light To Shine",13,160440,FALSE,0.304,-10.619,1,0.0397,0.89,0,0.729,0.55,194.911,1,5,"singer_early_pop",0.48
52646,"5dRdr89xxtkC6f752Rkqrd","Stonewall Jackson","Here's To Hank","I'm So Lonesome I Could Cry",11,192586,FALSE,0.392,-8.95,1,0.0289,0.65,0.00983,0.0907,0.353,96.445,3,5,"singer_early_pop",0.71
52648,"16E6y0gt1Bl4bfUEzJJWNY","Hank Williams","The Complete Hank Williams","A Home In Heaven",12,124533,FALSE,0.207,-13.69,1,0.0312,0.976,1.06e-05,0.384,0.728,142.208,3,5,"singer_early_pop",0.44
52651,"0P2DLw3xEcOgyYI7Ye4whM","Hank Williams","The Garden Spot Programs, 1950","The Garden Spot Jingle - Show 4",20,30520,FALSE,0.366,-5.789,1,0.0591,0.919,0,0.577,0.937,136.877,3,5,"singer_early_pop",0.61
52653,"4KVLv0cL4WQdzKgQtdB8O6","Crazy Otto","The Very Best Of","Darktown Strutters Ball",11,143373,FALSE,0.355,-19.74,0,0.0453,0.734,0.903,0.0731,0.891,95.479,4,5,"singer_early_pop",0.54
52662,"3fElYKBX9iQMwJ2EhU3tnO","Hank Williams","The Lonesome Sound Of Hank Williams","It Just Don't Matter Now",12,148973,FALSE,0.369,-9.667,1,0.0277,0.985,0,0.34,0.41,107.416,4,5,"singer_early_pop",0.46
52671,"1vYK7vui1sE6cuIsxJnppQ","George Jones","Done Gone","Hearts in My Dreams",11,153333,FALSE,0.416,-7.789,1,0.0296,0.876,0.00233,0.21,0.652,115.362,3,5,"singer_early_pop",0.65
52686,"6hBC4mnDpgsYYJKPQmsb5L","George Jones","Greatest Hits from the King of Country","Let a Little Lovin' Come In,",12,139040,FALSE,0.787,-8.678,1,0.0433,0.522,0,0.208,0.967,89.816,4,5,"singer_early_pop",0.53
52703,"3UhT4S5MOPmP05jQLQCNow","Dead Hot Workshop","1001","Vinyl Advice",11,222466,FALSE,0.855,-7.742,1,0.0421,0.00812,4.36e-06,0.302,0.672,142.771,4,5,"singer_early_pop",0.56
52708,"2aPFj4Ixo8jacTpKRUZ6vu","Hank Williams;Drifting Cowboys","The Complete Hank Williams","Alone And Forsaken - Single Version",34,119266,FALSE,0.184,-12.326,0,0.0651,0.971,0.00736,0.133,0.482,151.239,3,5,"singer_early_pop",0.38
52717,"2evn0KA073DOKHsWZIwvPg","Hank Williams;Drifting Cowboys","Apollo 13 (Original Motion Picture Soundtrack)","Honky Tonkin'",11,162306,FALSE,0.23,-19.082,1,0.0328,0.863,0,0.145,0.855,167.435,4,5,"singer_early_pop",0.39
52733,"3yTH2SF9KL6mQwVxezaBKN","George Jones","Fine Country Wine","Heartaches And Hangovers",12,134666,FALSE,0.533,-12.519,1,0.0424,0.403,0,0.238,0.852,156.817,4,5,"singer_early_pop",0.6
52742,"2MwrPYAbIYDTsZ3jtbD6fK","Hank Williams","The Complete Hank Williams","At The First Fall Of Snow",11,190866,FALSE,0.186,-13.867,1,0.0294,0.984,1.62e-06,0.349,0.35,114.57,3,5,"singer_early_pop",0.72
52755,"2kZDfMUJYaA64FvAVc7mZ6","Winifred Atwell","Ragtime Lady","Five Finger Boogie",11,129645,FALSE,0.647,-13.536,0,0.0383,0.777,0.91,0.0544,0.961,117.952,4,5,"singer_early_pop",0.56
52758,"7ABhvt8mK33Pe0THuK6d3i","Ray Price","The Essential Ray Price 1951-1962","Crazy Arms",12,151573,FALSE,0.36,-10.69,1,0.033,0.772,0,0.345,0.688,116.809,4,5,"singer_early_pop",0.31
52763,"6Vf3F1AnPANnD3U18aVMMA","Floyd Cramer","The Essential Floyd Cramer","San Antonio Rose",12,140000,FALSE,0.48,-13.191,1,0.0264,0.483,0.569,0.14,0.969,87.077,4,5,"singer_early_pop",0.53
52769,"3IR2OOI0vzNohl8fcs3np8","Hank Williams;Drifting Cowboys","Gospel Favorites","I Saw The Light",11,165466,FALSE,0.259,-12.576,1,0.0266,0.957,6.7e-05,0.193,0.535,102.19,4,5,"singer_early_pop",0.45
52773,"0axGHysbPl9M9KU6YS8ZET","George Jones","All-Time Greatest Hits Vol. 1","White Lightnin'",11,155000,FALSE,0.605,-14.632,0,0.0728,0.231,0.000327,0.119,0.588,141.765,4,5,"singer_early_pop",0.36
52775,"6JWuEObD6pTSNgQrfk474E","Faron Young","Country Dance Favorites","Am I That Easy to Forget",12,117000,FALSE,0.203,-16.535,1,0.0296,0.928,0.00265,0.232,0.408,106.232,4,5,"singer_early_pop",0.48
52777,"3A75RZd3jmpqVS2hygxiC0","Ray Price","The Essential Ray Price","You're the Best Thing That Ever Happened to Me",12,228440,FALSE,0.225,-15.295,1,0.0291,0.911,0.0233,0.0683,0.438,86.628,4,5,"singer_early_pop",0.45
52778,"6LdscuidyhVyr0ydxUfd8E","Ray Price","Beauty Is...The Final Sessions","This Thing of Ours",12,179866,FALSE,0.397,-9.2,1,0.0352,0.8,3.79e-06,0.0951,0.31,131.294,4,5,"singer_early_pop",0.61
52782,"5ULLAuJgn4Of7XhwtWMBh2","Ray Price","Ray Price - 16 Biggest Hits","Make the World Go Away",11,152226,FALSE,0.268,-11.46,1,0.0281,0.866,0.0123,0.175,0.409,68.809,4,5,"singer_early_pop",0.68
52786,"2R8ejIdcNa1SyIiWULs9yJ","George Jones","One Woman Man","Radio Lover",11,205573,FALSE,0.282,-18.19,1,0.0405,0.513,2.47e-05,0.243,0.29,121.163,4,5,"singer_early_pop",0.71
52791,"0fMyKyQHJOTNUN1Tg1XcNU","Ray Price","The Essential Ray Price","Invitation to the Blues - Single Version",11,167573,FALSE,0.345,-9.09,1,0.0287,0.749,0,0.0975,0.801,117.11,4,5,"singer_early_pop",0.54
52805,"3kxaIfguz1DJtpqA0pUJqA","Curtis Potter;Tony Booth;Darrell McCall","The Survivors","Whiskey Man",10,143400,FALSE,0.354,-8.838,1,0.0299,0.542,0.000592,0.124,0.842,117.484,4,5,"singer_early_pop",0.7
52807,"5DmvP4EZ7gZDHevJcEnSOy","Carl & Pearl Butler","A Family Affair: The Best of Butler & Mosby","We'll Sweep Out the Ashes In the Morning",10,150866,FALSE,0.381,-11.258,1,0.0305,0.865,8.96e-06,0.361,0.714,125.545,4,5,"singer_early_pop",0.38
52818,"44iP5ZxeA8Z8rQ8dBtxG4b","Lefty Frizzell","The Complete Columbia Recording Sessions, Vol. 9 - 1968-1972","What Am I Gonna Do",11,155746,FALSE,0.281,-15.195,1,0.027,0.902,0.00333,0.109,0.554,97.444,4,5,"singer_early_pop",0.59
52820,"6z7nW6KrG42sUHSNNncgqV","Mrs Mills","The Very Best Of Mrs Mills","When You're Smiling - 2003 Remaster",10,177373,FALSE,0.678,-11.191,1,0.0343,0.223,0.958,0.447,0.96,113.031,4,5,"singer_early_pop",0.79
52824,"4cCekk4XfJUhp9AHE8Ekty","Darrell McCall","The Essential Darrell McCall","Down the Road of Daddy's Dreams",10,221533,FALSE,0.512,-9.637,1,0.0289,0.225,0.000514,0.0902,0.336,91.718,4,5,"singer_early_pop",0.67
52827,"6iNGl0ezWGkWfN7u5xvpp7","Charline Arthur","Cowboy Swing Classics, Vol. 2","Burn That Candle",10,133066,FALSE,0.347,-15.343,1,0.0537,0.839,0.000649,0.352,0.973,114.833,4,5,"singer_early_pop",0.76
52848,"35xKZq3krMkOKaoiYYRbw8","Lefty Frizzell;Johnny Bond","The Essential Lefty Frizzell","Sick, Sober and Sorry (with Johnny Bond)",12,150706,FALSE,0.482,-13.168,1,0.0523,0.395,1.39e-06,0.0846,0.903,108.019,4,5,"singer_early_pop",0.61
52849,"7brsalHHhdGtftOA5sDWwM","Stonewall Jackson","The Essential Stonewall Jackson","Life of a Poor Boy",10,142506,FALSE,0.7,-7.606,1,0.0359,0.653,0,0.0434,0.911,97.673,4,5,"singer_early_pop",0.64
52854,"19yK9oJoX5BrSjm9KhObFY","Jo Ann Castle","It's Ragtime!","Maple Leaf Rag",10,123000,FALSE,0.515,-11.935,1,0.0392,0.708,0.913,0.0549,0.972,131.497,4,5,"singer_early_pop",0.58
52855,"6JGPO5gegKDkVDvQCY1Tdb","Johnny Maddox","Dixieland Blues","Tishomingo Blues",11,143853,FALSE,0.444,-9.853,1,0.0341,0.739,0.91,0.335,0.963,143.034,4,5,"singer_early_pop",0.71
52856,"4pylZ951xsdt5txv9Pgl3k","Vernon Oxford","Woman, Let Me Sing You a Song (Expanded Edition)","Forgetfulness for Sale",10,159493,FALSE,0.383,-12.508,1,0.0321,0.57,0,0.161,0.577,131.277,4,5,"singer_early_pop",0.58
52858,"21Pd1WUJTmscbEzqRIJyJZ","Hank Williams;Drifting Cowboys","Low Down Blues","Why Should We Try Anymore - Single Version",11,159360,FALSE,0.271,-12.371,1,0.0302,0.868,0,0.261,0.585,126.007,4,5,"singer_early_pop",0.54
52872,"6tv8ss5hcSXSPvE7x77How","George Jones","Sings The Great Songs Of Leon Payne","Lifetime To Regret",11,167066,FALSE,0.297,-14.744,1,0.0294,0.805,0.00416,0.152,0.653,108.008,4,5,"singer_early_pop",0.51
52878,"2n3YjUXsWarXRIPagtgkm7","George Jones","Wine Colored Roses","Ol' Frank",9,166493,FALSE,0.246,-15.467,1,0.035,0.566,0,0.184,0.317,131.509,3,5,"singer_early_pop",0.56
52891,"7r37gypCYvuTUhhnQBh4PG","Hank Williams","The Complete Hank Williams","If You'll Be A Baby To Me",10,56506,FALSE,0.241,-14.017,1,0.0407,0.838,4.8e-05,0.335,0.399,147.295,4,5,"singer_early_pop",0.63
52900,"1YZ9mU9r6RXjTRee6G8GLU","George Jones","The Grand Tour","The Grand Tour - Single Version",43,186786,FALSE,0.184,-15.398,1,0.0288,0.895,0.000414,0.204,0.423,89.051,4,5,"singer_early_pop",0.7
52923,"36dLFgmkJtbAaiabR6a7Bo","George Jones","Mr. Country and Western","No Blues Is Good News",9,147799,FALSE,0.651,-10.95,1,0.0316,0.618,0,0.0747,0.961,96.373,4,5,"singer_early_pop",0.53
52934,"7EL3MPsCAeawyvb9uMD8Jk","George Jones","All-Time Greats (Original Musicor Records Recordings)","I'll See You A While Ago",10,152133,FALSE,0.493,-14.062,1,0.0671,0.77,0,0.155,0.895,175.784,4,5,"singer_early_pop",0.55
52936,"1Yyj15isn15ocDDwCkmC9Y","George Jones;The Smoky Mountain Boys","George Jones & The Smoky Mountain Boys","Wreck On The Highway",11,151986,FALSE,0.52,-7.279,1,0.0284,0.582,0,0.332,0.726,149.435,3,5,"singer_early_pop",0.74
52940,"0ycPLftaZuX8TC9mAkC2VC","George Jones","All-Time Greats (Original Musicor Records Recordings)","Milwaukee Here I Come",10,156720,FALSE,0.469,-12.32,1,0.0437,0.452,0,0.383,0.921,205.402,4,5,"singer_early_pop",0.4
52949,"4e9XbLwP36HAnKnCrESVAo","George Jones","I Get Lonely In A Hurry","Book Of Memories",10,165666,FALSE,0.229,-9.835,1,0.0251,0.674,0,0.269,0.276,80.209,3,5,"singer_early_pop",0.65
52964,"3ot7yfRXpFYYmBBZ8XrM2f","George Jones","Too Wild Too Long","I'm a Survivor",10,190213,FALSE,0.279,-13.727,1,0.0271,0.729,3.01e-06,0.187,0.313,89.825,3,5,"singer_early_pop",0.63
52973,"6jVEABkw2c3tO40bfU7yw4","Hank Williams","The Complete Hank Williams","Don't Do It Darling",9,111026,FALSE,0.637,-8.958,0,0.0431,0.994,0,0.339,0.683,74.393,3,5,"singer_early_pop",0.53
52987,"0kqzPzxVp4qDTEaAqLG6Iq","Hank Williams","The Complete Hank Williams","I Cried Again - Rare Radio Performance",9,191506,FALSE,0.281,-13.552,1,0.0277,0.989,4.73e-06,0.767,0.569,71.538,4,5,"singer_early_pop",0.32
52994,"5tjRbvA8nJiSoybzhunifE","George Jones","George Jones Salutes Hank Williams","Jambalaya (On The Bayou)",10,133653,FALSE,0.372,-10.968,1,0.036,0.708,0,0.0996,0.774,164.102,4,5,"singer_early_pop",0.65
53005,"08bNPGLD8AhKpnnERrAc6G","Marshmello;Anne-Marie","FRIENDS","FRIENDS",79,202620,TRUE,0.88,-2.384,0,0.0504,0.205,0,0.128,0.534,95.079,4,9,"global_dance_urban",0.56
53009,"23L5CiUhw2jV1OIMwthR3S","Martin Garrix;Bebe Rexha","In the Name of Love","In the Name of Love",79,195706,FALSE,0.519,-5.88,0,0.0409,0.109,0,0.454,0.168,133.99,4,9,"global_dance_urban",0.5
53011,"6RUKPb4LETWmmr3iAEQktW","The Chainsmokers;Coldplay","Memories...Do Not Open","Something Just Like This",85,247160,FALSE,0.635,-6.769,0,0.0317,0.0498,1.44e-05,0.164,0.446,103.019,4,9,"global_dance_urban",0.65
53014,"698ItKASDavgwZ3WjaWjtz","Alan Walker","Different World","Faded",80,212106,FALSE,0.627,-5.085,1,0.0476,0.0281,7.97e-06,0.11,0.159,179.642,4,9,"global_dance_urban",0.55
53030,"4e5s77PZaf4ulqs5bFeik9","Tiësto;Charli XCX","Brandneu Dance","Hot in It",0,129817,FALSE,0.841,-5.08,1,0.177,0.00445,1.33e-06,0.0413,0.717,123.045,4,9,"global_dance_urban",0.3
53062,"3ebXMykcMXOcLeJ9xZ17XH","Martin Garrix;Dua Lipa","Scared to Be Lonely","Scared to Be Lonely",78,220883,FALSE,0.54,-7.786,0,0.0576,0.0895,0,0.261,0.195,137.972,4,9,"global_dance_urban",0.28
53063,"20McUFi8KCIVdNDLrkTDuZ","HVME","Goosebumps","Goosebumps",75,163208,TRUE,0.659,-7.429,1,0.0444,0.325,0,0.13,0.439,124.946,4,9,"global_dance_urban",0.48
53074,"5knuzwU65gJK7IF5yJsuaW","Clean Bandit;Sean Paul;Anne-Marie","Rockabye (feat. Sean Paul & Anne-Marie)","Rockabye (feat. Sean Paul & Anne-Marie)",75,251088,FALSE,0.763,-4.068,0,0.0523,0.406,0,0.18,0.742,101.965,4,9,"global_dance_urban",0.41
53092,"4wobSR77IcbVP58BUwllTy","Marshmello;Bastille","Workout Hits 2023","Happier",1,214289,FALSE,0.792,-2.749,1,0.0452,0.191,0,0.167,0.671,100.011,4,9,"global_dance_urban",0.34
53113,"6FoUUkUM4fVdh5pLZyxgjz","Fly By Midnight;Jake Miller","Automatic (feat. Jake Miller)","Automatic (feat. Jake Miller)",68,157472,TRUE,0.529,-6.184,1,0.0277,0.239,2.35e-05,0.099,0.371,134.966,4,9,"global_dance_urban",0.66
53115,"0lG6QM1jjbbX5UUn3DPmrZ","Alan Walker;Sorana","Different World","Lost Control",65,222320,FALSE,0.555,-4.689,1,0.0757,0.0345,0.000157,0.0798,0.323,91.997,4,9,"global_dance_urban",0.29
53130,"4lftmZjJPhQ9fR67DFiO8n","Robin Schulz;Francesco Yates","Comme un lundi","Sugar",3,219043,FALSE,0.813,-5.098,0,0.0578,0.0187,0,0.163,0.641,123.065,4,9,"global_dance_urban",0.38
53132,"2PkBAXnfavpSySBRWaoxjf","Becky Hill;David Guetta","Arbeitsmusik Herbst/Winter 2022/2023","Remember",0,161386,FALSE,0.864,-3.12,1,0.0378,0.0682,0,0.087,0.555,123.833,4,9,"global_dance_urban",0.42
53142,"1wLp6kHSEGXGMHfONnUaxN","Alesso;Tove Lo","Electro sounds","Heroes (we could be)",0,211573,FALSE,0.748,-4.124,1,0.062,0.0308,0,0.295,0.356,125.889,4,9,"global_dance_urban",0.47
53149,"3Jzv8kj8UoP9ntmEBDab65","Robin Schulz;Francesco Yates","Summer Music Festival Hits","Sugar",0,219043,FALSE,0.813,-5.098,0,0.0578,0.0187,0,0.163,0.641,123.065,4,9,"global_dance_urban",0.49
53154,"2uDyv5rw4333xY5obTeByt","Alan Walker;Au/Ra","Walkerverse, Pt. I","Somebody Like U",68,191098,FALSE,0.691,-6.497,1,0.0621,0.156,0,0.177,0.207,124.957,4,9,"global_dance_urban",0.5
53159,"2LsPArKkazeaqQzBrPh0iP","MEDUZA;James Carter;Elley Duhé;FAST BOY","Electro sounds","Bad Memories",1,148629,FALSE,0.767,-6.069,0,0.0474,0.118,0,0.122,0.662,123.998,3,9,"global_dance_urban",0.54
53161,"2tzcfQVPDTKag67JRzct87","MEDUZA;James Carter;Elley Duhé;FAST BOY","Top Trending Romania - Vara 2022","Bad Memories",6,148629,FALSE,0.767,-6.069,0,0.0474,0.118,0,0.122,0.662,123.998,3,9,"global_dance_urban",0.61
53162,"152vVEXwvqA107UFPqb3gG","MEDUZA;Becky Hill;Goodboys","10's Music Grandi Successi","Lose Control",0,168387,FALSE,0.527,-8.658,0,0.0412,0.127,0,0.14,0.535,123.946,4,9,"global_dance_urban",0.55
53171,"03FrsymZUDrFC3aBVrvKA1","MEDUZA;James Carter;Elley Duhé;FAST BOY","Ballermann Hits Party 2023","Bad Memories",0,148629,FALSE,0.767,-6.069,0,0.0474,0.118,0,0.122,0.662,123.998,3,9,"global_dance_urban",0.19
53174,"7sWuIc5mCxnkyMvg9Yw7Q0","Swedish House Mafia;Connie Constance","EDM Gaming Music Autumn/Winter 2022","Heaven Takes You Home",0,214071,FALSE,0.738,-5.931,0,0.0379,0.0124,0.00598,0.0923,0.0389,125.037,4,9,"global_dance_urban",0.22
53178,"75SaMR1ikwoGSrrfeITsVX","Swedish House Mafia;Sting","Larga Vida al Electro","Redlight",1,242904,FALSE,0.655,-5.999,1,0.0444,0.00857,0.162,0.0572,0.207,125.012,4,9,"global_dance_urban",0.46
53183,"0u5K7xSRTLnBkeERwTypzN","MEDUZA;Goodboys","pov: it's 2019","Piece Of Your Heart",0,152913,FALSE,0.744,-6.806,0,0.0296,0.0405,0.000153,0.074,0.631,124.077,4,9,"global_dance_urban",0.31
53186,"3QEJ6F9JMYN2iFuWI2AVK3","Becky Hill;Joel Corry","From The Ashes - New Beats","HISTORY",0,176609,TRUE,0.86,-3.318,1,0.0369,0.155,3.21e-06,0.359,0.771,122.975,4,9,"global_dance_urban",0.45
53200,"6jA8HL9i4QGzsj6fjoxp8Y","Martin Garrix;Troye Sivan","There for You","There for You",69,221904,FALSE,0.644,-7.607,0,0.0553,0.124,0,0.124,0.13,105.969,4,9,"global_dance_urban",0.35
53208,"1x5sYLZiu9r5E43kMlt9f8","Clean Bandit;Zara Larsson","Symphony (feat. Zara Larsson)","Symphony (feat. Zara Larsson)",75,212459,FALSE,0.629,-4.581,0,0.0563,0.259,1.6e-05,0.138,0.457,122.863,4,9,"global_dance_urban",0.49
53214,"7jEyX4bqaCSdMN4D4JNnVj","Jonas Blue;William Singe","Blue","Mama",74,184133,FALSE,0.794,-4.118,0,0.0416,0.101,0,0.0533,0.566,104.014,4,9,"global_dance_urban",0.5
53241,"4zwthrpGFN6edk5u7FptKJ","Anne-Marie","Christmas Time","Think of Christmas",1,170306,FALSE,0.829,-5.557,0,0.0769,0.221,0,0.139,0.76,90.062,4,9,"global_dance_urban",0.36
53247,"5xXgHt6CAVvsgFFzFfpoxg","Anne-Marie;Niall Horan;Just Kiddin","Feeling Good","Our Song - Just Kiddin Remix",0,156093,FALSE,0.92,-5.135,0,0.0422,0.051,0.000353,0.102,0.946,118.942,4,9,"global_dance_urban",0.16
53254,"4xMbBESczlHPUO8QeYi56p","Becky Hill;Topic","My Heart Goes (La Di Da) (feat. Topic)","My Heart Goes (La Di Da) (feat. Topic)",75,148960,FALSE,0.781,-5.578,0,0.0452,0.0185,3.12e-05,0.295,0.456,124.04,4,9,"global_dance_urban",0.56
53275,"623TdbJc1yLr8dIepsFV2v","Zedd;Maren Morris;Grey","Queda poco para la PAES","The Middle",0,184732,FALSE,0.657,-3.061,1,0.045,0.173,0,0.112,0.435,107.013,4,9,"global_dance_urban",0.52
53280,"6wXeRgZClAnD88ypGDaVuQ","Topic;Bebe Rexha","Night Drive Autumn/Winter 2022/23","Chain My Heart",0,146880,FALSE,0.849,-4.462,0,0.0334,0.0791,1.2e-06,0.192,0.722,123.992,4,9,"global_dance_urban",0.39
53294,"7o2G318KZiekaMH0tNEwQB","Jax Jones;Years & Years","Queda poco para la PAES","Play",0,186386,FALSE,0.815,-6.544,0,0.0428,0.0127,0,0.269,0.597,125.052,4,9,"global_dance_urban",0.39
53299,"4ILg36l6cAmhC0QT4lImc0","Jax Jones;Demi Lovato;Stefflon Don","Queda poco para la PAES","Instruction",0,165906,TRUE,0.923,-3.107,0,0.189,0.103,0,0.105,0.936,121.081,4,9,"global_dance_urban",0.5
53311,"6urUsxKmMUmfbraWTeUwgI","Joel Corry;Mabel","Cuddle Up Christmas","I Wish (Christmas Version)",0,200595,FALSE,0.603,-6.555,1,0.0317,0.241,0,0.132,0.192,106.025,4,9,"global_dance_urban",0.34
53335,"2Ir2S7YpHlTuDNtBFBW1kP","Felix Jaehn;The Stickmen Project;Calum Scott","EDM Gaming Music Autumn/Winter 2022","Rain In Ibiza",0,141931,FALSE,0.898,-5.964,1,0.0413,0.0844,0.0347,0.316,0.722,123.996,4,9,"global_dance_urban",0.41
53352,"7EVk9tRb6beJLTHrg6AkY9","Burak Yeter;Danelle Sandoval","Tuesday (feat. Danelle Sandoval)","Tuesday (feat. Danelle Sandoval)",72,241874,FALSE,0.639,-6.052,0,0.0688,0.0156,0.0654,0.0545,0.675,99.002,4,9,"global_dance_urban",0.54
53362,"1eGW1YBT17a5G1hKPWrpW7","Kygo;Dean Lewis","Lost Without You (with Dean Lewis)","Lost Without You (with Dean Lewis)",75,203609,FALSE,0.575,-6.243,1,0.0564,0.265,0,0.0932,0.343,117.887,4,9,"global_dance_urban",0.52
53393,"6d0xPGYOpstGJ0vM3QEd7Y","Jonas Blue;RAYE","Concierto en la ducha","By Your Side",0,201254,FALSE,0.743,-3.851,1,0.033,0.0773,0,0.0587,0.637,122.998,4,9,"global_dance_urban",0.53
53396,"2chqxbeA3IiRlhe9firf8a","Jonas Blue;JP Cooper","Autumn Vibes 2022","Perfect Strangers",0,196613,FALSE,0.863,-4.079,1,0.0458,0.393,0,0.271,0.728,118.029,4,9,"global_dance_urban",0.52
53399,"3qDnNraAXKUm1uz8UWFq26","Felix Jaehn;Jasmine Thompson","Autumn Vibes 2022","Ain't Nobody (Loves Me Better)",0,186146,FALSE,0.566,-6.969,0,0.0314,0.681,0.000241,0.0696,0.454,117.976,4,9,"global_dance_urban",0.31
53403,"0b5CzUhyShYuDdtW5J4wm2","Calvin Harris;Charlie Puth;Shenseea","Funk Wav Bounces Vol. 2","Obsessed (with Charlie Puth & Shenseea)",73,226497,TRUE,0.74,-6.343,0,0.0333,0.246,3.3e-05,0.299,0.903,99.993,4,9,"global_dance_urban",0.24
53405,"2ISSQPb9LHHiV6ng2NXosL","Zedd;Jon Bellion","True Colors","Beautiful Now",70,218293,FALSE,0.833,-4.126,0,0.0282,0.0079,1.48e-05,0.074,0.56,128.003,4,9,"global_dance_urban",0.35
53407,"1I8tHoNBFTuoJAlh4hfVVE","Kygo;Conrad Sewell","Cloud Nine","Firestone",77,271640,FALSE,0.634,-7.374,0,0.0428,0.393,3.17e-05,0.0952,0.411,113.927,4,9,"global_dance_urban",0.58
53409,"500mvzh7TRZ0YdnVeHhj8b","Major Lazer;Nyla;Fuse ODG","Peace Is The Mission (Extended)","Light It Up - Remix",67,166138,FALSE,0.877,-3.782,0,0.0664,0.0375,0.000833,0.233,0.752,107.991,4,9,"global_dance_urban",0.33
53412,"1f7cJyMQrBF3V64TPnbfsI","Besomorph;N3WPORT;Meo","Falling","Falling",60,149571,FALSE,0.777,-6.175,0,0.0742,0.0183,0,0.111,0.252,139.967,4,9,"global_dance_urban",0.36
53421,"5OYCHXsuACS1yIWLgxgltY","Gryffin;Elley Duhé","Larga Vida al Electro","Tie Me Down",2,218239,FALSE,0.845,-2.292,1,0.0597,0.136,0,0.111,0.322,98.976,4,9,"global_dance_urban",0.45
53426,"1Z4Abuc0cgkfoB7591S8gv","Clean Bandit","The State of Pop","Nightingale",0,164882,FALSE,0.507,-9.125,0,0.175,0.104,0,0.0949,0.263,150.198,4,9,"global_dance_urban",0.33
53453,"3vv9phIu6Y1vX3jcqaGz5Z","The Chainsmokers;ROZES","Roses","Roses",74,226738,FALSE,0.802,-7.055,1,0.0561,0.0435,0.00377,0.309,0.343,100.001,4,9,"global_dance_urban",0.48
53465,"7dTd00X8Mc5iErfQQyBA6B","The Chainsmokers","So Far So Good","Riptide",65,171359,FALSE,0.734,-5.712,1,0.0426,0.28,0.000101,0.147,0.894,91.014,4,9,"global_dance_urban",0.69
53468,"6iW38RGqdDGOofmz2HeXLW","MEDUZA;Alok;Goodboys","Piece Of Your Heart (Alok Remix)","Piece Of Your Heart - Alok Remix",75,166451,FALSE,0.86,-4.38,0,0.0413,0.0312,0.0137,0.334,0.192,124.033,4,9,"global_dance_urban",0.48
53492,"0OJN2A3Qyvd7pwSF0AIteC","NOTD;shy martin","Keep You Mine","Keep You Mine",68,174760,FALSE,0.788,-3.663,1,0.0447,0.267,0.000172,0.196,0.845,135.991,4,9,"global_dance_urban",0.38
53500,"0U0ldCRmgCqhVvD6ksG63j","Kavinsky","Nightcall","Nightcall",73,258413,FALSE,0.874,-5.183,0,0.0482,0.00842,0.012,0.452,0.361,91.038,4,9,"global_dance_urban",0.48
53508,"2yEHX6MqAXPyD7bm47A2Br","Tiësto;Black Eyed Peas","Pump It Louder","Pump It Louder",76,158571,FALSE,0.942,-2.273,1,0.185,0.00789,1.76e-05,0.834,0.543,126.017,4,9,"global_dance_urban",0.6
53524,"3nEHrvNNtgLv9rneTAYVr4","Swedish House Mafia;Connie Constance","Paradise Again","Heaven Takes You Home (feat. Connie Constance)",79,214071,FALSE,0.738,-5.931,0,0.0379,0.0124,0.00598,0.0923,0.0389,125.037,4,9,"global_dance_urban",0.58
53527,"0b7qBgsDlYz5koxoIdTZTe","Fly By Midnight","Silver Crane","Tomorrow",64,185474,FALSE,0.669,-5.698,1,0.037,0.112,0,0.115,0.405,149.969,4,9,"global_dance_urban",0.38
53535,"3NuK5xMlSlB6K2Qp16zf3h","Clean Bandit;Demi Lovato","What Is Love? (Deluxe Edition)","Solo (feat. Demi Lovato)",66,222706,FALSE,0.622,-4.608,0,0.0446,0.0357,4.85e-05,0.356,0.556,104.966,4,9,"global_dance_urban",0.44
53553,"4jVBIpuOiMj1crqd8LoCrJ","Travis Scott;Young Thug;M.I.A.","FRANCHISE (feat. Young Thug & M.I.A.)","FRANCHISE (feat. Young Thug & M.I.A.)",70,202794,TRUE,0.699,-5.405,0,0.277,0.00671,0,0.195,0.547,154.981,4,9,"global_dance_urban",0.42
53555,"4crczEC1PpoD8TsDsmoWNI","Imanbek;Goodboys","Goodbye","Goodbye",70,144000,FALSE,0.931,-3.447,0,0.0563,0.0225,0.000102,0.191,0.517,125.011,4,9,"global_dance_urban",0.37
53572,"5iMObLrpUubKDBD5FvVZA2","Mabel","Weihnachtspop 2022","Loneliest Time Of Year",0,202693,FALSE,0.609,-5.702,1,0.0291,0.0631,0,0.106,0.239,92.093,4,9,"global_dance_urban",0.39
53574,"4OSIb3Fj9b8h38iOoBoAK9","Nathan Dawe;Ella Henderson","Hit After Hit","21 Reasons",0,155253,FALSE,0.785,-4.499,1,0.11,0.0165,5.92e-06,0.0512,0.779,123.96,4,9,"global_dance_urban",0.6
53581,"43gjuoEXiaaf9gKuwX7RDp","Nathan Dawe;Ella Henderson","Cardio Tracks","21 Reasons",0,155253,FALSE,0.785,-4.499,1,0.11,0.0165,5.92e-06,0.0512,0.779,123.96,4,9,"global_dance_urban",0.54
53584,"70TpTZFReW52csA4Az7alJ","Nathan Dawe;Ella Henderson","Your Perfect Soundtrack","21 Reasons",0,155253,FALSE,0.785,-4.499,1,0.11,0.0165,5.92e-06,0.0512,0.779,123.96,4,9,"global_dance_urban",0.32
53585,"4X0uV0HgoNJhxCpPDKXArv","Nathan Dawe;Ella Henderson","All Bops","21 Reasons",0,155253,FALSE,0.785,-4.499,1,0.11,0.0165,5.92e-06,0.0512,0.779,123.96,4,9,"global_dance_urban",0.62
53587,"4VnsZmAkvBEX5BWxMAWBBG","Nathan Dawe;Ella Henderson","WORKOUT MOTIVATION","21 Reasons",0,155253,FALSE,0.785,-4.499,1,0.11,0.0165,5.92e-06,0.0512,0.779,123.96,4,9,"global_dance_urban",0.55
53598,"5H3JW2JiQG432dldneCyW1","JP Cooper","Pop Fun and Christmas Music 2022","September Song",0,220290,FALSE,0.615,-6.7,0,0.0444,0.054,0,0.0921,0.374,95.942,4,9,"global_dance_urban",0.31
53603,"6OufwUcCqo81guU2jAlDVP","Shouse","Love Tonight","Love Tonight - Edit",78,241970,FALSE,0.681,-7.114,0,0.0265,0.00214,0.000307,0.0861,0.448,123.028,4,9,"global_dance_urban",0.61
53605,"3Nku6gLNqnwUuq8GLkqyhW","Armin van Buuren;Vini Vici;Hilight Tribe","Great Spirit","Great Spirit",66,215773,FALSE,0.911,-7.975,1,0.0659,0.00608,0.0123,0.223,0.211,103.517,3,9,"global_dance_urban",0.51
53621,"7509yxRl7vJCNvTTH9ANKb","Years & Years","Best Road Trip Pop Tunes","Crave",0,197073,TRUE,0.84,-3.942,0,0.268,0.0827,0,0.435,0.64,127.998,4,9,"global_dance_urban",0.54
53628,"2A5wg4aSc7X1Ej2fnOBJ9n","Mabel","Christmas Songs 2022","Loneliest Time Of Year",0,202693,FALSE,0.609,-5.702,1,0.0291,0.0631,0,0.106,0.239,92.093,4,9,"global_dance_urban",0.45
53638,"6IjtnlEV9IzgkTKr1DloeN","Mabel","Halloween Party 2022","Bad Behaviour",0,205880,FALSE,0.812,-4.334,1,0.0414,0.00451,2.19e-06,0.0787,0.421,106.998,4,9,"global_dance_urban",0.65
53641,"3kCn3zYPp9suJLSZGM2Yma","Mabel","Anímate, es viernes","Let Them Know",1,148773,TRUE,0.864,-5.601,1,0.0838,0.0121,0,0.0796,0.839,124.981,4,9,"global_dance_urban",0.48
53643,"5024So4R2W5xFud82QDAKe","Mabel","Queda poco para la PAES","Don't Call Me Up",0,178480,FALSE,0.88,-2.853,1,0.137,0.296,2.97e-06,0.0793,0.228,98.855,4,9,"global_dance_urban",0.45
53654,"2Gl0FzuLxflY6nPifJp5Dr","Kygo;Ellie Goulding","First Time","First Time",65,193511,FALSE,0.592,-7.245,0,0.112,0.197,0,0.099,0.679,90.066,4,9,"global_dance_urban",0.57
53662,"2ykXJ9QVwx9Li8nsW0h6b2","INNA;Sean Paul","UP","UP",70,148944,FALSE,0.712,-5.993,0,0.0452,0.01,0,0.108,0.85,98.029,4,9,"global_dance_urban",0.6
53677,"10AsRVRdU07cMAFHeGYO3c","Martin Jensen","Solo Dance","Solo Dance",69,174933,FALSE,0.846,-2.432,1,0.048,0.0485,0,0.195,0.403,114.955,4,9,"global_dance_urban",0.7
53681,"4t4vkPr7LWZXxrkofl8fvg","Rudimental;MORGAN;Digga D;TIKE","2Step - Pop R'n'B","Be the One",0,185530,FALSE,0.726,-3.376,1,0.0635,0.094,2e-06,0.0304,0.79,131.974,4,9,"global_dance_urban",0.43
53686,"2L8j15CcRjHzDhy58wJu6Y","NEIKED;Anne-Marie;Latto","Hits à suivre 2022","I Just Called",0,150560,FALSE,0.849,-3.662,1,0.123,0.0732,0,0.593,0.898,138.997,4,9,"global_dance_urban",0.63
53701,"6pooRNiLyYpxZeIA5kJ5EX","ILLENIUM;Jon Bellion","Good Things Fall Apart (with Jon Bellion)","Good Things Fall Apart (with Jon Bellion)",64,216668,FALSE,0.594,-5.453,1,0.0318,0.0128,0,0.118,0.442,144.033,4,9,"global_dance_urban",0.59
53703,"0siYMEsGrzzzlWLXK5zJfS","Joel Corry;RAYE;David Guetta","BED","BED",76,178087,FALSE,0.782,-4.593,1,0.0341,0.0142,0.00221,0.333,0.618,123.989,4,9,"global_dance_urban",0.28
53705,"4Uxcm6gWvxoqUdgnxKw41H","Marshmello;Demi Lovato;Lost Stories","OK Not To Be OK (Lost Stories Remix)","OK Not To Be OK - Lost Stories Remix",47,185483,FALSE,0.626,-6.268,1,0.0419,0.269,7.9e-06,0.101,0.454,104.987,4,9,"global_dance_urban",0.64
53717,"3KruoUtSkm84Az0bJunnxl","Tiësto","Baila Conmigo","Baila Conmigo",76,146249,FALSE,0.855,-6.411,1,0.0775,0.00658,0.409,0.341,0.0834,127.964,4,9,"global_dance_urban",0.39
53719,"63bWXWGcWnRQvdS8bJWdkB","Alok;Alida","Love Again (feat. Alida)","Love Again (feat. Alida)",66,147401,FALSE,0.822,-4.321,0,0.0507,0.0534,1.99e-05,0.121,0.338,127.225,4,9,"global_dance_urban",0.32
53725,"2DAVD5mqfsRCI4mOg5md1R","Duke Dumont","Beginner Ride (Sweat & Burn)","Ocean Drive",0,206320,FALSE,0.776,-4.091,0,0.047,0.00388,0.000189,0.122,0.624,115.034,4,9,"global_dance_urban",0.55
53727,"71QO17vemzJdZ4LjIxgQoX","Duke Dumont","Del gusto de hermanos","Ocean Drive",0,206320,FALSE,0.776,-4.091,0,0.047,0.00388,0.000189,0.122,0.624,115.034,4,9,"global_dance_urban",0.4
53728,"3ZCLZ1tQf9Pcl2UO8s6JnN","Mike Perry","By Your Side","By Your Side",66,155121,FALSE,0.813,-5.199,1,0.0544,0.0289,0,0.0906,0.429,122.963,4,9,"global_dance_urban",0.49
53733,"1HgEn8K5JFmJJ8Cmx6SQ7R","Astrid S;Dagny","Autumn Vibes 2022","Pretty",0,175777,FALSE,0.829,-6.304,1,0.0496,0.0653,0,0.0907,0.333,95.966,4,9,"global_dance_urban",0.51
53734,"1bEuLIBkVliL3hsp47FdLz","Matoma;Brando","EDM Hits","The Bender",0,184320,FALSE,0.882,-7.46,1,0.0385,0.0606,0.0131,0.105,0.208,125.007,4,9,"global_dance_urban",0.33
53742,"30Blk5ivxogelO1rsp5tBg","Martin Solveig;Roy Woods","pov: it's 2020","Juliet & Romeo",0,204514,FALSE,0.722,-6.222,1,0.0334,0.0376,0.000151,0.0651,0.818,122.021,4,9,"global_dance_urban",0.44
53743,"2QbGkMyeZuALMT6UuM8aED","NEIKED;Anne-Marie;Latto","#Multiverse, If the Multiverse Is Real","I Just Called",0,150560,FALSE,0.849,-3.662,1,0.123,0.0732,0,0.593,0.898,138.997,4,9,"global_dance_urban",0.48
53746,"5ZNIGfSGiAWJ80MPJTGWO4","Duke Dumont","pov: it's 2020","Therapy",0,220476,FALSE,0.889,-5.646,0,0.0432,0.00249,0.00109,0.115,0.124,125.987,4,9,"global_dance_urban",0.21
53750,"0b6wdul3A5sQNpIOv03OxP","Duke Dumont","Ocean Drive","Ocean Drive",72,206320,FALSE,0.718,-5.054,0,0.0431,0.00637,0.000703,0.119,0.557,115.026,4,9,"global_dance_urban",0.46
53767,"0kHyKhJMukHEPfeh8s7rdM","Kygo;Imagine Dragons","Born To Be Yours","Born To Be Yours",70,193320,FALSE,0.688,-5.84,1,0.0357,0.3,0,0.0982,0.451,114.011,4,9,"global_dance_urban",0.22
53770,"6hF9F76wq0rpXxZxvmEA2e","Alan Walker","Faded (Lost Stories Remix)","Faded - Lost Stories Remix",41,211165,FALSE,0.912,-3.719,1,0.038,0.0126,0.117,0.0842,0.363,102.997,4,9,"global_dance_urban",0.44
53782,"3qd1eI1GA0FwC3VHcxHhDC","Imanbek;KDDK;KIDDO;Wiz Khalifa","Ordinary Life (KDDK Phonk Remix)","Ordinary Life - KDDK Phonk Remix",62,165333,TRUE,0.915,-1.342,1,0.0411,0.021,6.42e-06,0.151,0.272,89.962,4,9,"global_dance_urban",0.53
53799,"0U46JyDnNIupaAixX8509d","NOTD;Felix Jaehn;Captain Cuts;Georgia Ku","Queda poco para la PAES","So Close",0,190302,FALSE,0.894,-5.038,1,0.0672,0.149,8.83e-06,0.105,0.737,125.007,4,9,"global_dance_urban",0.52
53804,"6VrCmhRBFnuGKmtNfk4jDs","Marshmello;Lil Peep","Spotlight","Spotlight",73,177600,FALSE,0.822,-4.483,1,0.151,0.0145,0,0.742,0.615,150.06,4,9,"global_dance_urban",0.44
53808,"4NexTaCZZ7Ehnf03A6SVjt","Galantis;JVKE","Dandelion","Dandelion",69,140011,FALSE,0.66,-4.903,1,0.158,0.158,0.02,0.14,0.634,117.923,4,9,"global_dance_urban",0.49
53816,"19TSNGmvdTtlxYn4YqYUMf","Alan Walker;David Whistle","Routine","Routine",57,166973,FALSE,0.824,-3.706,0,0.0272,0.0624,0.0621,0.258,0.257,115.003,4,9,"global_dance_urban",0.42
53822,"3TKpJrY9q49Mj1JOsM9zGL","The Chainsmokers;Kygo","World War Joy","Family",61,194826,FALSE,0.607,-6.605,1,0.0356,0.426,0,0.101,0.374,117.817,4,9,"global_dance_urban",0.38
53828,"0qc4QlcCxVTGyShurEv1UU","Sam Feldt;RANI","Magnets EP","Post Malone (feat. RANI)",68,174444,FALSE,0.642,-3.87,1,0.122,0.0771,0,0.105,0.651,107.356,4,9,"global_dance_urban",0.43
53832,"2LxdNADWier3MKTei8FbOY","Oliver Heldens;Nile Rodgers;House Gospel Choir","I Was Made For Lovin' You (feat. Nile Rodgers & House Gospel Choir)","I Was Made For Lovin' You (feat. Nile Rodgers & House Gospel Choir)",74,157205,FALSE,0.892,-3.186,0,0.0498,0.0577,7.11e-06,0.0838,0.752,126.03,4,9,"global_dance_urban",0.42
53833,"0aB9h7JRpZvJvAqnaMyhzm","Jubël","BEST WORKOUT BEATS","So Sick",0,177634,FALSE,0.75,-6.636,1,0.0589,0.294,0,0.138,0.298,99.86,4,9,"global_dance_urban",0.45
53836,"5YGUJZXgqyg1bjC8JHia5E","Louis The Child;Kasbo;EVAN GIIA","EDM Gaming Music Autumn/Winter 2022","Blow The Roof",0,184919,FALSE,0.826,-4.506,1,0.0633,0.0938,0,0.149,0.357,105.017,4,9,"global_dance_urban",0.67
53843,"1PrWkkvjNZUftGptbVeCTF","Alle Farben;KIDDO","Back to School!","Alright",2,169000,FALSE,0.804,-7.217,1,0.0707,0.0453,0,0.367,0.381,121.97,4,9,"global_dance_urban",0.51
53880,"2HxvFyBQxHWZxHQTFFXQgC","Crystal Waters;The Basement Boys","Electro sounds","Gypsy Woman (She's Homeless) (La Da Dee La Da Da) - Basement Boy Strip To The Bone Mix",0,451826,FALSE,0.641,-12.612,1,0.0377,0.000779,0.279,0.0737,0.182,119.981,4,9,"global_dance_urban",0.41
53895,"1dt220OBbkTsYz1NLVKIaw","Gabry Ponte;R3HAB;Timmy Trumpet","Call Me (with R3HAB & Timmy Trumpet)","Call Me (with R3HAB & Timmy Trumpet)",71,178309,FALSE,0.956,-4.429,1,0.329,0.00935,0.0038,0.142,0.269,106.581,4,9,"global_dance_urban",0.6
53898,"0Gbp9aWNohZ4Kwdi75ntzT","John De Sohn;Rasmus Hagen","Made For You","Love You Better",65,170893,FALSE,0.785,-7.496,1,0.0416,0.0934,0.00135,0.101,0.796,102.987,4,9,"global_dance_urban",0.66
53925,"1nGbV5JylrjkgigRUWswqX","twocolors","pov: it's 2021","Passion",0,165365,FALSE,0.756,-7.659,0,0.0423,0.0449,0.000174,0.298,0.413,123.033,4,9,"global_dance_urban",0.47
53934,"0wthcJKwYDqae4FQwTlc3O","twocolors;Georgie Keller","Arbeitsmusik Herbst/Winter 2022/2023","Feel It 2",0,169110,FALSE,0.693,-6.33,0,0.0364,0.185,1.18e-06,0.719,0.575,125.038,4,9,"global_dance_urban",0.53
53944,"57lzmrirh8ORbMLrSMoEnI","twocolors;Pascal Letoublon","Arbeitsmusik Herbst/Winter 2022/2023","Break Up",0,157804,FALSE,0.683,-7.739,0,0.112,0.0219,0,0.182,0.287,123.064,4,9,"global_dance_urban",0.52
53957,"70YPzqSEwJvAIQ6nMs1cjY","ILLENIUM;X Ambassadors","ASCEND","In Your Arms (with X Ambassadors)",63,220730,FALSE,0.806,-4.75,1,0.0496,0.198,0,0.114,0.112,148.036,4,9,"global_dance_urban",0.34
53960,"1Gx6oQEiS4h5e7ltUDN1jc","Nicky Romero","Nights With You","Nights With You",56,149200,FALSE,0.745,-4.915,0,0.048,0.383,0,0.25,0.612,150.103,4,9,"global_dance_urban",0.48
53961,"5poevcmYCOZ8uZQnUuOPxC","The Him","Always","Always",61,193103,FALSE,0.612,-5.761,1,0.0796,0.0699,0,0.0946,0.279,173.846,4,9,"global_dance_urban",0.45
54011,"3VSQJhXdcJZOLyTLPbmxDr","Ben Lukas Boysen;Kiasmos","Clarion (Kiasmos Remix)","Clarion - Kiasmos Remix",44,343278,FALSE,0.651,-14.3,0,0.0419,0.509,0.837,0.107,0.195,122.014,4,6,"techno_experimental",0.69
54016,"4gjWKsTwZZKwN0nnES8bGv","o9","o9-Silence","o9-Silence",22,44375,FALSE,0.251,-14.804,1,0.0427,0.739,0.882,0.115,0.807,139.903,4,6,"techno_experimental",0.68
54027,"2QB6kh4Szp4fRD96mvz3Ys","Preston","Aespatia","Syllogistical",17,457000,FALSE,0.501,-14.911,0,0.0513,0.0326,0.527,0.15,0.0398,100,4,6,"techno_experimental",0.88
54028,"6ZQ3XvLBrmwnoNFtU0c2X5","Plaid","The Digging Remedy","Do Matter",45,220920,FALSE,0.289,-16.915,1,0.0302,0.54,0.564,0.111,0.289,99.997,4,6,"techno_experimental",0.55
54032,"7gLVKmFdPHGTrrK5QknUnw","Rival Consoles","Now Is","World Turns",42,323919,FALSE,0.418,-12.837,1,0.0285,0.107,0.917,0.112,0.0375,105.999,4,6,"techno_experimental",0.88
54036,"003lo4y8gOylAqDs2scLx2","Dither","Dominator - We Will Prevail","Addiction",21,177166,TRUE,0.978,-0.647,1,0.45,0.081,0.000755,0.33,0.306,180.055,4,6,"techno_experimental",0.69
54054,"0VBqYlRaO5OGtJChCeOYwi","Kyson","Lucky Notes","Own Cloud",0,141688,FALSE,0.192,-17.456,1,0.0766,0.903,0.088,0.117,0.0932,139.326,3,6,"techno_experimental",0.62
54065,"2BCaZXNcQtHtojRj72kkTE","Kyson","Lucky Notes","Hi Demons, Bye Demons",0,108148,FALSE,0.442,-10.899,1,0.0456,0.164,0.33,0.334,0.245,110.227,4,6,"techno_experimental",0.56
54077,"2A1qjaX1EtgiHXrJuURZ19","Rei Harakami","わすれもの","いとぐち",16,267040,FALSE,0.797,-12.499,1,0.0675,0.003,0.89,0.0925,0.117,119.996,3,6,"techno_experimental",0.88
54092,"0VzV34W0NidIVjz6IPlEEV","Rival Consoles","Now Is","Running",39,251188,FALSE,0.613,-13.823,1,0.0418,0.113,0.855,0.108,0.0511,118.883,4,6,"techno_experimental",0.8
54093,"6TYW7ePp0fNVoy1FCGFBrY","Dither","Tools of Demolition","Blow the Speakers",17,146742,FALSE,0.958,-1.348,0,0.387,0.0548,0.00911,0.371,0.315,174.913,4,6,"techno_experimental",0.84
54113,"5cMCTE9j5Yc7ETRFlSx10G","Ben Lukas Boysen;Paul Emmerich","The Lazarus Project (Original Score)","Godmother",16,125760,FALSE,0.208,-27.503,1,0.0369,0.922,0.908,0.103,0.0372,100.032,4,6,"techno_experimental",0.39
54114,"29Ftt8zj5MDPuEIcD1lRV5","Kyson","Lucky Notes","A Poem for 愤怒: Dive In",0,246670,FALSE,0.291,-13.733,1,0.0418,0.847,0.0089,0.124,0.161,78.065,4,6,"techno_experimental",0.75
54115,"0TIuxt8crlpmeZX2YX2zdx","Kyson","Lucky Notes","Not a Word at Breakfast",0,178065,FALSE,0.253,-14.187,1,0.0353,0.895,0.00908,0.0777,0.23,136.02,4,6,"techno_experimental",0.75
54122,"4vN2FIriqOCoaeuamYZvaK","Rei Harakami","広い世界 と せまい世界","うちのばあちゃんの言うことにゃ",16,123320,FALSE,0.524,-10.465,1,0.0316,0.943,0.97,0.305,0.954,115.157,4,6,"techno_experimental",0.55
54130,"70xZwv6jEVs8qxYOOgQUCF","Rival Consoles","Now Is","Eventually",38,324354,FALSE,0.652,-13.626,1,0.0477,0.389,0.78,0.0836,0.0391,134.012,4,6,"techno_experimental",0.37
54134,"6jvkbwuYOEuthl5uahZay1","Dither;Nolz","Dominator 2022 (Hell Of A Ride)","Shockwave",16,259841,FALSE,0.998,1.343,1,0.504,0.0171,0.000226,0.87,0.13,170.013,4,6,"techno_experimental",0.37
54138,"4PFAaMMu6Utdpx5WqRtAup","Mouse On Mars","Vulvaland","Frosch",18,559093,FALSE,0.926,-17.575,0,0.0538,0.0759,0.935,0.494,0.226,126.972,4,6,"techno_experimental",0.71
54140,"5sM3ZjYmxQ2haTliX3ry5M","Rival Consoles","Now Is","Now Is",37,391782,FALSE,0.762,-12.457,1,0.0423,0.206,0.769,0.092,0.036,125.013,4,6,"techno_experimental",0.71
54145,"0WknYQ4lYlmyeQEVqvpiVt","Plaid;Mara Carlyle","Rest Proof Clockwork","Little People",16,246533,FALSE,0.524,-14.175,0,0.252,0.00915,0.0377,0.31,0.486,98.371,4,6,"techno_experimental",0.24
54148,"2OYV80Qo0655Rsm6of066j","Dither","Masters Of Hardcore Chapter XLIV","Beat My Drum",16,202124,FALSE,0.994,0.217,1,0.479,0.114,2.59e-06,0.275,0.0715,179.939,4,6,"techno_experimental",0.3
54181,"0LLJ53RZI9XKuBC2KOxrlq","alva noto","HYbr:ID I","HYbr:ID oval collider",16,379294,FALSE,0.187,-22.659,0,0.0454,0.107,0.719,0.0881,0.0372,139.769,4,6,"techno_experimental",0.75
54190,"1dNX6lUalqsdphlkFDMNGm","Susumu Yokota","Sakura","Azukiiro No Kaori",18,159066,FALSE,0.116,-18.776,1,0.041,0.977,0.981,0.0776,0.068,69.822,5,6,"techno_experimental",0.65
54196,"5YcPZFd40onr7yIv69iAMA","Rival Consoles","Overflow","Scanning",15,267173,FALSE,0.29,-23.263,1,0.0809,0.104,0.872,0.108,0.112,114.26,4,6,"techno_experimental",0.65
54197,"214VcdApAmkrGSVcinjwjv","Dither","Tools of Demolition","Make It Work",15,176848,FALSE,0.994,-0.385,1,0.25,0.0296,0.00198,0.326,0.338,175,4,6,"techno_experimental",0.69
54201,"3pBdF3gpKfwPFo6RNr7xf6","Seekae;HWLS","Test & Recognise (Remixes)","Test & Recognise - HWLS Remix",37,223020,FALSE,0.512,-9.747,0,0.0589,0.00966,0.152,0.101,0.325,130.064,4,6,"techno_experimental",0.66
54222,"1VL8VIM4QpSvwMB2KGgOWa","Mokhov","Future Hope","Hope Shimmer",12,256998,FALSE,0.659,-9.55,1,0.0366,0.175,0.921,0.121,0.671,98.976,4,6,"techno_experimental",0.78
54225,"3QuVj43fZm4HCOqkxvXFDf","OSAMU SATO","LSD REVAMPED","Long Tall Eyelash 2018",13,341893,FALSE,0.913,-8.57,1,0.0439,0.0179,0.715,0.104,0.676,159.985,4,6,"techno_experimental",0.75
54239,"2hWJBOBNI9BJFvwT8Nb4x2","Rival Consoles","Overflow","Pulses of Information",38,246853,FALSE,0.796,-14.572,1,0.0399,0.22,0.803,0.091,0.0384,140.114,4,6,"techno_experimental",0.73
54242,"78YCFnhSZPZbkdYEpmPFf7","alva noto","Unieqav","Uni Version",14,287693,FALSE,0.394,-14.627,1,0.0908,0.135,0.873,0.108,0.0375,157.578,5,6,"techno_experimental",0.61
54243,"4yBWN2T5vdZLhLWJMHEmdl","Team Shadetek","Brooklyn Anthem","Brooklyn Anthem (feat. 77klash & Jahdan) - Vocal Version",13,199800,FALSE,0.647,-3.396,1,0.286,0.0664,0,0.242,0.126,140.023,4,6,"techno_experimental",0.62
54250,"49BVYndXvek1joQZSXzPry","Kyson","Forest Green / Have My Back","Forest Green",30,189434,FALSE,0.314,-11.98,1,0.0426,0.472,0.0999,0.112,0.0924,104.026,4,6,"techno_experimental",0.66
54252,"2ueSOewe2bXPIpE8y8TTj1","Daisuke Tanabe","Cat Steps","for the twin",32,310000,FALSE,0.913,-8.694,1,0.0661,0.288,0.891,0.178,0.649,179.946,4,6,"techno_experimental",0.71
54253,"0QsoJz2GAIcUvquVDCz3mN","Yosi Horikawa","Wandering","Wandering",25,246067,FALSE,0.993,-7.667,0,0.0976,0.262,0.61,0.93,0.171,135.001,3,6,"techno_experimental",0.68
54255,"2dvf91VQ1Dd6n5cQ62r7wi","tstewart;Machinedrum","josephine","josephine",12,221227,FALSE,0.397,-11.169,0,0.0334,0.709,0.734,0.14,0.0627,82.659,4,6,"techno_experimental",0.77
54263,"3ovLeMGp91uEx4Mc8Bwg18","Plaid","The Digging Remedy","Wen",38,161506,FALSE,0.238,-15.208,0,0.0346,0.624,0.932,0.0922,0.16,154.986,3,6,"techno_experimental",0.5
54266,"46HzdWnfVk9qiyG68TPMFk","B12","B12 Records Archive, Vol. 1","Telefone 529",14,249853,FALSE,0.875,-3.344,1,0.0358,0.611,0.88,0.162,0.688,125.876,4,6,"techno_experimental",0.73
54271,"0z9jdh1zfhzHgtevwRcDxX","dreissk","The Finding","Not Enough",13,426533,FALSE,0.7,-9.623,1,0.0394,0.0597,0.851,0.289,0.0349,87.037,4,6,"techno_experimental",0.7
54278,"26ZDH36PCzyG1Wf44pYFdN","Melorman","Far Away Morning","Kalimeer",12,224000,FALSE,0.533,-12.353,1,0.0501,0.829,0.833,0.0859,0.303,159.95,4,6,"techno_experimental",0.53
54286,"4W5LREYy8mr0tGcuaRTIXm","Kelpe","Fourth: The Golden Eagle Remixed","Beaks of Eagles - Fulgeance Remix",14,262195,FALSE,0.695,-9.602,0,0.0425,0.0512,0.638,0.336,0.583,99.965,4,6,"techno_experimental",0.76
54300,"6l52jY0f3gnEGq9sWxQEq8","Seekae","Turbine Blue","Turbine Blue",34,222377,FALSE,0.394,-9.61,1,0.0613,0.491,0.000256,0.144,0.4,122.074,4,6,"techno_experimental",0.72
54318,"0tH7mxb2ML1VlOinHRcelQ","Autechre","Tri Repetae","Clipper",38,514000,FALSE,0.864,-11.918,1,0.159,0.134,0.849,0.369,0.968,160.025,5,6,"techno_experimental",0.86
54332,"1huZlA5IzMJPKt993mDiGO","Casino Versus Japan","Echo Counting","Untitled",12,420333,FALSE,0.349,-16.889,1,0.0341,0.144,0.927,0.101,0.0374,179.911,4,6,"techno_experimental",0.33
54335,"5Reix64EY16zm83i6ryqNR","arai tasuku","Fantasmagorie The Ghost Show -Original Soundtrack-","Three Strange Ghosts",11,110500,FALSE,0.248,-23.234,0,0.042,0.992,0.929,0.0747,0.122,120.161,3,6,"techno_experimental",0.86
54336,"07EqNLWY7smbjWVZGCdCgH","Susumu Yokota","Grinning Cat","King Dragonfly",14,282400,FALSE,0.784,-11.714,0,0.0728,0.631,0.854,0.109,0.541,111.014,4,6,"techno_experimental",0.33
54340,"1xPwfA24ZWS3DvJpHLbu0q","Two Lone Swordsmen","From The Double Gone Chapel","The Lurch",14,238400,FALSE,0.614,-9.921,1,0.0267,0.00431,0.935,0.132,0.69,114.059,4,6,"techno_experimental",0.63
54343,"6q3DPWwjUZKyc6tx7i9jEZ","Casino Versus Japan","Frozen Geometry","What Is Left",13,92626,FALSE,0.558,-8.289,1,0.0342,0.993,0.819,0.141,0.168,135.352,3,6,"techno_experimental",0.68
54344,"2MbiQYpyeY7JJp2XORKJU4","Rival Consoles","Kid Velo","Kid Velo",13,281173,FALSE,0.771,-7.454,1,0.0462,0.00263,0.183,0.0614,0.555,130.001,4,6,"techno_experimental",0.64
54367,"0Ha6gINRsYijR1CIAF0ZwY","An On Bast","I Create As I Speak","Back to the Garden",11,391151,FALSE,0.476,-10.911,1,0.266,0.00037,0.914,0.0514,0.144,128.024,3,6,"techno_experimental",0.26
54382,"3k6hDQXDBlYGLgcIBcdeOK","OSAMU SATO;Ryuichi Sakamoto","ALL THINGS MUST BE EQUAL (TYO EDITION)","RETROCOGNITION2017",12,289306,FALSE,0.773,-8.322,1,0.0307,0.0897,0.612,0.149,0.66,106.017,4,6,"techno_experimental",0.61
54390,"083S05Z9v1loxTWYUzrTZo","Skurken","De Kalder Mig Skurken","De Kalder Mig Skurken",11,183248,FALSE,0.632,-6.851,1,0.371,0.695,0,0.328,0.562,152.091,4,6,"techno_experimental",0.82
54391,"6J0veWXt8Ad4djdJV5bOa2","Sonic Area","Music for Ghosts","Never Ever More",12,193786,FALSE,0.691,-7.173,0,0.0335,0.00481,0.0826,0.556,0.119,126.957,4,6,"techno_experimental",0.77
54404,"2Y1z54YDD3qkrPvxW5NhJZ","Autechre","Tri Repetae","Eutow",36,255933,FALSE,0.511,-14.289,0,0.0524,0.00329,0.904,0.19,0.0763,129.971,4,6,"techno_experimental",0.73
54408,"0E0RNF1SGwL44s3PU52gIb","LFO","Sheath","Freak",34,303546,FALSE,0.964,-5.413,0,0.0698,0.00329,0.87,0.133,0.779,134.988,4,6,"techno_experimental",0.61
54426,"1MUSgY9KEeU2t6nl9LqVau","alva noto","Unieqav","Uni Mic B",12,302920,FALSE,0.687,-13.622,1,0.0608,0.0225,0.885,0.11,0.0931,125.997,4,6,"techno_experimental",0.74
54431,"6NNCtrTh1VbXnrlpGyEqtp","Stendeck","Scintilla","Tight Around Her Throat She Slips Away",11,240000,FALSE,0.702,-9.696,1,0.0316,0.00292,0.915,0.247,0.11,98.992,4,6,"techno_experimental",0.49
54451,"56j3zwZ3Wgw7oBQtKyeBvM","Bogdan Raczynski","Samurai Math Beats","Samurai Masu Biitsu",33,331026,FALSE,0.892,-8.586,1,0.0727,0.0548,0.677,0.21,0.568,158.184,4,6,"techno_experimental",0.68
54462,"6j7Qzki3m5224s40fxZ8BQ","Casino Versus Japan","Echo Counting","Our Light",12,377287,FALSE,0.524,-18.24,1,0.037,0.0112,0.952,0.068,0.0629,99.241,4,6,"techno_experimental",0.87
54472,"7Jjy3vN8t59k8L4obJLCJx","Metamatics","Midnight Sun Pig","Liquid Gel",11,409520,FALSE,0.586,-12.143,1,0.0691,0.215,0.889,0.0726,0.774,128.14,4,6,"techno_experimental",0.87
54500,"06prhjeeufnwNBo66Ltzj6","Kyson","Blackstone","Ocean Tides",26,284210,FALSE,0.259,-15.152,1,0.0314,0.78,0.653,0.103,0.0383,151.383,5,6,"techno_experimental",0.85
54505,"78Y5gncYyYy9z1fEHRECBu","arai tasuku;World's End Girlfriend","0","0 (Remixed by world's end girlfriend)",10,438000,FALSE,0.597,-9.267,1,0.106,0.831,0.204,0.119,0.198,112.511,4,6,"techno_experimental",0.79
54509,"6AEo2whektNuFVPqrixupY","Ocoeur","Inner","Shelter",10,343225,FALSE,0.0734,-23.291,1,0.0375,0.858,0.944,0.0769,0.033,68.61,4,6,"techno_experimental",0.54
54519,"1VwgdtybZg3JPYvBBfacKd","Luke Abbott","Modern Driveway","Ovals",10,183169,FALSE,0.206,-23.209,0,0.0345,0.936,0.947,0.1,0.0369,95.805,3,6,"techno_experimental",0.83
54522,"1VRlXrQlHMiglOX6S8PrmQ","Obfusc","Neo Cab (Original Game Soundtrack)","Parallax Neon",10,133714,FALSE,0.588,-17.901,1,0.0325,0.894,0.951,0.102,0.694,140.041,4,6,"techno_experimental",0.62
54527,"38uqPEOWTii3EieKyycerP","Toronto Is Broken","Clare","The Moment",10,264827,FALSE,0.917,-3.492,0,0.0387,0.000968,0.305,0.263,0.144,174.012,4,6,"techno_experimental",0.73
54528,"0jm3JDXyA61xvjyF1Zuobg","Satanicpornocultshop","Arkhaiomelisidonophunikheratos","Comment te dire adieu ?",39,161880,FALSE,0.75,-7.849,0,0.0325,0.0216,0.386,0.365,0.55,122.167,4,6,"techno_experimental",0.75
54532,"2PgcwVLosHGs59REqd6VTu","Autechre","Chiastic Slide","Hub",13,455253,FALSE,0.452,-14.928,1,0.0462,0.629,6.48e-05,0.836,0.0559,82.399,3,6,"techno_experimental",0.46
54545,"3BwVIkG4kVsPbDbZpd4vmV","Serph;Yui Makino","Disney Glitter Melodies","Let It Go (End Credit Version) - Japanese Version",12,236986,FALSE,0.609,-7.299,1,0.0337,0.176,0,0.401,0.121,139.954,4,6,"techno_experimental",0.63
54546,"0NidsXcWEKwQSnOUO6awDE","The Black Dog","Post -Truth","Cognitive Dissonance",13,266646,FALSE,0.415,-16.454,1,0.0415,0.00594,0.816,0.15,0.371,125.996,4,6,"techno_experimental",0.65
54552,"5D2RBWVKgLv4CimNGBUcWS","Kettel;Secede","Tryshasla","Leraine",33,464746,FALSE,0.619,-10.011,1,0.0375,0.0723,0.919,0.108,0.0934,134.994,4,6,"techno_experimental",0.59
54553,"1l1SFNHNrjvibzba2myYvo","Lusine;Benoît Pioulard","Sensorimotor","Witness",34,263841,FALSE,0.737,-10.735,0,0.154,0.123,0.0189,0.095,0.382,132.27,4,6,"techno_experimental",0.85
54557,"1jRNRvendkgjWs4XIt498m","Baseck","F33LIN6 24K","F33LIN6 24K",10,261694,FALSE,0.942,-5.992,0,0.157,0.00034,0.841,0.112,0.101,176.947,4,6,"techno_experimental",0.73
54559,"1iFlJyxprWxXLVUhri5U0V","nebulo","Cardiac","Asht",10,297053,FALSE,0.16,-15.762,1,0.0506,0.359,0.896,0.111,0.129,148.064,1,6,"techno_experimental",0.77
54565,"4dvXL900cfnYjz91yXwpml","Mokhov","Perfect Dream","Love Rising",10,244660,FALSE,0.905,-5.913,1,0.0385,0.248,0.899,0.132,0.491,103.01,4,6,"techno_experimental",0.78
54583,"3kzHXh74VE5czxO3lHFsRo","Ochre","A Midsummer Nice Dream","Seesoar",10,315000,FALSE,0.876,-11.533,0,0.0456,0.149,0.82,0.187,0.346,127.994,4,6,"techno_experimental",0.7
54584,"34ghMBT9WutE5jhcjkoFjy","Toronto Is Broken;Jodie Carnall","Liquicity Drum & Bass 2017","Trying To Find Home",9,348178,FALSE,0.919,-3.986,0,0.0545,0.00215,0.709,0.0805,0.365,174.977,4,6,"techno_experimental",0.78
54585,"3Hl5YxfeDRuBkm7ldJD3Sa","Lusine;ReeLLove","Retrace Remixes","Not Alone - ReeLLove Remix",11,331093,FALSE,0.791,-8.23,0,0.0518,0.213,0.782,0.086,0.589,171.995,4,6,"techno_experimental",0.35
54598,"4EFI2UHEkUxtRhX7Ku3P5e","Skurken","De Kalder Mig Skurken","Blæser Roen Af Mig Selv",10,174759,FALSE,0.751,-7.488,1,0.245,0.0249,9.93e-06,0.0928,0.19,179.966,4,6,"techno_experimental",0.65
54603,"1VSXAJlQt9KZsJcW1hkvNE","Teielte","Oneness","Oneness",27,181366,FALSE,0.655,-8.834,1,0.046,0.0123,0.875,0.0779,0.334,140.021,4,6,"techno_experimental",0.75
54615,"6fOqGhUALwNp2W5sjtNXjY","Arovane","Modul","Modul 1",10,336457,FALSE,0.896,-13.096,0,0.0567,0.241,0.871,0.0654,0.283,119.992,4,6,"techno_experimental",0.63
54618,"6Zsi7i2cx3K1gjLjZKek9H","Melorman","You Became a Memory","Ten",10,252000,FALSE,0.566,-11.218,1,0.0361,0.044,0.946,0.11,0.0367,160.002,4,6,"techno_experimental",0.7
54630,"2Ko5mZOF2ro5H64ruylmvD","Kettel","Ibb & Obb (Original Soundtrack)","Secret Mersken",10,133825,FALSE,0.13,-17.909,0,0.0342,0.936,0.944,0.105,0.0613,65.57,4,6,"techno_experimental",0.85
54641,"0XyI7XmPhYUfwppz23RNPB","Luke Vibert","GRIT.","Afterning",12,291864,FALSE,0.76,-12.015,1,0.0601,0.000457,0.888,0.0733,0.275,116.16,4,6,"techno_experimental",0.84
54660,"7f7rqbl1Ys6gf0UWsF0zif","Aoki Takamasa","RV8","Rhythm Variation 03",10,503613,FALSE,0.278,-11.445,0,0.336,0.0204,0.866,0.071,0.256,177.975,4,6,"techno_experimental",0.71
54675,"1VoWXsjyp7cKytcH3fR7ps","Two Lone Swordsmen","Stay Down","Alpha School",11,210533,FALSE,0.597,-12.957,0,0.0405,0.0202,0.062,0.835,0.36,141.535,4,6,"techno_experimental",0.59
54687,"439ENliUaN9dlJuHAOIWIW","Yosi Horikawa","The Sound of Café del Mar","Bubbles",10,346070,FALSE,0.566,-14.813,0,0.127,0.675,0.619,0.0643,0.939,122.98,3,6,"techno_experimental",0.72
54693,"138XpTa2OeX6hlEPch7rym","Rei Harakami","trace of red curb dedicated from rei harakami","Unexpected Situations - rh re-arrange",10,59693,FALSE,0.091,-25.702,1,0.047,0.417,0.973,0.137,0.0351,133.642,3,6,"techno_experimental",0.69
54708,"0QzuOf3BqOa4zZw4eGiEm9","Ben Lukas Boysen;Paul Emmerich","The Lazarus Project (Original Score)","Arson",10,152156,FALSE,0.282,-18.159,0,0.0362,0.857,0.817,0.116,0.0704,109.93,4,6,"techno_experimental",0.78
54709,"3QR84ts5i4RrPC2djYsKgg","Bola","Soup","Pendulus",10,344826,FALSE,0.829,-10.676,1,0.0437,0.16,0.89,0.114,0.158,109.821,4,6,"techno_experimental",0.67
54710,"6smGq5HbPXzpySii2L9xTt","Monolake","Silence","Avalanche",11,388706,FALSE,0.512,-16.044,0,0.049,0.0525,0.82,0.12,0.304,105.754,3,6,"techno_experimental",0.69
54718,"1RM4T1hmEBie4QvqmmmhK5","Team Doyobi","Cryptoburners","Horse And Trap",9,355013,FALSE,0.315,-16.688,1,0.0706,0.000897,0.777,0.0494,0.424,124.804,4,6,"techno_experimental",0.79
54730,"5V9EDJZCnMmuDikOipNcIs","The Black Dog","Brutal Five To One Mix V2","Form, Function and Friction [Mixed] - Reworked",10,288738,FALSE,0.325,-19.518,0,0.0472,0.938,0.966,0.303,0.0854,121.203,4,6,"techno_experimental",0.61
54732,"4a546ManD3y500ovANiMEY","Casino Versus Japan","Hitori + Kaiso (1998 - 2001)","Relay Goodbye",11,400440,FALSE,0.603,-10.978,1,0.0757,0.42,0.943,0.364,0.482,150.055,4,6,"techno_experimental",0.48
54740,"57u57qyVlzZHiWTCHvWJsu","alva noto","Xerrox, Vol. 3","Xerrox Spark",11,370386,FALSE,0.222,-24.875,1,0.0401,0.971,0.967,0.112,0.0797,58.089,3,6,"techno_experimental",0.76
54750,"21kzMROplBP8MhBCmfYcSm","Serph","Psychic Music","idio-savan",41,264000,FALSE,0.876,-4.678,1,0.0526,0.0607,0.211,0.222,0.706,169.991,4,6,"techno_experimental",0.69
54758,"64Zk2IuHfejV87iR7iGCfF","Brothomstates","Brothomstates EP","Rutka",10,321173,FALSE,0.726,-15.519,0,0.0462,0.0177,0.855,0.0861,0.368,121.563,4,6,"techno_experimental",0.79
54763,"5BqMlJS3A70cI67vzgKKlJ","Bogdan Raczynski","MyLoveILove","MyLoveILove",10,138293,FALSE,0.0465,-20.182,1,0.027,0.0107,0.00179,0.159,0.0932,155.505,1,6,"techno_experimental",0.71
54768,"5Z6zD6DZbzb9XcQMO99hwg","Yasume","Where We're From The Birds Sing A Pretty Song","Rengoku (Condensed)",8,379746,FALSE,0.696,-8.837,0,0.0561,0.00157,0.628,0.341,0.138,101.98,4,6,"techno_experimental",0.72
54770,"2rDXtkNGblfs2jFK0zzKc6","Ocoeur","Light as a Feather","Light",7,240710,FALSE,0.402,-13.917,0,0.0398,0.441,0.939,0.062,0.122,149.968,4,6,"techno_experimental",0.76
54778,"70iXn96LKjCKOzFIoGGdTi","Isan","Meet Next Life","Gunnera",9,282453,FALSE,0.47,-14.127,0,0.0302,0.348,0.904,0.0595,0.11,109.007,5,6,"techno_experimental",0.63
54784,"6tEM4tpNAowmrZ2FRXKRql","alva noto","Xerrox, Vol. 4","Xerrox Sans Retour",11,266200,FALSE,0.253,-18.789,1,0.0374,0.159,0.866,0.0981,0.0274,90.204,3,6,"techno_experimental",0.71
54787,"0qlYXKbQKSeZZBMUxSFTln","Autechre","EP7","Maphive 6.1",11,498600,FALSE,0.527,-13.388,0,0.0582,0.383,0.903,0.123,0.264,141.971,4,6,"techno_experimental",0.76
54792,"2rCOFCfmqV1MmqBEbliGfV","Tineidae","Mothership","Artificer's Quarters",9,266058,FALSE,0.073,-20.296,1,0.048,0.262,0.863,0.105,0.0359,70.646,4,6,"techno_experimental",0.75
54799,"4km48etH1GAlDCVa6Lli37","Susumu Yokota","Sakura","Genshi",12,297186,FALSE,0.571,-17.428,1,0.0316,0.261,0.932,0.0734,0.219,120.003,4,6,"techno_experimental",0.7
54802,"3QxRTRRc57AoQROOYPpKKS","Satanicpornocultshop","Arkhaiomelisidonophunikheratos","New Years' Snow",34,320720,FALSE,0.277,-15.619,0,0.0558,0.871,0.181,0.207,0.216,109.533,3,6,"techno_experimental",0.79
54803,"2oVwDM6NYD0sy49XKVxQiW","Loess","Burrows","Lull",8,384066,FALSE,0.549,-12.729,1,0.114,0.969,0.915,0.147,0.0751,191.977,4,6,"techno_experimental",0.8
54804,"4bcw4vWPXGAPXhm8ZQ30ZZ","Ocoeur","Connections","Endurance",9,254032,FALSE,0.77,-11.845,0,0.0499,0.88,0.879,0.115,0.0557,100,4,6,"techno_experimental",0.75
54805,"1g7gghb3Ep48Uyhso3m6gf","Loess","Wind and Water","Creshiem",8,453373,FALSE,0.36,-16.556,1,0.0433,0.888,0.884,0.189,0.0429,139.51,4,6,"techno_experimental",0.78
54810,"2NYzqRkmSgouTJkD56vM0Q","Yimino;Amanda Zamolo;Ed Roughton","Breaker","Auad",9,397759,FALSE,0.304,-12.62,0,0.0436,0.261,0.921,0.349,0.0385,99.985,4,6,"techno_experimental",0.72
54811,"7dqL64Ah21Ff2Q8WZ90HlS","Ocoeur","Connections","Slumber",9,240000,FALSE,0.0713,-19.015,1,0.0463,0.858,0.849,0.112,0.0304,146.227,4,6,"techno_experimental",0.65
54829,"4t679083XUvQnIiY57uEs0","Kelpe","Boiling, Steaming and Poaching","Maroon Bells Variation",11,320000,FALSE,0.0511,-29.227,1,0.0466,0.976,0.909,0.119,0.155,145.061,3,6,"techno_experimental",0.85
54839,"0nOKUnQIMOhq7a7xC29Ln6","Tineidae","Mothership","Commtower",8,281522,FALSE,0.255,-19.416,1,0.0385,0.394,0.944,0.139,0.0346,109.978,3,6,"techno_experimental",0.55
54845,"0fmb4T1PjcJ1jPbaSQBjK2","Autechre","Chiastic Slide","Calbruc",12,231182,FALSE,0.754,-11.617,1,0.327,0.166,0.263,0.132,0.305,123.459,4,6,"techno_experimental",0.76
54848,"2F4O9kXUwLXzOL39jI19kh","Plaid","Trainer","Scoobs In Columbia",11,334893,FALSE,0.996,-7.349,0,0.0415,0.0746,0.818,0.298,0.693,118.128,4,6,"techno_experimental",0.59
54854,"2njeBMSFNaelUfqz6TS0qY","Obfusc","Neo Cab (Original Game Soundtrack)","Low Density",9,95999,FALSE,0.0361,-20.62,1,0.0473,0.996,0.8,0.0859,0.032,94.889,5,6,"techno_experimental",0.54
54859,"3nSfJkSb7xRtrtJMKohXGc","Plaid;Björk","Not For Threes","Lilith",37,278933,FALSE,0.499,-12.428,0,0.0359,0.0986,0.295,0.178,0.668,101.008,4,6,"techno_experimental",0.8
54861,"4KjlO4yts8Oe8slM4aeCBe","Plaid","Los","Los",11,290156,FALSE,0.847,-9.404,0,0.0676,0.00779,0.821,0.102,0.227,192.019,3,6,"techno_experimental",0.7
54863,"2cxH8WTPErfw2OWnzYmIu1","Luke Vibert","YosepH","Liptones",33,241866,FALSE,0.406,-13.254,0,0.0667,0.0103,0.878,0.0985,0.447,172.021,4,6,"techno_experimental",0.68
54872,"6UXD3S5AuvfXn81Q1f5gX3","Kelpe","Ex-Aquarium","Under",11,103720,FALSE,0.117,-20.79,0,0.39,0.868,0.00801,0.249,0.406,150.458,3,6,"techno_experimental",0.67
54878,"3HSCzd2Bnzf2six6YoSxdp","Two Lone Swordsmen","Tiny Reminders","Death To All Culture Snitches",10,301120,FALSE,0.492,-12.485,1,0.165,0.000242,0.912,0.08,0.286,135.035,4,6,"techno_experimental",0.74
54887,"3s1l61DpLKrohh7J7bAiw0","Susumu Yokota","Acid Mt.Fuji (2016 Remaster Deluxe Edition)","Floating G",11,392419,FALSE,0.735,-10.308,0,0.06,0.013,0.898,0.0827,0.654,175.712,4,6,"techno_experimental",0.63
54888,"2m2dTAwZAROXJnsQLtwvEf","Luke Vibert","YosepH","Stan D'infamy",10,196586,FALSE,0.848,-5.663,0,0.0563,0.00465,0.773,0.324,0.678,116.008,4,6,"techno_experimental",0.54
54903,"1mIs4BBwwlXS0A4UT7RbaC","Mokhov","Memories 2010-2013 Two","Destiny",7,266379,FALSE,0.76,-6.752,1,0.223,0.00177,0.0105,0.0907,0.194,73.014,4,6,"techno_experimental",0.72
54913,"7gIbk0DSqHJEwIxwPqrtmR","arai tasuku","Fantasmagorie The Ghost Show -Original Soundtrack-","Voice of the Abyss",8,40000,FALSE,0.197,-10.914,1,0.0397,0.934,0.739,0.335,0.0735,108.749,5,6,"techno_experimental",0.71
54917,"6A2nt7D7ed5RX2qHgII46l","arai tasuku","Fantasmagorie The Ghost Show -Original Soundtrack-","Scarlet Glare",9,56000,FALSE,0.0639,-21.886,0,0.0402,0.644,0.898,0.219,0.0313,126.955,4,6,"techno_experimental",0.54
54926,"082oqUvqNekqWEQnXTGubz","MIKTEK","Hereafter","Chronicles - Genesis Live Edit",8,588242,FALSE,0.395,-14.684,0,0.0461,0.811,0.868,0.116,0.117,197.781,4,6,"techno_experimental",0.59
54936,"1tj1BDMmb4FlkokG5Uu87A","arai tasuku","Fantasmagorie The Ghost Show -Original Soundtrack-","Dance with Robertson",9,84000,FALSE,0.157,-22.729,1,0.0558,0.889,0.947,0.0684,0.0684,80.846,4,6,"techno_experimental",0.69
54940,"6K547btWXIAVGilXWxHVbq","Anenon","Inner Hue","Memory Residue",8,288000,FALSE,0.288,-11.802,1,0.155,0.6,0.923,0.13,0.0784,121.757,4,6,"techno_experimental",0.79
54947,"1HW8530N82xyALSo5SZQfp","Nikka","Dig it International - 90'S Smash Hits Vol. 1","On My Own - Extended Version",9,389929,FALSE,0.975,-8.102,0,0.0336,0.0251,0.358,0.188,0.875,152.985,4,6,"techno_experimental",0.73
54951,"5OoecZa6SeHDu5J8c2C7Ay","Toronto Is Broken;BVLVNCE","Clare","Paragons",18,353103,TRUE,0.981,-3.447,1,0.137,2.22e-05,0.289,0.329,0.16,174.002,4,6,"techno_experimental",0.59
54954,"0i4m0jgUSjsE8PQdsP3Zla","Anenon","Petrol","Panes",8,194906,FALSE,0.444,-12.159,1,0.0383,0.78,0.947,0.112,0.0376,120.228,4,6,"techno_experimental",0.72
54959,"65MgUdKOfqax4BABUs5AZs","arai tasuku","0","0 (F O E V E R)",9,154000,FALSE,0.617,-9.967,0,0.216,0.933,0.926,0.122,0.552,113.391,4,6,"techno_experimental",0.7
54978,"1N91wSVnb4FKC5tiYSDgbQ","Proem","Socially Inept","Carpark Kitten",8,219733,FALSE,0.483,-14.525,1,0.0776,0.0986,0.864,0.0934,0.119,89.879,4,6,"techno_experimental",0.81
54982,"3JIr1H6SDv5nsoIZODjoJy","Mouse On Mars","Autoditacker","Scat",10,295040,FALSE,0.704,-10.23,1,0.0694,0.437,0.85,0.0662,0.95,129.011,4,6,"techno_experimental",0.59
54984,"11nKLzvQuBKe06OClnHXUx","arai tasuku","Fantasmagorie The Ghost Show -Original Soundtrack-","Hopeless of the Eden",9,57000,FALSE,0.902,-11.66,1,0.0901,0.816,0.9,0.128,0.0399,112.028,1,6,"techno_experimental",0.9
54986,"1mHN8psdMGWEXaQ008pWk1","LFO","Sheath","Mummy, I've Had An Accident…",10,302560,FALSE,0.705,-7.217,1,0.0794,0.00132,0.194,0.0946,0.502,137.977,4,6,"techno_experimental",0.71
54995,"7aoBSmPHwNXYtMVxR9FVOd","Toronto Is Broken","Move It - EP","Spirit Song 2012 - Original Mix",8,377821,FALSE,0.938,-3.905,0,0.0399,0.00118,0.582,0.0547,0.371,140.051,4,6,"techno_experimental",0.64
56005,"322TxW77VZdX9gHynK5Xue","Ritviz","Mimmi","Aaj Na",63,193425,FALSE,0.345,-8.464,1,0.107,0.106,0,0.107,0.338,84.761,4,2,"indie_soul_rock",0.41
56013,"2qgXrzJsry4KgYoJCpuaul","The Local Train","Aalas Ka Pedh","Choo Lo",67,233630,FALSE,0.695,-6.349,1,0.0271,0.0265,0.00815,0.146,0.351,145.957,4,2,"indie_soul_rock",0.4
56033,"6ZmtxXUXRVjxOhugKkmerC","The Local Train","Aalas Ka Pedh","Dil Mere",63,211290,FALSE,0.473,-9.806,1,0.0267,0.842,0.0323,0.167,0.572,92.962,4,2,"indie_soul_rock",0.42
56038,"3FTRSa9mWB3kKx2jkhUAN3","Prateek Kuhad","Tum Jab Paas - Single","Tum Jab Paas",60,235932,FALSE,0.344,-7.712,1,0.0379,0.528,1.62e-06,0.113,0.471,122.1,3,2,"indie_soul_rock",0.18
56039,"6nXwthh92R2HlnyBWtHgHP","Zaeden","Genesis 1:1","kya karoon?",62,200275,FALSE,0.56,-8.324,0,0.035,0.645,7.42e-06,0.228,0.619,145.022,4,2,"indie_soul_rock",0.23
56042,"1TkyDEdjiUuYhoMkxdZCiO","Prateek Kuhad","Tere Hi Hum","Tere Hi Hum",58,177026,FALSE,0.305,-9.667,1,0.0286,0.851,1.74e-05,0.15,0.489,116.07,1,2,"indie_soul_rock",0.19
56048,"089n75HUWVpAYar5t2GwPn","Roshan Sebastian;Robin Sebastian","Siblings Unplugged","Raja Raja Cholan - Rettai Vaal Kuruvi - Tamil",68,106501,FALSE,0.165,-14.581,1,0.0354,0.835,1.11e-06,0.105,0.419,94.744,4,2,"indie_soul_rock",0.47
56049,"34da5Qqshstk7LI1wNe0LV","Roshan Sebastian;Kevin Jason","Poovukkul Olindhirukkum - Jeans","Poovukkul Olindhirukkum - Jeans",65,130815,FALSE,0.339,-13.464,1,0.0378,0.514,0,0.133,0.221,89.95,4,2,"indie_soul_rock",0.47
56058,"1ZdhOMWyFR8Iv9eylMGYg2","Labrinth","Imagination & the Misfit Kid","Mount Everest",83,157497,TRUE,0.428,-7.239,0,0.205,0.236,0.0698,0.0816,0.44,87.724,4,2,"indie_soul_rock",0.45
56063,"2nEntnpNpsJNhw1wLY8O96","Ritviz","Ved","Jeet",58,184848,FALSE,0.734,-6.465,1,0.0703,0.364,0.000995,0.0625,0.644,98.989,4,2,"indie_soul_rock",0.39
56075,"30KPG6tcT4DAYsYdTEBoXh","Ellie Goulding;Juice WRLD","pov: it's 2019","Hate Me",0,186226,FALSE,0.791,-4.66,1,0.0512,0.102,0,0.139,0.744,75.017,4,2,"indie_soul_rock",0.48
56083,"07QeznlGauyNSmomgZxb49","Glass Animals","Best Viral Tunes","Heat Waves",0,238805,FALSE,0.525,-6.9,1,0.0944,0.44,6.7e-06,0.0921,0.531,80.87,4,2,"indie_soul_rock",0.37
56093,"3Vh4nSqr35BOdINsqosOph","Ellie Goulding;Diplo;Swae Lee","Queda poco para la PAES","Close To Me",0,182626,TRUE,0.75,-5.042,0,0.0604,0.0946,0,0.378,0.475,144.081,4,2,"indie_soul_rock",0.52
56107,"4TZ2Ub8bZh4LTs06eANDXa","Ellie Goulding;Speed Radio","Lights (Sped Up Version)","Lights - Sped Up Version",77,190053,FALSE,0.836,-5.626,0,0.0457,0.0452,0.299,0.1,0.804,133.182,4,2,"indie_soul_rock",0.43
56132,"5NvOZCjZaGGGL597exlQWv","Ricky Montgomery","Montgomery Ricky","Line Without a Hook",82,249586,FALSE,0.652,-4.969,1,0.0285,0.262,0,0.258,0.507,190.028,3,2,"indie_soul_rock",0.23
56155,"2vWBUC9djv6BtiGlmKiQaH","Yot Club","Bipolar","YKWIM?",84,212750,FALSE,0.537,-7.623,1,0.0305,0.937,0.873,0.287,0.228,123.735,3,2,"indie_soul_rock",0.48
56159,"11j7AtNPZNq6BUQhAYrWvC","Nucleya;Avneet Khurmi","Bass Rani","Laung Gawacha",52,213913,FALSE,0.9,-4.855,0,0.0368,0.00498,0.00932,0.0952,0.415,91.988,4,2,"indie_soul_rock",0.31
56170,"0Qs67RelQ1FHAPkVBUoTDu","Anupam Roy","Pari","Meri Khamoshi Hai",49,318511,FALSE,0.285,-14.143,1,0.0307,0.836,0.00572,0.118,0.206,92.033,4,2,"indie_soul_rock",0.16
56182,"1Wm35uHkiDlb3YKPJeh5Oh","Zaeden;somanshu","Genesis 1:1","intezaar",50,152523,FALSE,0.489,-6.206,1,0.0278,0.582,0,0.0965,0.548,106.915,4,2,"indie_soul_rock",0.45
56205,"2nF4CJQfTfwft6TYVYLKiI","Zaeden","kya karoon?","kya karoon?",48,200275,FALSE,0.561,-8.322,0,0.035,0.642,7.11e-06,0.228,0.616,145.02,4,2,"indie_soul_rock",0.5
56206,"18twglRl0wFIIMtFOy2CHs","Hasan Raheem;Abdullah Kasumbi","Joona","Joona",53,189357,FALSE,0.627,-8.707,0,0.073,0.444,0,0.211,0.894,109.007,4,2,"indie_soul_rock",0.45
56218,"0NsYZt7iTFoLMw3pZTQEDQ","Kaavish","Nindiya Re (Studio Version)","Nindiya Re - Studio Version",50,225645,FALSE,0.104,-21.089,1,0.0319,0.891,0.0011,0.105,0.506,99.986,4,2,"indie_soul_rock",0.57
56219,"4KWWotE0IbxApQFNvtCegt","Neetesh Jung Kunwar","Kholai Khola","Kholai Khola",50,296761,FALSE,0.386,-13.59,1,0.0691,0.559,0,0.111,0.529,50.726,4,2,"indie_soul_rock",0.65
56237,"2IVsRhKrx8hlQBOWy4qebo","Ricky Montgomery","Montgomery Ricky","Mr Loverman",79,216880,FALSE,0.526,-6.697,1,0.0256,0.245,2.43e-05,0.25,0.488,130.033,3,2,"indie_soul_rock",0.21
56239,"04F42oEuKrRComYJfJuyVR","Claire Rosinkranz","Backyard Boy (Stripped)","Backyard Boy",71,129240,FALSE,0.635,-7.246,1,0.163,0.323,0,0.0738,0.454,138.015,4,2,"indie_soul_rock",0.39
56252,"3zksbXteOCeSusJ5Xltr3t","Clairo","Bubble Gum","Bubble Gum",80,175960,FALSE,0.0167,-24.639,1,0.115,0.979,2.72e-05,0.387,0.229,207.97,3,2,"indie_soul_rock",0.45
56274,"7pNzZIVe1aTino5pgfQtlg","Tribal Rain","Roka Yo Samay","Narisawna",50,287503,FALSE,0.448,-9.387,1,0.0276,0.859,0.011,0.147,0.777,172.049,4,2,"indie_soul_rock",0.46
56276,"23KVefoON2iEz1dh940quQ","Ellise","Chaotic","911",68,188386,TRUE,0.53,-7.18,0,0.0833,0.509,4.15e-06,0.117,0.529,130.104,4,2,"indie_soul_rock",0.45
56279,"0beovTlPSpPYSYSTtY9Wpv","Chelsea Cutler;Noah Kahan","Autumn Vibe","Crazier Things",0,264584,FALSE,0.274,-13.53,1,0.033,0.813,0,0.162,0.316,93.025,4,2,"indie_soul_rock",0.44
56283,"6RMPFmpwJgyPvUvBdjWreM","Chelsea Cutler;Noah Kahan","Halloween & Chill","Crazier Things",0,264584,FALSE,0.274,-13.53,1,0.033,0.813,0,0.162,0.316,93.025,4,2,"indie_soul_rock",0.15
56285,"0P2nclWCd2joWuHQGqof4V","Lucky Daye","Best R&B Tunes","Running Blind - From ""Liberated / Music For the Movement Vol. 3""",0,193070,TRUE,0.659,-5.735,0,0.0574,0.0195,0.00214,0.0535,0.475,134.953,5,2,"indie_soul_rock",0.55
56292,"7zcbD87VO3GVZJWactfQJf","Owl City","Alternative Christmas 2022","Peppermint Winter",0,240560,FALSE,0.803,-4.932,1,0.0398,0.208,0,0.0764,0.145,153.95,3,2,"indie_soul_rock",0.4
56295,"1spwauDAwyEaot3ZxKdRYa","Owl City","OO's Music Grandi Successi","Fireflies",0,228346,FALSE,0.663,-6.799,1,0.048,0.027,0,0.118,0.476,180.185,4,2,"indie_soul_rock",0.47
56303,"0CawrCDxkBgaR2ImcpQYMm","OAFF;Kayan","So Good","So Good",46,179085,FALSE,0.431,-12.553,0,0.0754,0.436,0.0247,0.0812,0.473,149.936,4,2,"indie_soul_rock",0.16
56307,"2GjMaJ7DacMIkgoe8oMXGg","Ellie Goulding;Diplo;Swae Lee","Brightest Blue","Close To Me",64,182626,TRUE,0.75,-5.042,0,0.0604,0.0946,0,0.378,0.475,144.081,4,2,"indie_soul_rock",0.21
56336,"45ROR8UMn60YEVQnDy0uVF","Cavetown","Animal Kingdom","Juliet",79,278991,TRUE,0.586,-8.488,1,0.0313,0.00346,0.00114,0.0562,0.364,131.778,4,2,"indie_soul_rock",0.36
56338,"1qdcYbBhlc9zmbAsKInyNl","Oh Wonder","Herbststimmung","Happy",0,172906,FALSE,0.515,-8.472,1,0.0331,0.455,0,0.0922,0.514,101.977,4,2,"indie_soul_rock",0.17
56342,"3zxFdCygb1FgieCihHhdxG","Lykke Li;The Magician","House Anthems","I Follow Rivers - The Magician Remix",3,279635,FALSE,0.7,-5.81,0,0.0406,0.0179,0.00251,0.0823,0.296,122.031,4,2,"indie_soul_rock",0.61
56348,"040wa7JKXeVWLjkVYHxtQe","Still Woozy","Best Road Trip Pop Tunes","WTF",0,193840,FALSE,0.496,-9.487,1,0.0589,0.648,0.213,0.0741,0.71,76.512,4,2,"indie_soul_rock",0.48
56358,"5lGN9hkorYrkMRdERpzwI0","Nucleya;Avneet Khurmi;Guri Gangsta","Bass Rani","Aaja",46,271304,FALSE,0.634,-7.981,0,0.0566,0.0152,0.0115,0.0985,0.198,92.063,4,2,"indie_soul_rock",0.23
56360,"3TB0OtQMzrPoNcmXfUMVzC","Shamoon Ismail;Hasan Raheem","Scars & Screws","Faasla",51,199735,FALSE,0.39,-12.118,0,0.0918,0.0475,0.132,0.0732,0.285,91.961,4,2,"indie_soul_rock",0.62
56373,"62xTWuLB2JucUM9lCmr7kj","Ritviz","Mimmi","Aas Paas",47,98412,FALSE,0.452,-9.119,1,0.0531,0.0162,0.151,0.169,0.402,114.058,4,2,"indie_soul_rock",0.35
56376,"1wxF7Ilffr7yRgoX7j2iSP","Tribal Rain","Roka Yo Samay","Chinta",47,259683,FALSE,0.297,-11.889,1,0.0324,0.931,0.0621,0.109,0.723,97.97,4,2,"indie_soul_rock",0.1
56386,"1MsvUHdve8OkMWmI8J5NXh","M.I.A.","TOKYO - HALLOWEEN -","バッド・ガールズ",0,227520,FALSE,0.912,-2.621,1,0.0616,0.00104,0,0.097,0.343,143.441,4,2,"indie_soul_rock",0.35
56420,"5MG69A9XyXDbBbeOxdR3Tl","Claire Rosinkranz","don’t miss me","don't miss me",68,123949,TRUE,0.727,-4.726,1,0.04,0.793,2.49e-05,0.0858,0.818,104.98,4,2,"indie_soul_rock",0.3
56432,"6Zl70PzCqN2t5QVrCuQytw","Maisie Peters","u don't deserve me","Favourite Ex",1,201694,FALSE,0.177,-10.277,1,0.0374,0.718,0,0.139,0.22,175.098,3,2,"indie_soul_rock",0.21
56447,"3QSm1p0T7v32OXzcQ70Imd","Death Cab for Cutie","u don't deserve me","I Will Follow You into the Dark",0,189186,FALSE,0.206,-12.233,1,0.0421,0.924,0,0.118,0.489,80.401,4,2,"indie_soul_rock",0.31
56460,"7xxk2elVJN3IjhbV3T8Shz","Zaeden","days","days",43,150000,FALSE,0.499,-9.37,1,0.0589,0.255,0.00478,0.189,0.373,144.028,4,2,"indie_soul_rock",0.56
56461,"25jpyDVM8HFfNuos94WiE0","Sajjan Raj Vaidya","Ek Sarvanaam","Ek Sarvanaam",47,227586,FALSE,0.348,-13.64,1,0.0291,0.591,0.000704,0.124,0.637,116.04,4,2,"indie_soul_rock",0.19
56492,"5IEYuPuSbReekSa8Jvx51t","Neon Trees","Pop Christmas 2022","Holiday Rock",0,177345,FALSE,0.818,-6.622,1,0.04,6.5e-05,0,0.354,0.684,148.173,4,2,"indie_soul_rock",0.66
56502,"0Ley2dKfWsTgMEZGES12Ep","The Elements","Birsiney Hau Ki","Birsiney Hau Ki",46,261492,FALSE,0.35,-10.49,1,0.0275,0.247,9.49e-05,0.0711,0.549,81.762,4,2,"indie_soul_rock",0.34
56510,"77o1HdXHm1hLd7Ebe9ygd0","Bea Miller","THAT BITCH","THAT BITCH",68,201101,TRUE,0.738,-2.164,1,0.218,0.0103,0,0.55,0.626,162.132,4,2,"indie_soul_rock",0.24
56520,"7s8VgA8OjvwBUuigKzEGBx","Cavetown","This Is Home","This Is Home",75,226073,FALSE,0.266,-12.478,1,0.0406,0.56,1.05e-06,0.0962,0.211,130.044,4,2,"indie_soul_rock",0.08
56529,"74jpHQaJ0UPBY0bExUeu0i","Claire Rosinkranz","pov: it's 2020","Backyard Boy",0,129240,FALSE,0.635,-7.246,1,0.163,0.323,0,0.0738,0.454,138.015,4,2,"indie_soul_rock",0.55
56539,"6tX41Di5fwIaOyW2h02DmO","Hayley Williams","Just Best Covers","Teardrop",1,206000,FALSE,0.567,-7.836,0,0.0595,0.828,0.282,0.0969,0.578,155.931,4,2,"indie_soul_rock",0.19
56557,"19Hg1UCZaCdpHB37L7x63X","The Black Skirts","TEAM BABY","EVERYTHING",70,293000,FALSE,0.373,-8.591,1,0.0278,0.651,0.927,0.146,0.387,119.843,4,2,"indie_soul_rock",0.14
56573,"0QpOqKz66ZxHNqj2PPHiFF","Claire Rosinkranz","BeVerly Hills BoYfRiEnd","Backyard Boy",62,129240,FALSE,0.634,-7.246,1,0.162,0.321,0,0.0735,0.453,138.015,4,2,"indie_soul_rock",0.09
56589,"35BubUYbG7gQfwnVkg58zW","Grouplove","All Out Alternative","Tongue Tied",0,218013,FALSE,0.936,-5.835,1,0.0439,0.00832,0,0.161,0.371,112.96,4,2,"indie_soul_rock",0.13
56598,"4BppmhMgZbObWXLwFRxOjC","The Head And The Heart","Feeling Good - Adult Pop Favorites","Don't Dream It's Over",0,219517,FALSE,0.73,-4.934,1,0.0315,0.0824,2.03e-06,0.105,0.348,84.142,4,2,"indie_soul_rock",0.27
56602,"6zdg9ovHEPx9EblJcc7FGf","Chelsea Cutler","Your Shirt","Your Shirt",63,230000,FALSE,0.478,-6.641,1,0.0725,0.191,0,0.32,0.173,179.98,4,2,"indie_soul_rock",0.35
56611,"3jfZ9M23l0L7RxzYMTgBTv","Joy Again","Looking Out for You","Looking Out for You",80,179499,FALSE,0.9,-5.028,1,0.0874,0.0884,0.063,0.0685,0.937,100.721,4,2,"indie_soul_rock",0.3
56617,"38kcwx5znepLWCIBID0Bwm","THE ORAL CIGARETTES","FIXION","Kyouran Hey Kids!!",69,250973,FALSE,0.981,-1.82,1,0.111,0.00318,0.00161,0.187,0.781,142.016,4,2,"indie_soul_rock",0.29
56629,"7LNm1oWd6PniO9wRYpNY5o","Delaney Bailey","j's lullaby (darlin' i'd wait for you)","j's lullaby (darlin' i'd wait for you)",71,290132,FALSE,0.11,-19.885,1,0.0328,0.498,0.000614,0.0781,0.172,76.068,4,2,"indie_soul_rock",0.45
56637,"378aahbFUoZdVoaXp7ac2h","salem ilese","(MORE) Unsponsored Content","Coke & Mentos",26,127826,FALSE,0.668,-5.328,1,0.0538,0.627,0.00868,0.19,0.738,92.024,4,2,"indie_soul_rock",0.18
56638,"0UZLtUPQZtYHvs4DxT1kT3","salem ilese","(MORE) Unsponsored Content","Ben & Jerry",29,158395,FALSE,0.484,-6.08,0,0.0289,0.247,0,0.145,0.589,99.451,4,2,"indie_soul_rock",0.27
56648,"0jdPUGPxzjKB3A4qqflyMH","The Knocks;Rivers Cuomo;Royal & the Serpent","Here to Forever - All New Indie","Sound the Alarm",0,171587,FALSE,0.788,-3.064,0,0.0436,0.0164,0.000306,0.541,0.774,101.006,4,2,"indie_soul_rock",0.27
56670,"3YL4zMqcyFu0OfLI1sZ66Z","Cigarettes After Sex","EP I.","Starry Eyes",62,206000,FALSE,0.362,-15.32,1,0.0337,0.453,0.335,0.0687,0.114,100.264,4,2,"indie_soul_rock",0.7
56671,"6xiGRIgBOsQPdzYfiHDESZ","When Chai Met Toast","Believe","Forever",41,229161,FALSE,0.737,-7.55,1,0.047,0.12,0.169,0.256,0.697,77.493,4,2,"indie_soul_rock",0.48
56675,"62HWUAEVA2H3COerlBY4FN","TJ Hickey;Bino Beats;Abstract","backseat (remix)","backseat - remix",41,140040,FALSE,0.486,-10.767,1,0.0548,0.626,0,0.0722,0.722,93.034,4,2,"indie_soul_rock",0.53
56687,"49EKDIHB7QOgmqv6f1jYt9","salem ilese","(MORE) Unsponsored Content","PS5 - PS3 Version",23,132272,FALSE,0.58,-6.114,0,0.232,0.45,0,0.108,0.463,88.07,4,2,"indie_soul_rock",0.33
56690,"3zoam7d11SzQltktwZhoZu","chloe moriondo;Thomas Headon;Alfie Templeman","Tek It - New Noise","Dizzy",0,158240,FALSE,0.735,-5.237,1,0.0362,0.00896,4.78e-05,0.0433,0.762,129.965,4,2,"indie_soul_rock",0.4
56698,"0c9VYb7NquZRi6H4i5RAcB","chloe moriondo","Daily Pop Mix","Fruity",0,192933,FALSE,0.648,-5.964,1,0.0308,0.00486,3.74e-05,0.212,0.627,128.004,4,2,"indie_soul_rock",0.22
56699,"21sf6TsSLLKLFvDQSODZH5","chloe moriondo","Upbeat Pop","Fruity",0,192933,FALSE,0.648,-5.964,1,0.0308,0.00486,3.74e-05,0.212,0.627,128.004,4,2,"indie_soul_rock",0.42
56700,"7pBrj5rt4SSxXwFKOyZfHR","Absofacto","Thousand Peaces","Dissolve",68,224660,FALSE,0.582,-10.668,0,0.0542,0.23,0.000157,0.0663,0.872,85.486,4,2,"indie_soul_rock",0.34
56705,"1YPktWvjzZW9zxZMStzG0L","Sushant KC","Gulabi","Gulabi",45,253126,FALSE,0.217,-15.983,1,0.0458,0.9,0,0.126,0.276,164.905,3,2,"indie_soul_rock",0.59
56713,"2QSOI7ful79gOzpNlwyVeh","Anupam Roy","Open Tee Bioscope (Original Motion Picture Soundtrack)","Bandhu Chol",40,452597,FALSE,0.479,-11.061,1,0.0377,0.675,5.74e-05,0.101,0.336,75.028,4,2,"indie_soul_rock",0.47
56719,"2RotDMmg3PeoEFLiqsXUS7","Sara Kays","Coffee Moment","When You Look at Me",0,170375,FALSE,0.293,-10.711,1,0.0291,0.836,0,0.217,0.373,129.849,4,2,"indie_soul_rock",0.28
56720,"2fvv4tLHhTfIRuahGrlohs","Sara Kays","All That Really Matters - Just Hits","Watching TV",0,160677,FALSE,0.571,-6.924,1,0.0738,0.587,0,0.139,0.456,117.965,4,2,"indie_soul_rock",0.32
56727,"06lZtG8TU4VihWV7ZKcqCI","Hayley Kiyoko","All Bops","deep in the woods",0,189898,FALSE,0.749,-6.469,0,0.0625,0.016,0,0.369,0.411,87.986,4,2,"indie_soul_rock",0.48
56728,"5n6C432GWVK02ypzir2Jex","Hayley Kiyoko","Sad Girls","deep in the woods",0,189898,FALSE,0.749,-6.469,0,0.0625,0.016,0,0.369,0.411,87.986,4,2,"indie_soul_rock",0.18
56732,"40xJenyivPG4n1168jLx0t","Sara Kays","Daily Pop Mix","Watching TV",0,160677,FALSE,0.571,-6.924,1,0.0738,0.587,0,0.139,0.456,117.965,4,2,"indie_soul_rock",0.15
56757,"5zZt5BzzSrUXwytlRatvc2","Princess Chelsea","Lil' Golden Book","Cigarette Duet",64,260013,FALSE,0.539,-8.003,0,0.0283,0.326,0.00141,0.0964,0.176,104.966,4,2,"indie_soul_rock",0.1
56761,"2PCSrsG1MyOYyFbJ0m9mVN","Prateek Kuhad","cold/mess","did you/fall apart",42,172298,FALSE,0.165,-12.687,1,0.033,0.899,0.236,0.0979,0.0869,140.81,3,2,"indie_soul_rock",0.15
56766,"5HKv1sFHbXgmXBih203HxT","Charlie Burg","Live in Peter's Attic","I Don't Wanna Be Okay Without You",70,243796,FALSE,0.319,-7.461,1,0.0288,0.399,2.52e-05,0.138,0.166,62.984,4,2,"indie_soul_rock",0.14
56769,"26ZX2JrAb8AFbr8FFfAsO7","EDEN","i think you think too much of me","sex",66,218808,FALSE,0.521,-4.469,1,0.0466,0.162,0,0.323,0.532,103.391,4,2,"indie_soul_rock",0.85
56786,"0D2m3GX6mNfNB6dKJQjCgM","Beach House","Teen Dream","Take Care",49,348440,FALSE,0.865,-7.401,1,0.0289,0.472,0.000437,0.0845,0.421,110.851,3,2,"indie_soul_rock",0.49
56787,"2j4eDUG5qfvOxxEbiSXVt3","G-Eazy;Tory Lanez;Tyga","These Things Happen Too (Deluxe)","Still Be Friends (feat. Tory Lanez & Tyga)",61,213307,TRUE,0.759,-4.694,0,0.0494,0.00531,0,0.091,0.293,104.002,4,2,"indie_soul_rock",0.27
56793,"657H0IfrHHpDE5q2g8ulcr","Sara Kays","Indie Chill Out","Remember That Night?",1,227186,FALSE,0.61,-10.936,0,0.0305,0.585,9.51e-05,0.156,0.554,123.978,4,2,"indie_soul_rock",0.6
56794,"2xM3uCZU5YLiVAWqhY02dx","Big Wild;Surfaces","Mega Hits Autumn/Fall 2022","Awaken (Feel Alive)",0,180204,FALSE,0.492,-6.489,1,0.0328,0.192,0,0.379,0.174,140.012,3,2,"indie_soul_rock",0.33
56796,"5A8jUZatix87xG0Zj6HSKG","The Cab","Symphony Soldier","Angel With a Shotgun",63,223092,FALSE,0.84,-5.121,1,0.0499,0.00471,0,0.179,0.394,124.037,4,2,"indie_soul_rock",0.38
56809,"0X5mtNbqxbiTYkwj0CQc2f","COIN","Dreamland","Crash My Car",69,188306,FALSE,0.645,-5.863,1,0.0456,0.00178,0.00574,0.301,0.529,183.577,5,2,"indie_soul_rock",0.32
56815,"4djIFfof5TpbSGRZUpsTXq","COIN","How Will You Know If You Never Try","Talk Too Much",72,187133,FALSE,0.888,-5.119,1,0.0807,0.00947,0,0.347,0.482,103.966,4,2,"indie_soul_rock",0.41
56816,"5TIyFlLF0EfYOUZH1TYxBq","GIRLI","More Than a Friend","More Than a Friend",68,175693,TRUE,0.594,-7.645,1,0.0584,0.0301,0,0.102,0.653,137.112,4,2,"indie_soul_rock",0.5
56821,"2LvvNsJKCyB14ORqYcSUSF","Mame Khan;Amar Sangam;Ajay Prasanna;Reena Naik","Shri Krishna Govind Hare Murari","Shri Krishna Govind Hare Murari",39,403411,FALSE,0.539,-7.775,1,0.0474,0.856,0.000179,0.117,0.532,84.421,4,2,"indie_soul_rock",0.39
56825,"6IJ4zWJvkbUk3U4K1RwaxX","Kiiara","Music for Rainy Days","Gold",0,225882,FALSE,0.412,-9.343,0,0.344,0.615,0.0026,0.134,0.408,113.05,5,2,"indie_soul_rock",0.23
56834,"1yWaofHPkoqaQfpGKSEwaw","Echosmith","Indie Chill Out","Tell Her You Love Her - Acoustic",0,259786,FALSE,0.195,-9.832,1,0.0329,0.609,0,0.119,0.235,117.634,4,2,"indie_soul_rock",0.29
56856,"3qk4wRMDlaeagZGjSYbsOV","G-Eazy;Charlie Puth","The Beautiful & Damned","Sober",57,203960,TRUE,0.766,-5.953,0,0.231,0.263,0,0.32,0.182,96.281,4,2,"indie_soul_rock",0.59
56861,"6lOWoTqVnAWXchddtTH31W","Tom Walker","Leave a Light On","Leave a Light On",71,185863,FALSE,0.624,-5.946,1,0.113,0.0153,1.78e-06,0.133,0.267,68.976,4,2,"indie_soul_rock",0.28
56882,"2ZkoIuZaRbU14w3LSDAyNB","Mahalia","rainy day indie","BRB - Acoustic Version",0,152000,FALSE,0.251,-12.412,1,0.0473,0.807,0,0.108,0.627,79.956,5,2,"indie_soul_rock",0.23
56896,"5jhIWm2hXdVQJaRDE9AGhW","The Shins","Alternative Christmas 2022","Wonderful Christmastime",0,146520,FALSE,0.689,-5.406,1,0.0307,0.0109,0,0.114,0.899,140.071,4,2,"indie_soul_rock",0.58
56898,"5D09Q1CFr1VtVIw92Gf0zS","Cesare Cremonini","10's Music Grandi Successi","Kashmir-Kashmir",0,249053,FALSE,0.884,-4.672,1,0.0404,0.017,0,0.326,0.948,122.98,4,2,"indie_soul_rock",0.55
56905,"2nDAf3plZCm18W8i20hpQ8","Albatross","Jo Jas Sanga Sambandhit Chha","Timi Bhane",43,328200,FALSE,0.863,-5.719,1,0.0369,0.00177,8.88e-05,0.0703,0.351,144.832,4,2,"indie_soul_rock",0.37
56908,"44TzvSZLIkM7Y7MEnrvkIl","Tai Verdes","TV","Stuck In The Middle",66,196133,TRUE,0.564,-6.566,1,0.0425,0.278,0,0.0935,0.836,119.952,4,2,"indie_soul_rock",0.11
56915,"45vZrnB268uU9nYHIpk2Wf","The Yellow Diary","Maja Ma (Original Motion Picture Soundtrack)","Buniyaad 2.0",39,251076,FALSE,0.433,-12.413,0,0.0354,0.495,0.000334,0.264,0.204,130.104,4,2,"indie_soul_rock",0.45
56917,"7FjIYiD53wxlQmzTT6Wdpf","Frances Forever","space girl","space girl",69,231440,FALSE,0.395,-9.598,1,0.03,0.332,0.000196,0.37,0.196,125.979,4,2,"indie_soul_rock",0.33
56920,"252G7yirQ4pXj6ZD4T9R2W","FINNEAS","Mona Lisa, Mona Lisa","Mona Lisa, Mona Lisa",63,172111,FALSE,0.521,-6.844,1,0.0441,0.0252,0.023,0.581,0.646,125.032,4,2,"indie_soul_rock",0.53
56921,"0HuS5vFQd06cXV54I0twkV","Prateek Kuhad","The Way That Lovers Do","Face",38,184413,FALSE,0.669,-13.329,1,0.455,0.92,0.0219,0.139,0.351,128.219,4,2,"indie_soul_rock",0.33
56927,"52Bg6oaos7twR7IUtEpqcE","Elliott Smith","Either/Or","Between The Bars",65,141280,FALSE,0.074,-23.625,0,0.0598,0.929,0.765,0.108,0.342,135.298,3,2,"indie_soul_rock",0.49
56928,"3NM41PVVUr0ceootKAtkAj","Matt Maltese","Bad Contestant","As the World Caves In",71,218754,FALSE,0.449,-5.362,1,0.034,0.369,0.00444,0.22,0.179,123.969,4,2,"indie_soul_rock",0.48
56929,"0KpAm8TtyHPZmxdPO7npYO","david hugo","Blossom Hill","we made it.",59,164662,FALSE,0.515,-7.906,1,0.267,0.0706,0,0.0756,0.674,176.05,4,2,"indie_soul_rock",0.1
56932,"62UEqfAXpFJOLC66EqM7ji","Lyn Lapid","Autumn Vibe","In My Mind",0,162800,FALSE,0.382,-11.8,0,0.0545,0.737,0.00041,0.356,0.289,135.93,3,2,"indie_soul_rock",0.52
56938,"3C1t9vvGBtSsSV858iEk4A","ROZES","Slow Christmas Songs 2022","Christmas (Baby Please Come Home)",0,161093,FALSE,0.616,-4.746,1,0.0376,0.744,3.15e-06,0.261,0.353,65.372,4,2,"indie_soul_rock",0.26
56941,"05eV1d7xEeUse9ceyKWjMe","Holly Humberstone","Mega Hits Autumn/Fall 2022","Friendly Fire",0,222800,FALSE,0.602,-9.664,1,0.078,0.806,0.00145,0.101,0.595,159.905,4,2,"indie_soul_rock",0.18
56943,"5ZadVMjxNjnrG1EvtRaJ10","Holly Humberstone","West Coast","Haunted House",0,133226,FALSE,0.269,-9.197,1,0.0439,0.871,0,0.101,0.238,127.523,4,2,"indie_soul_rock",0.62
56960,"1LPGwuFgIzbJoShfDdw7MY","Glass Animals","How To Be A Human Being","Youth",67,230693,FALSE,0.718,-7.765,0,0.0298,0.129,0.00156,0.112,0.785,96.017,4,2,"indie_soul_rock",0.73
56970,"6nwuEYRXKrrq9Ag4S7fzmh","Cassettes","Engtinnge Ni Dawn?","Engtinnge Ni Dawn?",37,181775,FALSE,0.532,-8.709,1,0.0344,0.669,0.000158,0.224,0.868,113.063,4,2,"indie_soul_rock",0.42
56975,"7fXYFuCTmNrYRGwEUUf5iz","david hugo","Die Right Here","Die Right Here",62,127620,FALSE,0.818,-4.137,1,0.0949,0.0733,0,0.0871,0.712,130.01,4,2,"indie_soul_rock",0.55
56997,"2wFuVocQqiPRwVAQ7nYQFY","Håkan Hellström","HÖST","Det kommer aldrig va över för mig",1,267106,FALSE,0.877,-6.515,1,0.0469,0.012,3.94e-05,0.499,0.499,127.034,4,2,"indie_soul_rock",0.22
56999,"4zJLkYcHGjWuf2Ui0eVAso","Håkan Hellström","LUGNA LÅTAR","Det kommer aldrig va över för mig",0,267106,FALSE,0.877,-6.515,1,0.0469,0.012,3.94e-05,0.499,0.499,127.034,4,2,"indie_soul_rock",0.16
57009,"6EtKlIQmGPB9SX8UjDJG5s","Labrinth","Euphoria (Original Score from the HBO Series)","Formula",83,91869,FALSE,0.664,-6.068,1,0.0409,0.0448,0.0553,0.146,0.226,144.654,4,8,"alt_electronic_pop",0.73
57022,"5ZsAhuQ24mWHiduaxJqnhW","Ritviz","Ved","Udd Gaye",67,180413,FALSE,0.817,-6.187,0,0.0474,0.000712,0.0386,0.142,0.483,144.961,4,8,"alt_electronic_pop",0.86
57038,"3zHq9ouUJQFQRf3cm1rRLu","Ellie Goulding","Delirium (Deluxe)","Love Me Like You Do - From ""Fifty Shades Of Grey""",79,252534,FALSE,0.606,-6.646,1,0.0484,0.247,0,0.125,0.275,189.857,4,8,"alt_electronic_pop",0.94
57042,"2e8zEzmedii6VKaV2852rl","Starla Edney","Queen of Hearts","Queen of Hearts",63,191386,FALSE,0.682,-5.207,0,0.047,0.276,3.23e-06,0.129,0.462,96.009,4,8,"alt_electronic_pop",0.76
57046,"34da5Qqshstk7LI1wNe0LV","Roshan Sebastian;Kevin Jason","Poovukkul Olindhirukkum - Jeans","Poovukkul Olindhirukkum - Jeans",65,130815,FALSE,0.339,-13.464,1,0.0378,0.514,0,0.133,0.221,89.95,4,8,"alt_electronic_pop",0.4
57053,"4SqWKzw0CbA05TGszDgMlc","The Walters","I Love You So","I Love You So",89,160239,FALSE,0.648,-4.891,1,0.0358,0.583,0,0.115,0.466,75.977,4,8,"alt_electronic_pop",0.7
57060,"5k38wzpLb15YgncyWdTZE4","G-Eazy;Halsey","The Beautiful & Damned","Him & I (with Halsey)",79,268866,TRUE,0.731,-6.343,1,0.0868,0.0534,0,0.308,0.191,87.908,4,8,"alt_electronic_pop",0.77
57064,"3uB2mkp8ovjiuJA734dbGe","Ritviz;Seedhe Maut","Dev","Chalo Chalein",59,184370,FALSE,0.5,-9.828,1,0.0614,0.00245,0.03,0.116,0.572,76.176,4,8,"alt_electronic_pop",0.77
57070,"4R8VBRb5nKbEfi1EIA2B7p","Zaeden;Hanita Bhambri","Genesis 1:1","KTMBK",60,154434,FALSE,0.435,-8.834,1,0.0489,0.555,0,0.139,0.836,115.034,4,8,"alt_electronic_pop",0.45
57074,"1gxmaTGnxEgZuV8485tevN","Anuv Jain","Alag Aasmaan (Acoustic)","Alag Aasmaan (Acoustic)",58,211578,FALSE,0.103,-13.387,1,0.0435,0.921,1.06e-06,0.107,0.668,115.732,4,8,"alt_electronic_pop",0.77
57083,"5Xm4pHOZjks21F81pIdAba","Anivee;Anirudh Ravichander","Mayakirriye","Mayakirriye",59,189724,FALSE,0.669,-4.346,1,0.108,0.0121,0,0.157,0.548,170.059,4,8,"alt_electronic_pop",0.33
57086,"0A3hi4R0OZhvukBOrJhesu","Zaeden","Genesis 1:1","Genesis (Intro)",62,72000,FALSE,0.68,-10.64,1,0.0288,0.573,0.984,0.192,0.151,100.001,4,8,"alt_electronic_pop",0.76
57087,"4QSF0d4ENvMXA03ARpMfaP","Mame Khan","Coke Studio @ MTV Season 2: Episode 3","Chaudhary",59,423613,FALSE,0.703,-6.523,1,0.195,0.484,9.32e-06,0.121,0.813,172.039,4,8,"alt_electronic_pop",0.7
57091,"3vGy3xMTFig0f0tUrjkbVQ","Aditya A;Ishita Parakh","Chaand Baaliyan Duet","Chaand Baaliyan Duet",58,105511,FALSE,0.38,-8.419,1,0.0356,0.875,0,0.111,0.816,96.945,4,8,"alt_electronic_pop",0.51
57106,"1gWtHDe403RuyZqhvSRcv8","Prateek Kuhad","Tune Kaha","Tune Kaha",56,216885,FALSE,0.763,-8.514,1,0.0589,0.015,0.00481,0.237,0.431,187.291,4,8,"alt_electronic_pop",0.69
57123,"2f0pn9DkEJwAzXApnFh5cr","BANNERS","Where The Shadow Ends","Someone To You",77,219801,FALSE,0.903,-5.497,1,0.042,0.00517,0,0.254,0.652,74.988,4,8,"alt_electronic_pop",0.69
57135,"5jvwBfP3afteHaLNrPrUCN","Glass Animals","Herbststimmung","Heat Waves",1,238805,FALSE,0.525,-6.9,1,0.0944,0.44,6.7e-06,0.0921,0.531,80.87,4,8,"alt_electronic_pop",0.66
57139,"7izqZuO3Z4Hh4pvL17tmk4","Ellie Goulding;Big Sean","Mega Hits Autumn/Fall 2022","Easy Lover",5,215937,FALSE,0.817,-3.789,0,0.0497,0.00711,0,0.0839,0.446,105.964,4,8,"alt_electronic_pop",0.6
57150,"0sTlGEld0h8kIPZaKDYUf4","The Rare Occasions","Notion","Notion",83,195120,FALSE,0.883,-3.825,1,0.0808,0.0673,0.00111,0.0849,0.312,159.488,4,8,"alt_electronic_pop",0.46
57158,"0SpkyS1Q4MD8GaVcP5YjT4","Cigarettes After Sex","Cigarettes After Sex","Sunsetz",78,215150,FALSE,0.479,-9.396,1,0.0301,0.0527,0.795,0.0974,0.131,75.37,4,8,"alt_electronic_pop",0.9
57162,"0y1QJc3SJVPKJ1OvFmFqe6","KALEO","A/B","Way down We Go",78,213706,FALSE,0.505,-8.022,0,0.117,0.579,0.000333,0.104,0.337,163.255,4,8,"alt_electronic_pop",0.62
57173,"5tyReDTH3MpN7J5pk2LuGx","Ritviz","Dev","Thandi Hawa",54,203076,FALSE,0.558,-12.15,0,0.177,0.0558,0.00935,0.16,0.514,195.004,4,8,"alt_electronic_pop",0.82
57180,"6l1VsKiMyaUWElFrM1rsuu","Prateek Kuhad","Karwaan","Saansein",54,266041,FALSE,0.518,-9.146,1,0.0282,0.653,0.531,0.138,0.374,128.041,4,8,"alt_electronic_pop",0.57
57197,"4eMN5YiyDpzWRs2JPCoQ1M","Ellie Goulding","10's Music Grandi Successi","Love Me Like You Do - From ""Fifty Shades Of Grey""",2,253279,FALSE,0.648,-5.664,1,0.051,0.248,0,0.121,0.261,189.218,4,8,"alt_electronic_pop",0.73
57202,"6ilc4vQcwMPlvAHFfsTGng","Cigarettes After Sex","Cigarettes After Sex","Sweet",75,292110,FALSE,0.511,-9.073,1,0.0276,0.353,0.766,0.139,0.115,96.563,4,8,"alt_electronic_pop",0.65
57206,"3DamFFqW32WihKkTVlwTYQ","Owl City","Ocean Eyes","Fireflies",79,228346,FALSE,0.662,-6.797,1,0.0439,0.0275,0,0.118,0.472,180.114,4,8,"alt_electronic_pop",0.38
57208,"7bd6i95HUlQkNkTQClwcW5","NAALAYAK","Hindi Gaane","Zakir",52,221666,FALSE,0.508,-8.489,1,0.0343,0.275,8.28e-06,0.0809,0.327,144.106,4,8,"alt_electronic_pop",0.77
57215,"0fVHcGda7Mszbwbf98rdwK","Cavetown;beabadoobee","Tek It - New Noise","Fall in Love with a Girl",1,191188,TRUE,0.511,-7.782,1,0.0284,0.133,6.3e-05,0.102,0.39,107.067,4,8,"alt_electronic_pop",0.69
57227,"7MLWLQSOUQc9sAghrNim6j","Stevie Wonder","Rock Christmas 2022 - The Very Best Of","What Christmas Means To Me - Single Version / Mono",0,148146,FALSE,0.7,-6.961,1,0.0323,0.0982,0,0.1,0.799,83.506,4,8,"alt_electronic_pop",0.69
57239,"6vloM8MDs7tiSTEk1FbrAA","Stevie Wonder","Home For Christmas 2022","What Christmas Means To Me",0,147800,FALSE,0.614,-8.05,1,0.0363,0.202,0,0.0802,0.751,82.229,4,8,"alt_electronic_pop",0.6
57252,"3p4hRhMcb6ch8OLtATMaLw","Cigarettes After Sex","Cry","Cry",76,256799,FALSE,0.399,-10.449,1,0.0278,0.756,0.678,0.112,0.163,142.83,4,8,"alt_electronic_pop",0.79
57256,"7yss3y4G3zjtufzx8adHMb","Stevie Wonder","Halloween Hits","Superstition",4,267733,FALSE,0.583,-14.182,1,0.0668,0.057,0.0195,0.0857,0.877,100.82,4,8,"alt_electronic_pop",0.76
57259,"74jsrRqMoVsztcF9RFA3f5","Stevie Wonder","Holiday Favorites 2022","Someday At Christmas",0,169293,FALSE,0.536,-6.04,1,0.0323,0.614,0,0.251,0.218,101.483,4,8,"alt_electronic_pop",0.27
57275,"4gcTWm58MmrRDhPjyLZRIj","Stevie Wonder","Halloween Scary Party","Superstition",0,267733,FALSE,0.583,-14.182,1,0.0668,0.057,0.0195,0.0857,0.877,100.82,4,8,"alt_electronic_pop",0.58
57301,"7vvmU5ayTrVWiNVxiwHLQI","Udbhav","Nanku Sharma","Kaafizyada",51,164307,TRUE,0.465,-10.275,0,0.0331,0.795,0.0115,0.213,0.534,121.016,4,8,"alt_electronic_pop",0.56
57304,"2t16D9V5FmmRAJjsSpwvZf","Labrinth","Euphoria (Original Score from the HBO Series)","When I R.I.P.",75,174567,TRUE,0.551,-6.456,0,0.174,0.73,0.00166,0.0907,0.444,87.614,4,8,"alt_electronic_pop",0.72
57315,"70YTBH8vOGJNMhy6186yFm","Cigarettes After Sex","Cry","Heavenly",71,286773,FALSE,0.437,-9.187,1,0.0248,0.669,0.688,0.11,0.127,105.22,4,8,"alt_electronic_pop",0.75
57316,"3TaoFBplKZB4AclYV2cDwT","When Chai Met Toast","Joy of Little Things","Firefly",50,218000,FALSE,0.828,-5.533,1,0.0353,0.161,0.00242,0.0588,0.391,79.947,4,8,"alt_electronic_pop",0.69
57324,"0tEAGQTo2PXnWFKn99x0a7","Osho Jain;Melissa Srivastava","Uljhe Hue (From ""Uljhe Hue"")","Uljhe Hue - From ""Uljhe Hue""",51,112750,FALSE,0.123,-10.427,1,0.0346,0.908,0,0.0729,0.256,76.569,4,8,"alt_electronic_pop",0.44
57325,"7uo2L5FAja3pWIBa3HJVeC","Zeph","scared of everything","could you love me while i hate myself",69,60333,FALSE,0.406,-11.313,1,0.0414,0.782,0.00019,0.11,0.551,119.901,4,8,"alt_electronic_pop",0.69
57337,"02tWxsxgRYdquJqB4eT8Rv","Sanah Moidutty","Shyama Meghame (Reprised Version)","Shyama Meghame - Reprised Version",50,200295,FALSE,0.57,-9.134,0,0.053,0.487,0.00237,0.0629,0.207,99.926,4,8,"alt_electronic_pop",0.59
57338,"3xyr2xfbSZiZWWGsjLyMFh","Claire Rosinkranz","6 Of A Billion","Hotel",66,134781,FALSE,0.656,-6.475,1,0.0752,0.484,0,0.559,0.949,133.927,4,8,"alt_electronic_pop",0.55
57340,"1dtx9AyVFLG001tZ6aNIAf","When Chai Met Toast","When We Feel Young","When We Feel Young",50,266393,FALSE,0.7,-6.661,1,0.0271,0.267,0.0187,0.117,0.319,87.505,4,8,"alt_electronic_pop",0.83
57358,"0Qs67RelQ1FHAPkVBUoTDu","Anupam Roy","Pari","Meri Khamoshi Hai",49,318511,FALSE,0.285,-14.143,1,0.0307,0.836,0.00572,0.118,0.206,92.033,4,8,"alt_electronic_pop",0.44
57359,"6Fvdk2eTzxEa9JsUUa1kP2","Palash Sen;Euphoria","Phir Dhoom","Maaeri",48,332733,FALSE,0.586,-5.235,1,0.0452,0.537,0,0.177,0.419,77.984,4,8,"alt_electronic_pop",0.23
57379,"7rRTWz085qItgtoJq4A36h","Roshan Sebastian","Malarodu Malaringu","Malarodu Malaringu",50,63000,FALSE,0.247,-12.12,1,0.0474,0.873,0,0.12,0.295,102.768,5,8,"alt_electronic_pop",0.21
57380,"5ttuUVXzA30CIt7R59Ep40","Armani White","Mega Hits Autumn/Fall 2022","BILLIE EILISH.",1,99282,TRUE,0.509,-6.647,1,0.257,0.115,1.67e-06,0.0937,0.765,100.007,4,8,"alt_electronic_pop",0.74
57383,"7gJt7kfEVdsJevCOShRwrg","Surf Curse","La Fine dell'Estate","Freaks",1,147062,FALSE,0.941,-9.918,1,0.0466,3.84e-05,0.633,0.0511,0.407,179.626,4,8,"alt_electronic_pop",0.71
57385,"3iPwSxaLCpFRNZmyLKbXjQ","The Walters","Indie Chill Out","Million Little Problems",0,147373,FALSE,0.525,-7.912,1,0.03,0.0746,9.36e-05,0.397,0.476,107.981,4,8,"alt_electronic_pop",0.6
57399,"4OtSo1ZTQWRWE53ZvBfBTV","R.E.M.","90's Music Grandi Successi","It's The End Of The World As We Know It (And I Feel Fine)",0,246933,FALSE,0.894,-8.638,1,0.037,0.0258,0,0.0251,0.797,205.528,4,8,"alt_electronic_pop",0.47
57409,"6cmPjiylmkjv2wiBCx2AHz","The Yellow Diary","Rab Raakha","Rab Raakha",47,239956,FALSE,0.781,-6.496,1,0.0341,0.629,0.0569,0.112,0.373,119.964,4,8,"alt_electronic_pop",0.85
57440,"03pgAGtsNrSoZtXDUR1Rom","Marvin Gaye","Christmas Soul Classics","Purple Snowflakes",0,171920,FALSE,0.481,-9.347,0,0.0269,0.404,0,0.107,0.78,109.403,4,8,"alt_electronic_pop",0.39
57448,"1g3CdJPxXVYk2r9VTUgMNX","Marvin Gaye","(60's) Sixties Collected Volume 2","I Heard It Through The Grapevine - Single Version",0,192266,FALSE,0.45,-7.503,0,0.0396,0.199,3.14e-06,0.0739,0.664,118.455,4,8,"alt_electronic_pop",0.11
57452,"0g4fzRkbLeCDUCoe5iUOcf","Lykke Li","so sad so sexy","sex money feelings die",74,139840,TRUE,0.534,-6.347,0,0.0709,0.323,3.42e-06,0.0645,0.631,134.055,4,8,"alt_electronic_pop",0.49
57464,"3bFORvJYwT9dX2qMGgKTn3","OAFF;Savera;Skeletron;Lothika;Ankur Tewari","Gehraiyaan (Original Motion Picture Soundtrack)","Gehraiyaan - Skeletron Remix",48,144419,FALSE,0.555,-5.676,1,0.0853,0.223,0.00141,0.0989,0.148,77.009,4,8,"alt_electronic_pop",0.54
57491,"0VsdGpccIWa7h8sYZmaO0G","Last Minute India","Kaagaz Ki Naav","Kaagaz Ki Naav",46,297968,FALSE,0.617,-6.884,1,0.0363,0.0169,0,0.153,0.181,96.271,4,8,"alt_electronic_pop",0.57
57495,"0i4TchavjPYnQYn10ddEZZ","Roshan Sebastian;Robin Sebastian","Siblings Unplugged, Vol. 2","Visiri - Enai Noki Paayum Thota",49,64615,FALSE,0.264,-14.526,1,0.0563,0.912,0.000187,0.154,0.229,103.955,4,8,"alt_electronic_pop",0.73
57502,"1yFryDjhXXIIaJA1dKqrab","Hasan Raheem;Natasha Noorani;Talal Qureshi","Faltu Pyar","Faltu Pyar",55,221550,FALSE,0.517,-6.813,0,0.119,0.42,0,0.0395,0.76,199.919,4,8,"alt_electronic_pop",0.71
57504,"3zksbXteOCeSusJ5Xltr3t","Clairo","Bubble Gum","Bubble Gum",80,175960,FALSE,0.0167,-24.639,1,0.115,0.979,2.72e-05,0.387,0.229,207.97,3,8,"alt_electronic_pop",0.69
57514,"7e4SULG2NwQ9rt7MK6FbKl","Bartika Eam Rai","Si Ma Na","Kaalpanik / Maayajastai",48,273357,FALSE,0.392,-9.656,0,0.0294,0.883,0.000295,0.11,0.535,82.011,3,8,"alt_electronic_pop",0.66
57534,"1APgkkfiW1BxlzAzg39Nf0","Lucky Daye","Best R&B Tunes","Running Blind - From ""Liberated / Music For the Movement Vol. 3""",0,193070,TRUE,0.659,-5.735,0,0.0574,0.0195,0.00214,0.0535,0.475,134.953,5,8,"alt_electronic_pop",0.7
57539,"4FjGjFQoSU3ZiTWDEKF3NO","Owl City","CHRISTMAS TOP HITS 2022","Peppermint Winter",0,240560,FALSE,0.803,-4.932,1,0.0398,0.208,0,0.0764,0.145,153.95,3,8,"alt_electronic_pop",0.6
57540,"0qYivybG83m6eGLqPx0dr3","Owl City","Pop Fun and Christmas Music 2022","Kiss Me Babe, It's Christmas Time",0,229033,FALSE,0.567,-7.054,1,0.0306,0.0199,0,0.0937,0.562,105.96,4,8,"alt_electronic_pop",0.59
57543,"7zcbD87VO3GVZJWactfQJf","Owl City","Alternative Christmas 2022","Peppermint Winter",0,240560,FALSE,0.803,-4.932,1,0.0398,0.208,0,0.0764,0.145,153.95,3,8,"alt_electronic_pop",0.44
57555,"1TnUURhehaoMWKAqQtirm6","Halsey","BADLANDS","Colors",68,249499,FALSE,0.812,-4.809,1,0.0617,0.0534,0,0.092,0.521,100.02,4,8,"alt_electronic_pop",0.86
57556,"2yUTr48mqvWN8IfDECd2Lf","Rusha & Blizza","Bazaar","Mela",46,165228,FALSE,0.351,-12.751,1,0.473,0.0782,3.39e-05,0.0857,0.213,92.895,4,8,"alt_electronic_pop",0.41
57565,"4dUOiTUovOCy91uztDlUp3","Prateek Kuhad","Favorite Peeps","Favorite Peeps",52,193733,FALSE,0.525,-9.683,1,0.0354,0.767,0.799,0.112,0.299,113.946,4,8,"alt_electronic_pop",0.72
57566,"36seMHoyXmLUNxcwzwjdF7","Christian Leave","Hope","Please Notice",74,116666,FALSE,0.271,-8.451,1,0.0297,0.843,3.21e-06,0.107,0.198,111.344,4,8,"alt_electronic_pop",0.66
57571,"0PivOoKM1sECNTsZ7K6N3h","The Local Train","Vaaqif","Mizaaj",45,263509,FALSE,0.701,-5.905,0,0.0297,0.00649,6.37e-06,0.403,0.334,138.05,4,8,"alt_electronic_pop",0.49
57587,"45ROR8UMn60YEVQnDy0uVF","Cavetown","Animal Kingdom","Juliet",79,278991,TRUE,0.586,-8.488,1,0.0313,0.00346,0.00114,0.0562,0.364,131.778,4,8,"alt_electronic_pop",0.51
57588,"0beovTlPSpPYSYSTtY9Wpv","Chelsea Cutler;Noah Kahan","Autumn Vibe","Crazier Things",0,264584,FALSE,0.274,-13.53,1,0.033,0.813,0,0.162,0.316,93.025,4,8,"alt_electronic_pop",0.51
57595,"6MSKVdRyRt2BeKFd7N4QKq","Gracie Abrams","Fall Aesthetic","Rockland",0,217368,FALSE,0.402,-11.344,1,0.0448,0.787,0.000188,0.103,0.397,125.743,4,8,"alt_electronic_pop",0.77
57605,"6Zc5f20q7sOe1IC1c1jQvZ","Halsey;Juice WRLD","Without Me (with Juice WRLD)","Without Me (with Juice WRLD)",66,228816,TRUE,0.514,-6.103,1,0.0746,0.355,0,0.184,0.449,136.013,4,8,"alt_electronic_pop",0.8
57608,"6jgkEbmQ2F2onEqsEhiliL","Mac DeMarco","2","My Kind of Woman",81,190845,FALSE,0.765,-7.063,0,0.0281,0.00294,0.49,0.184,0.46,91.771,4,8,"alt_electronic_pop",0.66
57643,"2O4O75liWpdFOt4B1jZSH7","Oh Wonder","Mega Hits Autumn/Fall 2022","Rollercoaster Baby",1,208876,FALSE,0.687,-8.657,1,0.0512,0.407,0.088,0.125,0.489,148.036,4,8,"alt_electronic_pop",0.61
57645,"4QNeJpSsJkI3R1LhCrSSZG","Tenma;M.S Krsna;Gana Muthu;Sangita Santhosham;Kavitha Gopi;Karthik Manickavasakam;Arivu","Natchathiram Nagargirathu (Original Motion Picture Soundtrack)","Rangarattinam",45,289767,FALSE,0.758,-6.439,1,0.13,0.273,7.15e-05,0.0923,0.84,82.482,4,8,"alt_electronic_pop",0.75
57647,"5thMYJq6rZ452P5nhoDoqL","KALEO","Mellow Adult Pop","My Fair Lady",0,223177,FALSE,0.277,-6.094,1,0.0361,0.784,1e-06,0.177,0.207,118.627,4,8,"alt_electronic_pop",0.85
57654,"0Qj4YyHTtV01Fvfl2fibea","Paravi","Cloud 9","Cloud 9",60,142000,FALSE,0.268,-9.799,1,0.0332,0.862,0,0.0936,0.338,113.715,4,8,"alt_electronic_pop",0.69
57667,"5fIWOnufnkAtDp9SDqRMD3","Fossils","Fossils","Hansnuhana",45,294322,FALSE,0.427,-12.304,1,0.0548,0.27,2.18e-05,0.105,0.307,133.127,4,8,"alt_electronic_pop",0.66
57673,"2kS6td1yvmpNgZTt1q5pQq","Mother Mother","O My Heart","Hayloft",78,181680,FALSE,0.922,-2.666,0,0.0728,0.00475,0.000162,0.422,0.49,95.975,4,8,"alt_electronic_pop",0.74
57678,"7cYIJYDp9ZhkELwN6LjEqg","The Rare Occasions","Tek It - New Noise","Notion",0,195120,FALSE,0.883,-3.825,1,0.0808,0.0673,0.00111,0.0849,0.312,159.488,4,8,"alt_electronic_pop",0.75
57680,"35IcAVSMsU9qzHfpPbvC8A","Gracie Abrams","This Is What It Feels Like","Feels Like",71,152317,FALSE,0.483,-7.359,1,0.0458,0.702,0.000216,0.121,0.176,144.99,4,8,"alt_electronic_pop",0.24
57684,"3zxFdCygb1FgieCihHhdxG","Lykke Li;The Magician","House Anthems","I Follow Rivers - The Magician Remix",3,279635,FALSE,0.7,-5.81,0,0.0406,0.0179,0.00251,0.0823,0.296,122.031,4,8,"alt_electronic_pop",0.69
57692,"6GVc45BRDqjvoGrMSInL5t","Lykke Li;The Magician","Comme un lundi","I Follow Rivers - The Magician Remix",0,279635,FALSE,0.7,-5.81,0,0.0406,0.0179,0.00251,0.0823,0.296,122.031,4,8,"alt_electronic_pop",0.72
57704,"2mlGPkAx4kwF8Df0GlScsC","Jack Stauber","Pop Food","Buttercup",73,208026,FALSE,0.373,-9.066,1,0.0384,0.723,0.81,0.289,0.551,120.046,4,8,"alt_electronic_pop",0.69
57717,"67mmy7Mhim6DmeFHHoqptH","The Local Train","Vaaqif","Aakhri Salaam",43,277432,FALSE,0.651,-8.507,1,0.0327,0.147,0.000241,0.197,0.495,173.906,4,8,"alt_electronic_pop",0.8
57718,"2yY8uyFsf5smk2FbUDlj96","Somlata And The Aces;Somlata Acharyya Chowdhury","Amar Bhitor O Bahire","Amar Bhitor O Bahire",44,320626,FALSE,0.642,-7.777,1,0.0324,0.506,2.89e-06,0.0905,0.272,105.018,4,8,"alt_electronic_pop",0.6
57723,"0C6dSPCqwKqwos6s1CrDrh","Arctic Monkeys","The Car","The Car",0,198554,FALSE,0.365,-11.889,0,0.0276,0.78,0.0033,0.113,0.236,94.033,3,8,"alt_electronic_pop",0.68
57726,"4i3xoVyj8Ws3wJllgOHSTI","salem ilese","Mega Hits Autumn/Fall 2022","Hey Siri",0,140000,FALSE,0.372,-11.809,1,0.0413,0.534,0,0.13,0.362,97.951,4,8,"alt_electronic_pop",0.35
57740,"7nBtvMaR4GTorkIlNlvN59","salem ilese","All I Want For Christmas Is You","Marry Christmas",0,162009,FALSE,0.753,-6.512,1,0.0511,0.0677,0,0.108,0.572,149.743,4,8,"alt_electronic_pop",0.74
57742,"5IL61OxHy3t9W42qZOnw3m","KALEO","All Bops","Automobile",1,186906,FALSE,0.553,-6.164,1,0.0389,0.596,3.01e-05,0.305,0.356,125.903,4,8,"alt_electronic_pop",0.53
57751,"4WfV1CNg91SBp8oG0VY0VB","Cigarettes After Sex","Crush","Crush",65,266666,FALSE,0.504,-8.579,1,0.0252,0.0884,0.757,0.11,0.285,98.357,4,8,"alt_electronic_pop",0.64
57753,"0NdTUS4UiNYCNn5FgVqKQY","Arctic Monkeys","AM","Snap Out Of It",80,193030,FALSE,0.638,-6.455,0,0.0336,0.249,0,0.116,0.872,130.014,4,8,"alt_electronic_pop",0.29
57771,"21Qd9l5qGW9AmXFYgVld5l","OAFF;Savera;Sickflip;Lothika;Kausar Munir","Gehraiyaan (Original Motion Picture Soundtrack)","Doobey - Sickflip Remix",45,197343,FALSE,0.859,-8.841,1,0.0881,0.0984,0.14,0.111,0.507,128.007,4,8,"alt_electronic_pop",0.78
57779,"0hwr0giW0okbMxvOx0bXYj","Seedhe Maut;Sez on the Beat","Nayaab","Teen Dost",44,168007,TRUE,0.552,-9.075,0,0.348,0.283,0,0.11,0.546,128.074,4,8,"alt_electronic_pop",0.83
57787,"4AtyyejGGiURUVbB1HQ7y4","Tenma;Sidanth Sundar;Kavitha Gopi","Natchathiram Nagargirathu (Original Motion Picture Soundtrack)","Kadhalar",43,331500,FALSE,0.534,-7.476,0,0.0302,0.279,5.27e-06,0.0682,0.124,102.647,4,8,"alt_electronic_pop",0.56
57799,"6LsBoBXSxM8CmDXbWKkBsi","The National","Mega Hits Autumn/Fall 2022","Somebody Desperate - From ''Cyrano'' Soundtrack",0,235053,FALSE,0.311,-12.524,0,0.0285,0.83,0.00238,0.114,0.305,82.872,4,8,"alt_electronic_pop",0.31
57805,"7xxk2elVJN3IjhbV3T8Shz","Zaeden","days","days",43,150000,FALSE,0.499,-9.37,1,0.0589,0.255,0.00478,0.189,0.373,144.028,4,8,"alt_electronic_pop",0.76
57806,"47VUUYV4pWnUDaeMAOn4t1","Ritviz","Ved","Jeet 2.0",45,186666,FALSE,0.44,-7.08,1,0.0508,0.415,0,0.439,0.834,99.056,4,8,"alt_electronic_pop",0.77
57825,"4XOevOLI1X5MDcd2UIo6KZ","Fossils","Fossils","Bishakto Manush",43,267468,FALSE,0.639,-10.671,0,0.0367,0.187,2.12e-06,0.366,0.335,136.551,4,8,"alt_electronic_pop",0.86
57828,"35BubUYbG7gQfwnVkg58zW","Grouplove","All Out Alternative","Tongue Tied",0,218013,FALSE,0.936,-5.835,1,0.0439,0.00832,0,0.161,0.371,112.96,4,8,"alt_electronic_pop",0.89
57830,"6Zl70PzCqN2t5QVrCuQytw","Maisie Peters","u don't deserve me","Favourite Ex",1,201694,FALSE,0.177,-10.277,1,0.0374,0.718,0,0.139,0.22,175.098,3,8,"alt_electronic_pop",0.86
57848,"4ymzjLJIaRsXoTvO8sfDpZ","Paul Simon","Helloween Party","The Werewolf",0,205666,FALSE,0.684,-6.543,0,0.137,0.139,0,0.115,0.547,133.593,4,8,"alt_electronic_pop",0.66
57857,"429NtPmr12aypzFH3FkN9l","beabadoobee","Coffee","Coffee",69,126824,FALSE,0.137,-18.208,1,0.0717,0.982,0.962,0.112,0.301,118.734,4,8,"alt_electronic_pop",0.51
57869,"1hP0hDL5VREpThmMOa1pta","Shakti Sivamani","Ailesa","Ailesa",42,250601,FALSE,0.79,-7.159,0,0.0655,0.27,0.000683,0.606,0.47,132.983,4,8,"alt_electronic_pop",0.81
57872,"39lOHITmszIVH9WF4Jpbum","Prateek Kuhad","The Way That Lovers Do","Bloom",43,219573,FALSE,0.488,-7.339,1,0.0255,0.597,0.0982,0.184,0.468,81.019,4,8,"alt_electronic_pop",0.2
57877,"4sJgPt1yFyG7Ez2SQXzMWV","Foals","Alternative Rock Mixtape","2am",1,224178,FALSE,0.794,-3.333,1,0.0483,0.000335,0.605,0.0622,0.861,135.981,4,8,"alt_electronic_pop",0.92
57892,"7vNEDUsDuUZ4MOkrl3REj2","Fitz and The Tantrums","Happy Commute","Walking Target",0,156960,FALSE,0.956,-4.113,1,0.0564,0.0153,3.86e-05,0.364,0.673,104.018,4,8,"alt_electronic_pop",0.32
57899,"1ryH3lEGX8dn6YhpJvp1YF","Paul Simon","12 Days of Christmas 2022","Getting Ready For Christmas Day",0,245506,FALSE,0.756,-8.05,1,0.135,0.438,3.22e-05,0.335,0.923,124.09,3,8,"alt_electronic_pop",0.47
57908,"7Ja9xfr9nlVNCfpwTZfx37","Joi Barua;Neuman Pinto","Udaan","Kahaani (Aankhon Ke Pardon Pe)",42,207208,FALSE,0.178,-11.279,1,0.03,0.804,0.000366,0.0867,0.0653,98.92,4,8,"alt_electronic_pop",0.6
57915,"7MDwxOvy8omHHqRBch9T3H","Anupam Roy;Iman Chakraborty","Dwitiyo Purush (Original Motion Picture Soundtrack","Je Kawta Din Reprise",42,326040,FALSE,0.19,-10.761,1,0.0324,0.938,0.0018,0.103,0.256,105.926,4,8,"alt_electronic_pop",0.82
57916,"6LA7WgwRca4bYg7Ip50dqN","salem ilese;TOMORROW X TOGETHER;Alan Walker","Unsponsored Content","PS5 (with TOMORROW X TOGETHER & Alan Walker)",50,152214,FALSE,0.642,-5.404,0,0.211,0.0131,5.33e-06,0.0668,0.54,175.978,4,8,"alt_electronic_pop",0.67
57923,"54XZSt4qoPwUh0s9q0A7oA","Trille","Blink 182","Blink 182",53,160076,TRUE,0.629,-7.507,1,0.142,0.00976,0.0507,0.358,0.631,91.498,4,8,"alt_electronic_pop",0.83
57930,"51U1zaqf3F1YdERcBnUkgX","Hayley Williams","Relaxing Pop","Pure Love",1,187086,FALSE,0.475,-6.787,1,0.0585,0.0772,7.58e-05,0.125,0.827,95.003,4,8,"alt_electronic_pop",0.72
57936,"6owgv0LAj1TXamMop68UQR","Claire Rosinkranz","Best Alternative Pop Tunes","Pretty Little Things",0,164802,FALSE,0.371,-9.648,1,0.0717,0.782,0,0.11,0.45,79.01,4,8,"alt_electronic_pop",0.6
57937,"6tX41Di5fwIaOyW2h02DmO","Hayley Williams","Just Best Covers","Teardrop",1,206000,FALSE,0.567,-7.836,0,0.0595,0.828,0.282,0.0969,0.578,155.931,4,8,"alt_electronic_pop",0.62
57943,"0ptp588U1JQUDDgCF2hYX9","The Head And The Heart","Indie Chill Out","Virginia (Wind in the Night)",0,205293,FALSE,0.79,-3.702,1,0.0366,0.00699,0,0.0523,0.248,136.075,4,8,"alt_electronic_pop",0.72
57950,"4yNk9iz9WVJikRFle3XEvn","JVKE","this is what falling in love feels like (554Hz)","golden hour",66,209259,FALSE,0.593,-4.801,1,0.0322,0.653,0.162,0.25,0.153,94.467,3,8,"alt_electronic_pop",0.85
57960,"5Zrx6EtgUwkeyhAocvZtBW","Mame Khan","Folk @ Coke Studio @ MTV","Chaudhary",41,423613,FALSE,0.703,-6.523,1,0.191,0.486,9.38e-06,0.121,0.813,167.962,4,8,"alt_electronic_pop",0.7
57984,"3djy8bjwOBaLvmyOcf4Ldt","Shakti Sivamani;Dhinesh Nagarajan","Neram (feat. Dhinesh Nagarajan)","Neram (feat. Dhinesh Nagarajan)",41,257200,FALSE,0.662,-6.166,0,0.038,0.0127,9.87e-05,0.212,0.237,139.935,4,8,"alt_electronic_pop",0.69
57988,"4vCiNW18AyeaUAZosVnX61","Jake Miller","Silver Lining II","Ross And Rachel",60,192980,FALSE,0.639,-6.61,1,0.0286,0.345,0.00109,0.0775,0.227,124.068,4,8,"alt_electronic_pop",0.67
58001,"2302lUwfZ4S4dVyPOCDFnQ","Marilyn Manson","Smells Like Children","Sweet Dreams (Are Made Of This)",70,293293,FALSE,0.642,-5.267,1,0.0326,0.0048,0.486,0.296,0.129,92.698,4,15,"underground_heavy_hybrid",0.56
58002,"5awDvzxWfd53SSrsRZ8pXO","Rammstein","Sehnsucht","Du hast",75,234226,FALSE,0.922,-6.283,0,0.0385,0.00369,0.055,0.332,0.716,125.105,4,15,"underground_heavy_hybrid",0.15
58013,"40dr3CZGx83RL6ADIC7xvv","Marilyn Manson","Halloween Spooky Party 2022","Sweet Dreams (Are Made Of This)",0,293293,FALSE,0.664,-5.242,0,0.0379,0.0039,0.657,0.239,0.101,186.044,4,15,"underground_heavy_hybrid",0.58
58017,"7Bcjjhemjq1HxoWkTw4X6O","Marilyn Manson","Halloween Spooky Party 2022","The Beautiful People",0,222773,TRUE,0.948,-4.938,1,0.113,0.00404,0.0978,0.042,0.786,144.037,4,15,"underground_heavy_hybrid",0.53
58019,"3otBSe8dnJMNDRE9AhSm0T","Marilyn Manson","Pumpkin Patch Hits","The Beautiful People",0,222773,TRUE,0.948,-4.938,1,0.113,0.00404,0.0978,0.042,0.786,144.037,4,15,"underground_heavy_hybrid",0.53
58025,"2AMjuIoFxAYnQ5PWrRceOP","Rob Zombie","Twisted Halloween Hits","Dragula",0,222893,FALSE,0.978,-5.327,0,0.0548,8.55e-05,0.000141,0.0955,0.558,125.073,4,15,"underground_heavy_hybrid",0.39
58026,"3S3MAk28b2evnivIWkDshP","Marilyn Manson","Halloween Metal Nights","The Fight Song",1,177440,TRUE,0.983,-3.662,0,0.0882,0.000123,0.000246,0.0728,0.0378,129.903,4,15,"underground_heavy_hybrid",0.42
58031,"4vvCo9Lxak9UqHVOyFmjFT","Rob Zombie","Pumpkin Patch Hits","Living Dead Girl",0,201400,FALSE,0.948,-5.579,0,0.0676,0.00512,0.0996,0.228,0.548,103.025,4,15,"underground_heavy_hybrid",0.53
58044,"0ojuDHW8XG17heZBJHQyXJ","Rob Zombie","Halloween Metal Nights","Superbeast",0,220226,FALSE,0.975,-4.433,0,0.0609,7.65e-05,0.561,0.457,0.309,154.047,4,15,"underground_heavy_hybrid",0.48
58062,"781V2Y5LPtcpgONEOadadE","Death Grips","The Money Store","Get Got",59,171866,TRUE,0.993,-3.757,1,0.337,0.00628,0.00796,0.0876,0.405,87,4,15,"underground_heavy_hybrid",0.52
58068,"27tX58NOpv1YKQ0abW7EPy","Nine Inch Nails","The Downward Spiral","Hurt",56,374440,FALSE,0.124,-18.166,0,0.0431,0.709,0.0104,0.132,0.11,79.924,4,15,"underground_heavy_hybrid",0.63
58076,"2aIB1CdRRG7YLBu9hNw9nR","Marilyn Manson","Antichrist Superstar","The Beautiful People",73,218826,TRUE,0.834,-10.068,0,0.0557,0.000779,0.456,0.0611,0.937,143.973,4,15,"underground_heavy_hybrid",0.42
58080,"3XgnTlLJymGvu9q18AgUt4","Nonpoint","Metal Lives!","In the Air Tonight",0,271240,FALSE,0.808,-4.836,1,0.0462,0.0118,0.158,0.137,0.196,99.956,4,15,"underground_heavy_hybrid",0.3
58085,"68KmjjKRK6cehdJHvCwlBr","Celldweller","FiXT Presents: Sinister Sounds","Cry Little Sister vs. Hello Zepp",7,303642,FALSE,0.74,-6.656,1,0.0352,0.000286,0.214,0.388,0.338,140.031,4,15,"underground_heavy_hybrid",0.61
58091,"39N6Q3T7zbEJMKgaoxIGc0","CKY","Post-Millennial Noise","A#1 Roller Rager",0,230760,FALSE,0.964,-4.721,1,0.057,1.29e-05,0.00828,0.106,0.71,119.989,4,15,"underground_heavy_hybrid",0.32
58095,"66YEDcrJdUYuvXznH5zrDq","Orgy","Metal","Blue Monday",0,267000,FALSE,0.695,-8.109,1,0.0341,8.65e-05,3.6e-05,0.0778,0.938,129.837,4,15,"underground_heavy_hybrid",0.5
58105,"7eeDeUM9E7b0vkDfRz20Zt","Rammstein","Reise, Reise","Keine Lust",62,222933,FALSE,0.892,-4.877,1,0.0537,0.000256,0.0137,0.232,0.28,137.941,4,15,"underground_heavy_hybrid",0.58
58106,"2YnvR7uhlWpPdYUn1eR25y","Element Eighty","Element Eighty","Broken Promises",57,197933,FALSE,0.947,-2.983,0,0.1,0.00487,1.38e-05,0.0385,0.653,173.625,4,15,"underground_heavy_hybrid",0.65
58107,"4aFC7Mes7CW5vHcb8ZApAx","Rammstein","Reise, Reise","Ohne dich",63,271173,FALSE,0.59,-5.531,0,0.0294,0.00389,0.000432,0.114,0.204,136.033,4,15,"underground_heavy_hybrid",0.54
58122,"39RKlCfLoqb8o2aXfpVfjW","Rammstein","Reise, Reise","Mein Teil",63,272413,FALSE,0.959,-4.338,1,0.075,0.00535,0.0101,0.141,0.199,88,4,15,"underground_heavy_hybrid",0.4
58123,"50LmbBKCBeDRKYvpR7ApjG","Rammstein","Rosenrot","Rosenrot",63,234706,FALSE,0.629,-5.584,1,0.0273,0.00144,0.431,0.0705,0.183,114.072,4,15,"underground_heavy_hybrid",0.54
58125,"4yUcHLkHUwAPpKN0Uvdo8I","Rammstein","Herzeleid (XXV Anniversary Edition – Remastered)","Du riechst so gut",68,291660,FALSE,0.747,-7.732,1,0.0308,0.000111,0.203,0.356,0.797,111.85,4,15,"underground_heavy_hybrid",0.6
58132,"52XYwQKlXp7scE7KrBBCID","Rammstein","Mutter","Links 2 3 4",65,216733,FALSE,0.904,-4.774,1,0.0479,0.00112,0.0231,0.604,0.649,130.153,4,15,"underground_heavy_hybrid",0.6
58154,"3ZMypqXuuAvuMAL4MuWXx1","Celldweller","Soundtrack For The Voices In My Head Vol. 02","Pulsar",34,120240,FALSE,0.717,-4.234,0,0.0548,0.00305,0.819,0.0742,0.44,171.988,4,15,"underground_heavy_hybrid",0.49
58161,"0HSVba6oa1QdUkco67C3e3","Rammstein","Sehnsucht","Bück dich",59,201533,FALSE,0.979,-5.101,0,0.0913,0.00655,0.291,0.0265,0.653,149.099,4,15,"underground_heavy_hybrid",0.47
58162,"5aeIj88MLdekYvObw5Yisk","Machine Head","Is There Anybody Out There?","Is There Anybody Out There?",64,272665,FALSE,0.953,-3.883,1,0.226,0.00532,0,0.338,0.291,177.94,4,15,"underground_heavy_hybrid",0.55
58163,"0FkcmHJOsWE80rlpzfT0Pq","Marilyn Manson","God's Gonna Cut You Down","God's Gonna Cut You Down",57,160538,FALSE,0.754,-5.182,1,0.0424,0.139,0,0.126,0.583,82.009,4,15,"underground_heavy_hybrid",0.54
58169,"6rwdM3rHeg5Q3LiwkQYwZP","Sevendust","Seasons","Suffocate",32,202000,TRUE,0.986,-2.35,0,0.144,0.00228,0,0.0914,0.364,146.936,4,15,"underground_heavy_hybrid",0.52
58176,"407eqFGqQc40KPf43YrQ44","Rammstein","Herzeleid (XXV Anniversary Edition – Remastered)","Asche zu Asche",65,231449,FALSE,0.906,-7.503,1,0.0734,0.00164,0.0179,0.0722,0.71,169.967,4,15,"underground_heavy_hybrid",0.43
58184,"50AB24h51HlBrp6PqOg50k","Rammstein","Liebe ist für alle da (Special Edition)","Pussy",62,239080,TRUE,0.773,-4.629,1,0.0442,0.00158,0.0957,0.0734,0.541,134.977,4,15,"underground_heavy_hybrid",0.33
58190,"2qiNfSncVqWp4Do6D4a3Le","Rammstein","Liebe ist für alle da (Special Edition)","Waidmanns Heil",63,212800,FALSE,0.969,-3.894,1,0.0317,0.00113,0.0234,0.0579,0.684,104.999,4,15,"underground_heavy_hybrid",0.35
58191,"2MA9Qh9M1gzoE4HgCVLmac","White Zombie","La Sexorcisto: Devil Music Volume 1","Warp Asylum",32,402626,FALSE,0.716,-11.676,1,0.0544,0.000294,0.00367,0.441,0.449,107.545,4,15,"underground_heavy_hybrid",0.33
58213,"2L6LcnLWizmxpc4yNQBpv5","Sevendust","Animosity","T.O.A.B.",30,219666,TRUE,0.981,-2.997,1,0.296,0.00115,9.77e-05,0.0939,0.133,102.896,4,15,"underground_heavy_hybrid",0.28
58219,"0GxIAMtKFYTQZpR1avO6HB","Rammstein","Rosenrot","Mann gegen Mann",60,230560,FALSE,0.878,-5.288,1,0.0727,0.000703,0.193,0.063,0.579,166.105,4,15,"underground_heavy_hybrid",0.52
58232,"3xV2nUjkB2HMMUjDEnlEcs","KMFDM","Kunst","Kunst",27,301160,FALSE,0.968,-5.762,0,0.0476,1.43e-05,0.0576,0.231,0.38,129.969,4,15,"underground_heavy_hybrid",0.51
58233,"1m8pPuWEh4lNIvJG4MIYDl","Ministry","KE*A*H** (Psalm 69)","Corrosion",27,296506,FALSE,0.921,-11.162,0,0.079,1.36e-05,0.398,0.762,0.13,97.944,4,15,"underground_heavy_hybrid",0.52
58237,"6F3NhyiBlTtZQuc5X3GWZa","VNV Nation","Automatic","Resolution",27,373960,FALSE,0.904,-6.416,1,0.0407,0.00236,0.0701,0.123,0.361,135.991,4,15,"underground_heavy_hybrid",0.59
58240,"1cU86WQnffWrrCYK9Un6GA","Imperative Reaction","Electronic Saviors: Industrial Music To Cure Cancer","Giving In To The Change - Assemblage 23 Mix",27,264780,FALSE,0.962,-6.779,0,0.0422,1.52e-05,0.544,0.061,0.682,126.994,4,15,"underground_heavy_hybrid",0.42
58244,"0zx2Dq4YeAAjKcbPSS2DaQ","VNV Nation","Transnational","Retaliate",28,282827,FALSE,0.928,-5.141,0,0.0651,0.000202,0.722,0.155,0.479,119.989,4,15,"underground_heavy_hybrid",0.58
58258,"0WgPgM5hEWowvqvLccF1uw","Blue Stahli;Danny Cocke;Inversion","Cyberpunk 2077: More Music from Night City Radio (Original Soundtrack)","Black Terminal (Upgrade)",49,210013,FALSE,0.938,-6.424,1,0.068,0.00029,0.628,0.0828,0.703,160.041,4,15,"underground_heavy_hybrid",0.55
58259,"25CRv7qnwyoa7kckF4HFb9","The Birthday Massacre","Walking With Strangers","Red Stars",50,221266,FALSE,0.888,-5.131,0,0.0308,0.000128,0.819,0.305,0.385,96.016,4,15,"underground_heavy_hybrid",0.43
58264,"0S2UfCA5A275xChEi9a6vU","Rammstein","Sehnsucht","Tier",57,226066,FALSE,0.942,-4.975,1,0.0576,0.00429,0.0558,0.18,0.456,95.084,4,15,"underground_heavy_hybrid",0.45
58269,"1l0arEkM2grgUYMim5SggS","Rammstein","Zeit","OK",63,243720,FALSE,0.901,-5.472,1,0.12,0.000343,0.0882,0.119,0.31,166.049,4,15,"underground_heavy_hybrid",0.49
58271,"2TFfT8V6paTbSx3sjoEWgM","Machines Of Loving Grace","Concentration","Lilith/Eve",26,237400,FALSE,0.934,-8.857,0,0.0614,0.000797,0.725,0.0533,0.766,195.907,4,15,"underground_heavy_hybrid",0.45
58282,"3w9pdfnDt85E6HWCXyLW9o","VNV Nation","Praise the Fallen","Honour",27,401150,TRUE,0.97,-9.427,1,0.043,0.0138,0.489,0.281,0.508,131.92,4,15,"underground_heavy_hybrid",0.49
58287,"7hqnPCIIWfEa6x9ygnhZen","VNV Nation","Noire","Immersed",26,384680,FALSE,0.694,-10.35,1,0.0331,0.000324,0.612,0.117,0.117,123.995,4,15,"underground_heavy_hybrid",0.58
58295,"73RGk8cMNqyF6cRNSniyO3","VNV Nation","Automatic","Gratitude",26,364666,FALSE,0.82,-5.118,0,0.03,0.00694,0.00457,0.0754,0.779,133.997,4,15,"underground_heavy_hybrid",0.28
58298,"1mVn6LE3NukwuP1uAixzgT","Powerman 5000","The Ultimate Skate Punk Album Vol.1","When Worlds Collide",27,177960,FALSE,0.903,-4.77,1,0.0754,0.00132,0,0.291,0.581,143.821,4,15,"underground_heavy_hybrid",0.5
58302,"4qJrDTPDsQqaYGKMj0Thjk","Celldweller","End of an Empire (Deluxe Edition)","Good L_ck (Yo_'re F_cked)",53,215729,TRUE,0.928,-2.036,1,0.119,8.09e-06,0.324,0.0241,0.559,177.908,4,15,"underground_heavy_hybrid",0.65
58307,"1YVuJrfHHmD4ilULhAVqPW","Marilyn Manson","The Golden Age Of Grotesque","mOBSCENE",52,205720,TRUE,0.954,-4.008,1,0.0806,5.49e-05,0.000137,0.245,0.488,130.086,4,15,"underground_heavy_hybrid",0.26
58329,"1qtWOy3l2jwSOitXLsQnTx","Nitzer Ebb","Body of Work 1984-1997","Warsaw Ghetto - 2006 Remaster",25,227933,FALSE,0.808,-5.396,0,0.154,0.0418,8.53e-06,0.0546,0.843,111.967,4,15,"underground_heavy_hybrid",0.55
58338,"1qR0qth6D5uY1yIMEy21af","Ministry","Filth Pig","Dead Guy",26,315506,TRUE,0.841,-6.917,1,0.0974,7.06e-06,0.728,0.0759,0.642,166.113,4,15,"underground_heavy_hybrid",0.5
58364,"74ItVeE57cKtTi6W3xxS1p","Sevendust","Animosity","Redefine",26,221893,TRUE,0.989,-3.209,1,0.174,7.21e-05,2.87e-05,0.0676,0.0974,125.984,4,15,"underground_heavy_hybrid",0.43
58366,"028eHoODO39uXKd2UGYq4t","Area 11;Beckii Cruel","All the Lights in the Sky","Shi No Barado",26,318306,FALSE,0.93,-3.522,1,0.0384,0.233,0,0.204,0.457,120.964,4,15,"underground_heavy_hybrid",0.46
58367,"3zPvL6ZCSVAHvSZXNoAbkl","Rammstein","Mutter","Adios",54,228493,FALSE,0.953,-4.903,0,0.0377,0.000432,0.0547,0.0937,0.377,115.16,4,15,"underground_heavy_hybrid",0.32
58383,"3YtQEstZsfPxe7umqDi0gC","Sevendust","Seasons","Burned Out",27,232533,TRUE,0.946,-3.945,1,0.0749,0.000203,0,0.158,0.498,161.91,4,15,"underground_heavy_hybrid",0.42
58384,"2yDqTARIczDSs3fxJUZywt","Circle of Dust","FiXT Presents: Sinister Sounds","Neurachem",4,284518,FALSE,0.979,-2.579,1,0.13,0.00158,0.0442,0.337,0.529,169.951,4,15,"underground_heavy_hybrid",0.36
58387,"2cBSrD0zoX8RbhmUr0CQpr","Snake River Conspiracy","Sonic Jihad","Oh Well",24,225706,FALSE,0.97,-4.129,1,0.0841,0.00106,0.553,0.289,0.56,93.005,4,15,"underground_heavy_hybrid",0.36
58389,"3sTpBANaJT738ElD8kCow0","Blaqk Audio","CexCells","Between Breaths (An XX Perspective)",25,266760,FALSE,0.405,-6.049,0,0.0277,0.000252,0.207,0.14,0.268,79.995,4,15,"underground_heavy_hybrid",0.36
58390,"1vXnpRpnNvXx9ZBwScVaMf","Ministry","Land of Rape and Honey","Hizbollah",24,239293,FALSE,0.873,-11.764,1,0.052,0.278,0.729,0.0786,0.674,96.306,3,15,"underground_heavy_hybrid",0.36
58399,"1OzavjTvCisJ9pnWlAQToN","White Zombie","Astro Creep: 2000 Songs Of Love, Destruction And Other Synthetic Delusions Of The Electric Head","Electric Head, Part 1 (The Agony)",27,294626,FALSE,0.962,-5.474,1,0.22,0.000134,0.798,0.662,0.0501,139.715,4,15,"underground_heavy_hybrid",0.65
58402,"37FsYu2IljCr3zInII1sBr","Mindless Self Indulgence","PINK","Bed of Roses",53,260320,FALSE,0.891,-4.399,1,0.0354,0.00327,0.0753,0.161,0.463,103.003,4,15,"underground_heavy_hybrid",0.5
58416,"1KngDoxfJ3fdTEbFiIMw6l","Wynardtage","A Flicker Of Hope","A Flicker Of Hope",25,307013,FALSE,0.938,-5.96,1,0.0442,0.00314,0.616,0.249,0.412,133.005,4,15,"underground_heavy_hybrid",0.51
58418,"070tWIsro6Q0XgkPwbjRYn","KMFDM","Blitz","Me & My Gun",23,210586,FALSE,0.904,-8.415,0,0.0517,5.13e-05,0.717,0.189,0.605,155.989,4,15,"underground_heavy_hybrid",0.52
58426,"1eRPm6l9AJ0IIgSKAi7bM4","(Hed) P.E.","Broke","Killing Time",26,233226,FALSE,0.931,-5.519,0,0.128,0.00207,1.12e-05,0.034,0.324,90.814,4,15,"underground_heavy_hybrid",0.4
58430,"1n9R3fwBMzZvwyTWpJ6QMn","Nonpoint","The Poison Red","Bottled Up Killer Bees",26,198623,FALSE,0.933,-5.201,1,0.0949,0.0011,1.5e-05,0.247,0.55,78.917,4,15,"underground_heavy_hybrid",0.43
58435,"0Ky3rAaGVprE9xyGV8AXau","Mushroomhead","Beautiful Stories for Ugly Children","Burn the Bridge",25,312080,FALSE,0.921,-4.146,0,0.113,0.00145,0,0.0732,0.112,149.929,4,15,"underground_heavy_hybrid",0.24
58448,"7udFJCHVruPHFtcGG7Mi2d","Psychostick","Space Vampires vs Zombie Dinosaurs in 3D","The Root of All Evil",26,236293,TRUE,0.816,-5.092,1,0.164,0.0061,0.00197,0.212,0.534,121.356,4,15,"underground_heavy_hybrid",0.38
58451,"15lQhBd06j1XJ4bhjLpUru","Night Club","Requiem for Romance","Show It 2 Me",40,248284,FALSE,0.709,-5.241,1,0.0832,0.0855,0.0392,0.103,0.614,102.014,4,15,"underground_heavy_hybrid",0.37
58457,"3tZg5LxZIBDZLujWhA9UON","Promo","System Feedback - Promofile Classic 003","Vicious Circle",25,256920,FALSE,0.987,-2.413,0,0.258,0.39,0.00132,0.117,0.111,142.838,4,15,"underground_heavy_hybrid",0.47
58464,"4fTaCOnDwebfcvsKYyey3r","Snog","Sixteen Easy Tunes For The End Times","Corporate Slave",23,299573,FALSE,0.938,-4.615,0,0.066,0.00539,0.19,0.327,0.392,130.717,4,15,"underground_heavy_hybrid",0.57
58473,"1vTTSc3R9vR9Vzy0FVsAV9","Sevendust","Seasons","Honesty",25,210040,TRUE,0.959,-3.051,1,0.0533,0.00128,1e-04,0.0915,0.503,101.458,4,15,"underground_heavy_hybrid",0.49
58476,"6mwuLb8sCidiHPtpQPR7z7","Meat Beat Manifesto","99%","Psyche-Out",23,284533,FALSE,0.908,-12.43,0,0.0546,0.00236,0.31,0.0675,0.814,115.586,4,15,"underground_heavy_hybrid",0.5
58504,"1hbjib8Yw9SzAOJ9NoOg6i","Combichrist","Making Monsters","Throat Full Of Glass",42,287586,FALSE,0.694,-6.833,1,0.0558,0.0019,1.38e-05,0.392,0.34,99.988,4,15,"underground_heavy_hybrid",0.65
58523,"0Lju0ckryBvpk0uTt0hhXK","KMFDM","XTORT","Wrath",22,342586,FALSE,0.975,-5.014,1,0.0784,0.00249,0.568,0.0979,0.11,95.573,4,15,"underground_heavy_hybrid",0.51
58524,"1XLDwj2XXXNPOJvpvjHOas","Marilyn Manson","Mechanical Animals","I Don't Like The Drugs (But The Drugs Like Me)",54,303466,TRUE,0.834,-6.978,1,0.0384,0.00129,0,0.886,0.534,93.906,4,15,"underground_heavy_hybrid",0.45
58531,"5L6AODGmQNfTRZMzrDj57g","CKY","Carver City","...And She Never Returned",24,212000,FALSE,0.979,-3.737,0,0.0766,4.44e-06,0.0642,0.103,0.422,112.223,4,15,"underground_heavy_hybrid",0.6
58543,"0v8XbO9kWfjN5Fv7fRvYXn","Type O Negative","The Origin of the Feces (2007 Reissue)","Kill You Tonight - Reprise",23,428026,TRUE,0.683,-12.139,1,0.113,0.000932,0.0344,0.394,0.0398,95.483,4,15,"underground_heavy_hybrid",0.47
58545,"5ORgresDxzvFKqe7fLkt9a","Killing Joke","Killing Joke - 2003","Asteroid - Remastered",23,206186,FALSE,0.973,-3.084,1,0.0524,0.00021,1.65e-06,0.191,0.563,108.584,4,15,"underground_heavy_hybrid",0.54
58546,"2vBRn1X9VDRsKD2teYGcb1","Murderdolls","Beyond The Valley Of The Murderdolls","Twist My Sister",24,126373,TRUE,0.998,-4.057,0,0.0967,0.00021,4.97e-06,0.139,0.563,95.359,4,15,"underground_heavy_hybrid",0.36
58548,"4g0QCqeNrodqKibea0lEUF","My Life With The Thrill Kill Kult","My Life With the Thrill Kill Kult","A Girl Doesn't Get Killed by a Make-Believe Lover Cuz It's Hot",22,543840,FALSE,0.988,-5.079,1,0.0533,0.000124,0.786,0.4,0.247,126.845,4,15,"underground_heavy_hybrid",0.44
58566,"3X8WtvHFonCdcdnkd7bZxz","Pigface","The Best Of Pigface","Alle Ist Mein",22,150360,FALSE,0.974,-10.023,1,0.0568,0.0157,0.0845,0.917,0.159,173.262,4,15,"underground_heavy_hybrid",0.36
58581,"4h6M2oyJNWmAmG4vTa5fDd","Sevendust","Seasons","Gone",25,223093,TRUE,0.972,-2.688,1,0.104,0.00162,9.64e-05,0.0966,0.476,159.986,3,15,"underground_heavy_hybrid",0.57
58583,"1Xp33XxPNz2YgcVGq4UiFG","Apoptygma Berzerk;Angst Pop;Technomancer","The Best Technomancer & Angst Pop Remixes","Major Tom (Coming Home) - Technomancer feat. Angst Pop Remix",23,279800,FALSE,0.738,-4.752,0,0.0366,0.00522,0.00026,0.0749,0.42,155.018,4,15,"underground_heavy_hybrid",0.69
58584,"2Qp0QYircyOnbx7PNzBsFK","Nachtmahr","Mädchen in Uniform","Mädchen in Uniform",22,177266,FALSE,0.944,-5.308,0,0.0597,0.000326,0.114,0.615,0.94,160.006,4,15,"underground_heavy_hybrid",0.56
58585,"154kbDHzD3v69qUOxBtnDA","Static-X","Cannibal","Cuts You Up",23,206813,FALSE,0.998,-1.884,1,0.167,0.00274,0,0.138,0.0385,112.99,4,15,"underground_heavy_hybrid",0.36
58587,"5gc8x17HQntmsEEmSNbESl","Prong","Cleansing","One Outnumbered",24,297693,FALSE,0.905,-6.925,1,0.0424,0.000557,0.00662,0.377,0.323,96.128,4,15,"underground_heavy_hybrid",0.57
58588,"67md7WYi5e8o1k0oqDUKaw","Revolting Cocks","Beers, Steers + Queers","(Let's Get) Physical",21,255812,FALSE,0.926,-9.688,0,0.0502,0.00028,0.0345,0.234,0.297,142.572,4,15,"underground_heavy_hybrid",0.66
58601,"4UyqpXNMLdzQYQ2CtZ0VDK","Niki Istrefi","BRV001","Worldspawn",36,443350,FALSE,0.903,-12.594,1,0.0472,0.0497,0.849,0.119,0.0373,153.039,4,15,"underground_heavy_hybrid",0.59
58607,"3TF1Hiof613lWHtFGyAJ8z","Mindless Self Indulgence","You'll Rebel To Anything (Expanded and Remastered)","Straight To Video",47,223426,FALSE,0.774,-5.192,0,0.139,0.019,1.19e-06,0.478,0.712,123.061,4,15,"underground_heavy_hybrid",0.54
58609,"2PhQfN7qTx5JxIAlIGMscf","Cold","Year Of The Spider","Remedy",49,177800,FALSE,0.885,-3.791,0,0.0525,0.000107,3.9e-06,0.215,0.448,139.994,4,15,"underground_heavy_hybrid",0.65
58631,"6Q56L7rivD2iUsq1uNKM8n","36 Crazyfists","A Snow Capped Romance","Installing the Catheter",24,231400,FALSE,0.949,-5.108,1,0.0781,0.00633,1.4e-06,0.162,0.665,178.017,4,15,"underground_heavy_hybrid",0.59
58635,"5PK0kfFkJsYz8j8j1I6FyQ","Apoptygma Berzerk","Black Pawn (B-Sides & Rarities)","Photoshop® Sucks - Lo-Fi Version",22,201000,FALSE,0.434,-8.871,1,0.0261,0.0755,0.83,0.352,0.474,85.048,4,15,"underground_heavy_hybrid",0.59
58636,"5UYOvPQypiNSK23KqOq2JI","Skindred","Kill the Power","Open Eyed",24,282608,FALSE,0.979,-2.929,1,0.0967,0.00521,0.000116,0.425,0.68,129.944,4,15,"underground_heavy_hybrid",0.45
58651,"2BOe2i4RXumgvHlSG0CpbX","Snot","The Ultimate Skate Metal Album Vol.1","Snot",33,201933,TRUE,0.976,-3.868,1,0.156,0.00431,0.0387,0.333,0.535,140.306,4,15,"underground_heavy_hybrid",0.58
58665,"2XlbrqvoCOCelXymC9K0w3","Melotron","Für alle","Menschen",23,241373,FALSE,0.987,-6.273,0,0.0431,0.00298,0.223,0.0857,0.656,129.999,4,15,"underground_heavy_hybrid",0.45
58666,"5aAr5Y5wXiUMHVEtvaCXkt","Helmet","Size Matters","Crashing Foreign Cars",48,151120,FALSE,0.965,-3.371,0,0.084,9.88e-05,0,0.247,0.34,94.88,4,15,"underground_heavy_hybrid",0.19
58687,"4ZUZYAvrc6Ib8cA1oDObdz","Psychostick","... and Stuff","Megaman",24,278961,FALSE,0.907,-5.908,1,0.0703,0.00203,0.00935,0.347,0.672,110.461,4,15,"underground_heavy_hybrid",0.52
58706,"7HdpkGcMkEun7tAwjpEpTx","Sevendust","Blood & Stone","Wish You Well",24,197284,FALSE,0.983,-5.828,1,0.154,4.6e-05,0.126,0.0767,0.372,139.076,4,15,"underground_heavy_hybrid",0.44
58724,"2vtQy1s5LC7glVhNC9fVrG","Static-X","Cult of Static","You Am I",22,179653,FALSE,0.955,-4.271,1,0.0404,0.00287,0.0101,0.192,0.129,197.957,3,15,"underground_heavy_hybrid",0.64
58726,"2txKfbBfIpsJLVLKGbKsuR","Heimataerde","Kaltwaerts (Deluxe Edition)","Bruderschaft",21,246680,FALSE,0.957,-6.732,0,0.0461,0.00215,0.0311,0.189,0.577,139.949,4,15,"underground_heavy_hybrid",0.2
58743,"29AkgjitYoZnCi5VAuFsRE","Apoptygma Berzerk;Claudia Brücken","Harmonizer - Deluxe Bonus Track Edition (Remastered)","Unicorn (Duet Version)",22,254893,FALSE,0.945,-6.84,1,0.046,0.0414,0.0385,0.0772,0.82,125.994,4,15,"underground_heavy_hybrid",0.58
58756,"3MMu5HQMlvDhc4GdqJcOyF","Golden Features","Vigil (Human Movement Remix)","Vigil",22,275832,FALSE,0.842,-8.393,1,0.154,0.478,0.352,0.39,0.298,122.024,4,15,"underground_heavy_hybrid",0.42
58759,"4XgPM5HdclVwRNcfYoMWcv","Faderhead;Chris Harms","Better","Better",21,310571,FALSE,0.756,-7.557,0,0.0322,0.0212,0.105,0.378,0.367,144.3,4,15,"underground_heavy_hybrid",0.33
58806,"2bHRnMtpXMUmzDHZrAyxne","Rammstein","Rammstein","Hallomann",54,251634,FALSE,0.706,-5.936,1,0.038,0.0171,0.0244,0.0998,0.143,171.997,4,15,"underground_heavy_hybrid",0.43
58809,"67VWcesScZvjGPpyXSDSSW","Combichrist","Everybody Hates You","feed your anger",20,289986,FALSE,0.986,-7.549,0,0.061,0.092,0.123,0.316,0.248,109.995,4,15,"underground_heavy_hybrid",0.37
58813,"3sRNtIkYjdfMYn9KkNX68t","Soulfly","Savages","This Is Violence",21,263120,TRUE,0.979,-4.029,1,0.126,9.75e-06,0.000211,0.0709,0.141,97.765,4,15,"underground_heavy_hybrid",0.55
58838,"6JJB17ob2PlyExJUcU1rti","Front 242","Moments 1","Happiness",21,431893,FALSE,0.714,-13.245,1,0.0372,0.000153,0.785,0.934,0.268,144.958,4,15,"underground_heavy_hybrid",0.59
58855,"61tMLCfIycEtYPJr3v9cPn","3TEETH","Guns Akimbo","You Spin Me Round (Like a Record)",45,208125,FALSE,0.99,-5.022,0,0.11,2.95e-05,0.411,0.326,0.318,127.984,4,15,"underground_heavy_hybrid",0.39
58858,"2eeUUqITZqOEuNByNoCZG5","Blue Stahli","Blue Stahli (Deluxe Edition)","Anti You",48,209090,FALSE,0.81,-7.323,0,0.0671,0.000138,7.95e-06,0.411,0.503,131.892,4,15,"underground_heavy_hybrid",0.51
58864,"2fed1yXI1clOEddfGyKyH2","Machine Head","Unto the Locust (Special Edition)","Locust",50,456320,FALSE,0.956,-3.634,1,0.149,7.51e-05,0.0203,0.125,0.228,122.897,4,15,"underground_heavy_hybrid",0.38
58886,"2KZtLRbaxkxjAanRvMciQe","CKY","The Phoenix","Unknown Enemy",22,224435,FALSE,0.959,-5.697,0,0.371,0.00422,7.6e-06,0.295,0.481,110.043,4,15,"underground_heavy_hybrid",0.36
58888,"2uiJSWhIFN2g1pepqzg0bF","Priest","Cyberhead","Star Maker",21,268986,FALSE,0.818,-5.281,1,0.0305,0.00179,0.0407,0.0904,0.943,127.975,4,15,"underground_heavy_hybrid",0.58
58897,"264iGy83GTtm843kbzoBnh","Static-X","Cannibal","Team Hate",21,200320,FALSE,0.983,-2.091,1,0.125,2.04e-05,0.00125,0.0842,0.203,112.032,4,15,"underground_heavy_hybrid",0.2
58900,"3YHhWdTlWjIML155CvcH4F","clipping.","Visions of Bodies Being Burned","Say the Name",46,299605,TRUE,0.426,-9.406,1,0.0475,0.172,0.0843,0.168,0.04,84.643,4,15,"underground_heavy_hybrid",0.47
58902,"0c03LEUpwW0O2tmt0dfktG","Type O Negative","Life Is Killing Me","Anesthesia",52,401186,FALSE,0.849,-9.006,1,0.109,0.0793,0.391,0.265,0.155,137.405,4,15,"underground_heavy_hybrid",0.58
58910,"4HYDEQcel9mdWn6BKVW7CG","Cold","Superfiction","The Break",22,225935,FALSE,0.763,-5.057,1,0.0517,0.000293,0.000415,0.185,0.277,130.099,5,15,"underground_heavy_hybrid",0.64
58918,"0OSGRuXYDaPyLkzi2n6Pj8","Zeromancer","Clone Your Lover","Clone Your Lover",20,230226,FALSE,0.918,-6.9,1,0.0367,9.9e-05,0.0649,0.126,0.401,115.03,4,15,"underground_heavy_hybrid",0.48
58930,"1KwbLSnJdMyav9nTlZMY9B","Mushroomhead","XX","The New Cult King",21,310306,FALSE,0.943,-5.929,1,0.184,0.00106,0.00547,0.12,0.194,124.178,4,15,"underground_heavy_hybrid",0.59
58948,"2DvRlLWL2b4ymoVfHkmynH","Mudvayne","The End Of All Things To Come","Shadow of a Man",21,233973,FALSE,0.932,-4.485,1,0.177,0.000303,0.202,0.0922,0.673,113.09,4,15,"underground_heavy_hybrid",0.49
58955,"6VOM9VW2HspbL77jPEaBxW","bloodsimple","Red Harvest","Dead Man Walking",54,237693,TRUE,0.98,-3.463,1,0.0832,0.000172,1.6e-06,0.319,0.388,107.779,4,15,"underground_heavy_hybrid",0.43
58965,"3o1nX61oecxnqXieA2ma0U","Nine Inch Nails","Pretty Hate Machine","Terrible Lie",55,278866,FALSE,0.605,-12.484,1,0.0419,0.000925,0.157,0.344,0.458,87.953,4,15,"underground_heavy_hybrid",0.59
58969,"2IkJ578psaCPBoEOcorjTe","Ill Niño","Confession [Special Edition]","Letting Go",22,198800,FALSE,0.937,-4.288,1,0.0679,0.00148,0.000922,0.0931,0.432,101.264,4,15,"underground_heavy_hybrid",0.34
58970,"6T3bGOpKBWvJ2aHZvZkPsl","Soulfly","Prophecy","Moses",21,459093,FALSE,0.931,-5.84,1,0.0539,0.0648,0.0729,0.156,0.547,78.161,4,15,"underground_heavy_hybrid",0.53
58978,"322eSmJHR6DkMCuoFKJitu","Mushroomhead","Savior Sorrow","Cut Me",21,324440,FALSE,0.841,-5.505,0,0.0515,0.0308,7.14e-06,0.108,0.201,100.013,4,15,"underground_heavy_hybrid",0.48
58983,"3utBUqVxYMlm9p6nYh0eus","(Hed) P.E.","Only In Amerika","Chicken",22,262520,TRUE,0.951,-5.182,1,0.171,0.00237,0,0.288,0.439,136.511,4,15,"underground_heavy_hybrid",0.61
58986,"6qiYyrTFQvPiVXZCp7qV2E","Sevendust","Sevendust","Too Close To Hate",22,288333,FALSE,0.809,-9.072,0,0.0745,0.000264,0.00109,0.207,0.39,92.5,4,15,"underground_heavy_hybrid",0.64
58994,"12ySiLArxDnBZKJig0yiwS","Ashbury Heights","The Victorian Wallflowers","Ladders",20,302573,FALSE,0.851,-6.173,0,0.0753,0.00359,1.14e-05,0.103,0.332,130.029,4,15,"underground_heavy_hybrid",0.47
58999,"4hlOk1TUPU7RFOe7aFpk6Q","VNV Nation","Transnational","Everything",20,322573,FALSE,0.871,-7.152,1,0.173,0.000615,0.000193,0.106,0.234,129.972,4,15,"underground_heavy_hybrid",0.35
60020,"3QjIdDDKoZRyfWDKZC4Ayb","DEAN FUJIOKA","History Maker","History Maker",60,190044,FALSE,0.668,-4.292,1,0.0855,0.102,0,0.0744,0.456,67.012,4,7,"groove_dancehall",0.6
60029,"2IugoBCcRqIfBdqxwLlNrX","Fetty Wap;Remy Boyz","Gaming Songs 2022: Hard Mode","679",0,196693,TRUE,0.717,-5.737,1,0.318,0.00256,0,0.625,0.603,190.046,4,7,"groove_dancehall",0.69
60033,"4ohvBiO2i9USq8LhxvFSSQ","Charly Black;Chris Martin","Consistency (Through the Years)","Whine Up Fi Mi",0,212244,FALSE,0.67,-4.08,0,0.0964,0.322,0,0.077,0.637,94.991,4,7,"groove_dancehall",0.59
60038,"5AAaghHx8jedNGhHZkY8so","Busy Signal","PEPPERSPRAY RIDDIM","Bamm",0,176774,TRUE,0.831,-1.937,1,0.303,0.0367,2.59e-06,0.0703,0.884,133.424,5,7,"groove_dancehall",0.6
60039,"45oxtVfleBBYG9ps80hyTL","Popcaan","CruiseControl: How I Met The Biggest Bird (DJ Mix)","Ova Dweet (Mixed)",3,151500,FALSE,0.673,-7.685,1,0.395,0.126,0,0.607,0.539,128.454,5,7,"groove_dancehall",0.69
60041,"5s0kp1Q25UTUNlGP6O1Yyo","Eshconinco","Dream Life","When YOU Dance",39,129776,TRUE,0.644,-5.442,1,0.156,0.163,0,0.197,0.605,99.447,4,7,"groove_dancehall",0.53
60042,"68n2q0d444mHKSbp0CXx7i","Vybz Kartel","PEPPERSPRAY RIDDIM","Show Me The Wine",1,155898,TRUE,0.896,-1.464,1,0.418,0.0607,0,0.0662,0.943,132.674,5,7,"groove_dancehall",0.6
60080,"38ReSChpHv5ivoa5W3Y7cp","Maharajan","僕のスピな人","僕のスピな人",35,205612,FALSE,0.95,-4.31,1,0.0847,0.000238,0.0295,0.0813,0.642,156.06,4,7,"groove_dancehall",0.75
60105,"3jr4x5UB7ierqJGeDsRvrA","Charly Black;Dj Braindead","Gyal You A Party Animal (DJ BrainDeaD Remix)","Gyal You A Party Animal - DJ BrainDeaD Remix",34,228680,FALSE,0.874,-1.618,1,0.138,0.0496,0,0.103,0.632,103.047,4,7,"groove_dancehall",0.63
60124,"4jiz1yjntTi04Kstn960LL","Vybz Kartel","The Gaza Don","Jump in the Benz",28,202536,FALSE,0.664,-5.262,0,0.267,0.185,0,0.324,0.288,103.122,4,7,"groove_dancehall",0.74
60125,"1c7w0G7N7432XZLmlcpzlb","Chronic Law","Murdera","Murdera",28,178700,TRUE,0.605,-7.825,1,0.314,0.651,3.86e-06,0.191,0.35,114.178,5,7,"groove_dancehall",0.69
60145,"3P7oDm6kdYVs7x1SeQPH1o","Ryuji Imaichi","CHAOS CITY","I'm just a man",29,183026,FALSE,0.517,-5.037,1,0.0265,0.258,0,0.103,0.245,115.008,3,7,"groove_dancehall",0.52
60147,"7wcaieaDTtFMOdqHAjzcAZ","Bugle","Consistency (Through the Years)","Anointed",0,181577,FALSE,0.569,-7.198,0,0.256,0.424,0,0.49,0.423,90.31,4,7,"groove_dancehall",0.52
60155,"7hFZu37rmQxzAp0M1NqJ7P","Tokyo Machine","BUBBLES","BUBBLES",48,230624,FALSE,0.816,-4.8,1,0.0734,0.112,0.46,0.0723,0.507,128.007,4,7,"groove_dancehall",0.75
60156,"3gnequQOQxh6VoZtUHCl8i","DA PUMP","Magical Babyrinth","Magical Babyrinth",41,208920,FALSE,0.993,-1.381,1,0.14,0.115,0,0.25,0.615,138.961,4,7,"groove_dancehall",0.45
60157,"6350t5ExUoKr7hxFQygFtG","Busy Signal","Party Girl","Party Girl",45,190000,FALSE,0.717,-5.349,1,0.0904,0.0214,0,0.0336,0.732,102.032,4,7,"groove_dancehall",0.63
60183,"0OgtJSBtTb9szRJ6yb8ASD","Intence","Through The Gate","Through The Gate",27,168176,TRUE,0.471,-8.861,1,0.5,0.224,0,0.107,0.265,113.002,4,7,"groove_dancehall",0.52
60188,"4mHCOjWOQKdgo6ttBx0Jin","Banty Foot;EXPRESS","#CCC","落ちこぼれのスター",27,279150,FALSE,0.717,-4.71,1,0.0358,0.327,0,0.093,0.74,147.958,4,7,"groove_dancehall",0.59
60189,"6zsTrRfVRqG4atLD4VT1Zs","Vybz Kartel","Pon Di Gaza 2.0","Without My Own",27,159720,FALSE,0.726,-5.022,1,0.283,0.0158,0,0.213,0.398,109.338,4,7,"groove_dancehall",0.51
60196,"5CDZmaU9cwtVREa2kzDbZt","Harry Toddler","Dancehall Xplosion '98","Nuh Dress Like Girl",26,183573,FALSE,0.493,-11.827,1,0.443,0.155,0,0.453,0.79,92.566,4,7,"groove_dancehall",0.52
60216,"3AEmB7kpytRpwNDiq4gCqv","Kraff Gad;Vibes Gong Productions","Floating","Floating",25,174603,TRUE,0.749,-5.069,0,0.16,0.149,0,0.0819,0.52,99.996,4,7,"groove_dancehall",0.66
60221,"3rlifdORN3A2gwnYhAHnFA","Vipa Music;Kenyaman","Sloow Down","Sloow Down",26,192934,TRUE,0.365,-10.097,0,0.104,0.503,0,0.179,0.148,150.743,4,7,"groove_dancehall",0.48
60228,"3wDVBSoz1fXNguU1vu8EME","Govana","God N Gun","God N Gun",26,220865,TRUE,0.492,-10.189,0,0.512,0.535,7.3e-06,0.0995,0.203,131.98,5,7,"groove_dancehall",0.54
60239,"6uPkafDS5iSjCzmrAqiMQK","Chronic Law;ATTOMATIC RECORDS;HEMTON MUSIC","1law","CYAA LONELY",26,175310,FALSE,0.649,-6.143,1,0.26,0.294,0,0.373,0.44,66.712,3,7,"groove_dancehall",0.77
60242,"7BeG6ZN9NHfsp5UFMGgIo6","Chronic Law","Still Living","Still Living",26,192376,FALSE,0.601,-6.564,1,0.0714,0.715,0,0.199,0.4,99.452,4,7,"groove_dancehall",0.69
60260,"5zXHt4m9Aj3ybArW7FgXq1","Vybz Kartel","Chain - Single","Chain",24,154071,TRUE,0.799,-4.656,1,0.235,0.368,0,0.0837,0.384,109.946,4,7,"groove_dancehall",0.6
60273,"194o2fI6MpLs9YbKjHi9wz","Vipa Music;Kenyaman","Missing You Hard","Missing You Hard",24,192632,TRUE,0.43,-8.816,0,0.327,0.316,0,0.152,0.324,85.249,4,7,"groove_dancehall",0.67
60274,"1i2gOMiOhbLkOAM4PqQkHi","Takeova","Introvert","Introvert",24,180983,FALSE,0.506,-7.774,1,0.268,0.457,0,0.102,0.707,94.78,4,7,"groove_dancehall",0.66
60293,"3851T2MrkvNYavq1jnkq02","Vybz Kartel","Kingston Story (Deluxe Edition)","Mi Remember",25,231088,FALSE,0.678,-5.829,1,0.0581,0.0161,0.000131,0.101,0.166,99.993,4,7,"groove_dancehall",0.61
60294,"7n6FiTKMPLDZNjvmhVuxSu","Rygin King","Therapy","Maddest Life",24,165450,FALSE,0.62,-6.778,1,0.341,0.511,0,0.109,0.36,100.147,4,7,"groove_dancehall",0.68
60306,"6OhkL5aQSgWJvK8LaF1Tp9","Skeng","23","23",55,144076,TRUE,0.479,-8.624,0,0.099,0.355,0,0.0983,0.463,104.009,4,7,"groove_dancehall",0.69
60309,"3v0k5BKyd4A6weQJXwx4Q3","Beenie Man;Yo West","Don't Stop","Don't Stop",24,141832,TRUE,0.719,-7.69,1,0.349,0.0188,0,0.103,0.76,118.085,4,7,"groove_dancehall",0.63
60312,"42lfIhzTqFk2nYaLi8lGqk","Vybz Kartel","Chip Glock","Chip Lock",23,187200,TRUE,0.635,-5.51,0,0.436,0.187,0.00132,0.126,0.368,131.696,5,7,"groove_dancehall",0.61
60323,"55ri3hkeez28MnWTqAsg7L","Vybz Kartel","Arch Evil Riddim","Swear to Jah",24,139206,FALSE,0.665,-5.958,0,0.479,0.785,0,0.0945,0.608,111.199,4,7,"groove_dancehall",0.54
60326,"77de7UFAcTyK9eiYW8VUZp","Jahshii;Moonskull;Harlem Richard$;DJ Hella HIGH","Put It Pon Mi","Put It Pon Mi",24,212480,TRUE,0.513,-8.477,0,0.0713,0.176,3.81e-05,0.066,0.564,104.998,4,7,"groove_dancehall",0.6
60331,"6HhdFRM9un1Ojpz1A98pVi","High Contrast","If We Ever (Unglued Remix)","If We Ever - 2018 Remaster",25,320271,FALSE,0.875,-4.285,1,0.0507,0.000356,0.31,0.359,0.114,172.973,4,7,"groove_dancehall",0.6
60337,"3N7GbP3BJJIv2QRXZRJBJM","Vybz Kartel","Like Xmas","Good Night",23,216270,FALSE,0.796,-7.675,0,0.272,0.303,0,0.154,0.905,90.989,4,7,"groove_dancehall",0.69
60338,"1luiKI89ae86nncHOZRZJj","Franco Wildlife;Bobby 6ix","North Coast","Bang",23,161854,TRUE,0.716,-3.505,1,0.434,0.0285,3.26e-06,0.127,0.232,81.432,1,7,"groove_dancehall",0.69
60347,"4RKLXbTVL04M7K9t6kXMWW","ShuuKaRen","UNIVERSE(Special Edition)","Tricky",24,214560,FALSE,0.835,-5.128,1,0.0617,0.00698,0,0.0986,0.37,97.918,4,7,"groove_dancehall",0.62
60351,"2wMPg183VHVfGzFNTgNchN","QUEEN BEE","MYSTERIOUS","MYSTERIOUS",44,222480,FALSE,0.586,-6.142,0,0.0315,0.438,0,0.297,0.45,104.82,3,7,"groove_dancehall",0.55
60356,"5rPIC7hQVaDSZryekHY89Z","Koffee","Gifted","Lonely",52,248780,FALSE,0.505,-7.569,1,0.098,0.0455,0,0.0895,0.583,81.907,4,7,"groove_dancehall",0.53
60368,"7lBfKm3goZ960w7xT96qCU","Kraff Gad","Battle Cry","Battle Cry",22,175200,TRUE,0.487,-9.212,1,0.115,0.231,0,0.0872,0.204,100.104,4,7,"groove_dancehall",0.67
60378,"019FzsAPFX2KEh2vDnhvee","Mavado","Bazzel Riddim","So Bazzel",23,191400,FALSE,0.521,-5.891,0,0.244,0.105,0.000291,0.15,0.682,107.297,5,7,"groove_dancehall",0.75
60379,"0oR2mFp2QwxuHCuMHot6HQ","Masicka;Dunw3ll","Roll Clean - Single","Roll Clean",23,150315,TRUE,0.913,-3.385,1,0.218,0.171,0,0.297,0.632,95.004,4,7,"groove_dancehall",0.65
60392,"1aqBXVyNJf1Ihwh5tqRH7n","Vybz Kartel;Sheba","Like Xmas","Like Xmas (Raw)",23,222032,FALSE,0.746,-7.672,0,0.233,0.298,0,0.0648,0.902,90.999,4,7,"groove_dancehall",0.74
60398,"28e5LamvVMRASLdPfQ0YkQ","Mavado","Mr. Brooks...A Better Tomorrow","So Blessed",23,222146,FALSE,0.851,-6.389,0,0.193,0.0602,0,0.2,0.324,113.827,4,7,"groove_dancehall",0.81
60414,"5qLZimSSfR8ZaU2KGmx8HZ","Kiprich","Martial Arts (Part 1)","Badness",22,212666,FALSE,0.922,-4.518,0,0.364,0.104,0,0.176,0.962,127.71,5,7,"groove_dancehall",0.58
60431,"2cwA2OZl1qxRzlvgpVwcj3","Teejay;Extended Play Records","Rage","Rage",22,192292,TRUE,0.684,-6.009,1,0.064,0.023,0,0.124,0.329,100.096,4,7,"groove_dancehall",0.89
60445,"1u5fvG2pf2YU21fCqytV5X","Rygin King","Therapy","No Other One Like You",22,188387,FALSE,0.563,-7.472,0,0.25,0.446,6.07e-05,0.117,0.669,92.964,4,7,"groove_dancehall",0.68
60461,"4gOvGuP3NWA12uWRhmPkyh","Tommy Lee Sparta","Shallow Grave","Shallow Grave",21,182448,TRUE,0.72,-6.516,1,0.131,0.129,0,0.343,0.6,98.028,4,7,"groove_dancehall",0.56
60467,"1fXLZcw8b1nBbK7DVv4xa0","Vybz Kartel","Trend Setterz Vol. 3","Happy Pum Pum",22,212727,TRUE,0.678,-5.452,0,0.243,0.285,0,0.172,0.781,175.682,4,7,"groove_dancehall",0.7
60491,"7wn926m3ggycX1aPTbOsrh","Vybz Kartel","Pretty Face - Single","Pretty Face",22,180244,TRUE,0.709,-5.326,0,0.404,0.283,0,0.072,0.971,117.663,5,7,"groove_dancehall",0.65
60520,"1QzGOisZyBYdpfHKXk9zLu","Jah Vinci;TripleDose Production","Lunch Break Riddim","Victory",22,172094,FALSE,0.757,-4.566,0,0.259,0.288,0,0.275,0.665,98.876,4,7,"groove_dancehall",0.77
60521,"7aaPcFnbJcVZeJyWZLWPXm","Black Kids","Partie Traumatic","I'm Not Gonna Teach Your Boyfriend How to Dance with You",32,217733,FALSE,0.938,-4.055,1,0.0478,0.000312,0,0.361,0.745,125.253,4,7,"groove_dancehall",0.55
60527,"5JEjVqIWf97Z5X26OmX0uo","Navino;Tanto Blacks aka Real Rich;Vodca","WE OUTSIDE","WE OUTSIDE",22,136969,FALSE,0.623,-5.753,1,0.0855,0.0563,0.000316,0.187,0.467,99.058,4,7,"groove_dancehall",0.58
60533,"5xr6GN4kdnPCAxSVr0UInV","Vybz Kartel","Pon Di Gaza 2.0","Come Back Home",21,201466,FALSE,0.845,-5.177,1,0.183,0.548,0,0.348,0.864,122.934,5,7,"groove_dancehall",0.62
60539,"2PzFCNgIL9oyiKk6a4UIlu","Alkaline;Anju Blaxx","Nice Suh (Mildew Riddim)","Nice Suh (Mildew Riddim)",22,175841,TRUE,0.877,-3.595,0,0.285,0.262,0,0.0723,0.771,101.268,4,7,"groove_dancehall",0.77
60547,"2M9JM4UxTQTzv1EMahqaty","DJ Furax","Best of 20 Years of Music","Supersaw - Hard Mix",21,394760,FALSE,0.987,-4.589,0,0.0409,1.89e-05,0.912,0.171,0.231,142.004,4,7,"groove_dancehall",0.43
60548,"4h6S2d3IsAEUoOzuSI0QlS","Intence","Intence vs Tashawn","Intence vs Tashawn",21,231917,TRUE,0.375,-15.478,0,0.326,0.428,0,0.0658,0.321,66.997,3,7,"groove_dancehall",0.63
60551,"1g323zkGA2tgTx9IYu5v1j","Mavado;Di Genius;Stacious","Di Genius Presents-Labwork Vol.2","Come Into My Room",51,212323,TRUE,0.664,-4.583,1,0.168,0.0654,0,0.0751,0.42,115.895,5,7,"groove_dancehall",0.51
60563,"3AOPTJE3oOAAJT8W06eazk","Spice","Emancipated","TAPE MEASURE",24,170789,FALSE,0.755,-5.702,0,0.272,0.183,0.00131,0.297,0.267,103.981,4,7,"groove_dancehall",0.71
60571,"5hNZXwyrLijBvj4fH9uf0P","EMMA WAHLIN","Used To Be Mine","Used To Be Mine",37,163214,TRUE,0.594,-7.167,0,0.0429,0.202,4.03e-06,0.15,0.234,122.983,4,7,"groove_dancehall",0.73
60580,"32gehsgydtzGss4ZxP13aR","Vybz Kartel","Riddim Driven: Shaddowz","My Scheme",21,209146,FALSE,0.842,-5.412,0,0.298,0.472,0,0.181,0.635,140.004,4,7,"groove_dancehall",0.67
60591,"3NSKJ8RZVLbK5j187CNoC2","Jahshii","Dancehall Night Riddim","Dem Nuh Bad",20,106800,TRUE,0.584,-7.379,1,0.482,0.113,0,0.0749,0.701,126.547,5,7,"groove_dancehall",0.58
60598,"2GZS0PMv01Hr6n6Rlsb9v8","Elephant Man","Reggae Gold 2009","Dance and Sweep",21,182600,FALSE,0.759,-5.808,1,0.113,0.121,0,0.0662,0.67,116.198,4,7,"groove_dancehall",0.75
60602,"5QvhLL9S361pUFprk2igmw","Beenie Man;Janet Jackson","Tropical Storm","Feel It Boy",20,207093,FALSE,0.665,-3.176,0,0.0985,0.164,0,0.0679,0.954,102.786,4,7,"groove_dancehall",0.32
60603,"10l4eK1EkaXCV5xHfx0jgd","Pamputtae;Bounty Killer;Esco Da Shocker","Set Right","Set Right",10,183672,TRUE,0.724,-5.577,1,0.448,0.137,0,0.326,0.849,126.554,5,7,"groove_dancehall",0.59
60609,"5XPVM5Vifan4RbqwXy5wQc","Vipa Music;Kenyaman","Psalms 35","Psalms 35",20,156969,TRUE,0.731,-9.253,1,0.107,0.106,0,0.109,0.655,99.677,4,7,"groove_dancehall",0.71
60613,"556h8N4kTDlmK7Q78VRs74","Vybz Kartel","Reggae Love Songs Deluxe Edition","Life Me Say",20,132000,TRUE,0.499,-8.73,1,0.425,0.403,0.000322,0.208,0.278,159.906,4,7,"groove_dancehall",0.64
60615,"24Y0mvwJVmqb4oIDg232WY","Pink Boss","Proud","Proud",21,176378,FALSE,0.627,-8.764,0,0.0723,0.392,0,0.125,0.682,130.056,5,7,"groove_dancehall",0.75
60619,"6EACCDJ9396W3MDyZ0GBss","Rhumba","Bleed Riddim","Obstacles",20,206759,FALSE,0.697,-8.589,1,0.201,0.639,0,0.178,0.492,101.989,4,7,"groove_dancehall",0.54
60624,"5PSoPLGLlt1o0SSIaEOUQd","Vybz Kartel;Gaza Slim","Like a Jockey (Street Groove Riddim)","Like a Jockey (Street Groove Riddim) - Raw",20,170824,TRUE,0.933,-3.157,0,0.302,0.00245,0,0.0789,0.798,122.863,5,7,"groove_dancehall",0.8
60631,"6NYL2BnxOULJ74zgcFfNmD","Chronic Law","Fire Fi Fire","Fire Fi Fire",20,173397,TRUE,0.587,-7.478,1,0.298,0.655,8.05e-05,0.243,0.408,102.564,4,7,"groove_dancehall",0.52
60634,"3GFKh3M9YkV9nav4DwuTQK","Takeova","Question God","Question God",20,180024,FALSE,0.719,-6.234,0,0.363,0.124,0,0.233,0.357,73.561,3,7,"groove_dancehall",0.52
60644,"31xedC3DdWbB09VkHsxmWF","Chronic Law","Heart Manual","Heart Manual",20,194124,FALSE,0.708,-7.369,0,0.236,0.131,1.64e-06,0.255,0.509,66.516,3,7,"groove_dancehall",0.56
60649,"1eYn6cxevjYHkLr0GAn2Xb","Mavado","Mr. Brooks...A Better Tomorrow","Money",20,200080,FALSE,0.797,-5.455,0,0.447,0.216,0,0.418,0.6,67.674,4,7,"groove_dancehall",0.63
60663,"78bzabNoeooa5bZgEDCzig","Rygin King","7Teen","7Teen",20,161639,TRUE,0.789,-6.712,0,0.191,0.0514,3.2e-06,0.62,0.732,98.948,4,7,"groove_dancehall",0.57
60679,"14EGwK3X9IpVLkDbKemdnd","Alkaline","Hard Tackle","Hard Tackle",21,186122,TRUE,0.746,-6.465,0,0.35,0.628,0,0.165,0.721,98.737,4,7,"groove_dancehall",0.51
60691,"0CyiCor3YLnPcBkZ04cLz2","Voicemail;Delly Ranks;Bogle","Biggest Ragga Dancehall Anthems 2004","Weh Di Time",20,239693,FALSE,0.782,-4.546,0,0.198,0.391,0,0.138,0.939,109.892,4,7,"groove_dancehall",0.57
60699,"1hOLhWsfG2nNpkMPjodUBE","Alkaline","Alkaline Mix Tape","Wul De Pussy Dem",21,157690,TRUE,0.822,-3.763,1,0.257,0.00145,0,0.263,0.43,109.652,4,7,"groove_dancehall",0.64
60704,"4Ae5xBX6ESY0Jo3T7fo1KB","THREE1989","Part Time Summer","Part Time Summer",20,274000,FALSE,0.486,-9.194,0,0.074,0.0367,6.83e-06,0.0516,0.513,95.031,4,7,"groove_dancehall",0.44
60707,"0O0JxkcHhvfUBBTeunXS1s","Vybz Kartel","My Heaven My Hell - Single","My Heaven My Hell",20,177059,FALSE,0.552,-6.836,0,0.0365,0.172,4.95e-06,0.276,0.275,93.407,4,7,"groove_dancehall",0.72
60710,"1vR8PqbhubXcvJ8yQJHBlF","Vybz Kartel;Skillibeng;Jucee Froot;Tommy Lee","Of Dons & Divas","Bad Gyal (feat. Skillibeng, Jucee Froot & Tommy Lee) [Divas]",53,232941,TRUE,0.707,-10.266,0,0.141,0.441,6.22e-06,0.11,0.359,102.034,4,7,"groove_dancehall",0.65
60752,"6N0S1LPNDEjlGOXm1xj4rS","CIRRRCLE","BESTY","Dance Wit U",20,198930,FALSE,0.623,-5.971,0,0.285,0.0653,0,0.0282,0.8,105.963,4,7,"groove_dancehall",0.63
60754,"50Z6FiZ8xBJ0V16BPIsEam","Skeng","Day Break","Day Break",49,113814,TRUE,0.815,-4.512,0,0.134,0.368,1.04e-06,0.125,0.671,97.069,4,7,"groove_dancehall",0.82
60762,"2XkVHnioYxynxgiGq6sxud","Takeova","Forever Rich","Rich Forever",19,164231,TRUE,0.604,-4.815,1,0.394,0.151,0,0.0775,0.307,180.201,4,7,"groove_dancehall",0.64
60763,"0p89b4dIaU2hJK2JuQbACC","Jah Vinci","Heaven Telegram Riddim","Fight Fi Yuh Love",20,151275,FALSE,0.707,-9.375,1,0.377,0.249,0,0.291,0.197,122.19,5,7,"groove_dancehall",0.48
60769,"3DhzID1Y9X4igbCrS9FDlW","Jahvillani;Countree Hype","Nudity","Nudity",19,148308,FALSE,0.599,-7.591,0,0.176,0.36,0,0.189,0.713,105.069,4,7,"groove_dancehall",0.69
60771,"6teOWjT24uUOb9EkSPhIEA","Maharajan","いいことがしたい","ねぇ、ねぶって",20,202972,FALSE,0.806,-5.58,1,0.147,0.000845,7.95e-05,0.0457,0.875,173.584,4,7,"groove_dancehall",0.65
60772,"5nLPvBAiRb5sf4mCbsfYz3","Masicka","Knock It","Knock It",20,177857,TRUE,0.882,-3.306,0,0.276,0.336,0,0.269,0.658,111.921,4,7,"groove_dancehall",0.5
60776,"1R52MS7eNpXmEJD9tEC3uO","Ryuji Imaichi","CHAOS CITY","INTRO ~CHAOS CITY~",19,44826,FALSE,0.592,-10.844,0,0.0583,0.272,0.894,0.16,0.0752,110.076,4,7,"groove_dancehall",0.86
60787,"4j0j42ap28XZZQr9SQz9nU","Beenie Man;Blakk Man","Imac Riddim","Real Bad Man - Radio Edit",20,194616,FALSE,0.795,-4.198,1,0.291,0.0298,2.33e-06,0.133,0.792,133.673,5,7,"groove_dancehall",0.64
60791,"1dUXyXkSX2jxPp7jONRBcm","CrazyBoy;Michico","HIP LIFE:POP LIFE","Fly Away - feat. michico",20,232057,FALSE,0.757,-5.506,1,0.0588,0.18,0,0.108,0.391,130.035,4,7,"groove_dancehall",0.65
60793,"5BcMZn5xJYFGthKJ6EZjVE","Banty Foot;NEO HERO;RAY;Rekko","#CCC","Daybreak",20,205561,FALSE,0.902,-3.784,1,0.0859,0.153,0,0.0866,0.738,106.018,4,7,"groove_dancehall",0.59
60794,"0AcG0TlryV8Tm1m7jTpoJI","Elephant Man","Dance & Sweep! - Adventures Of The Energy God","Swing",20,161653,FALSE,0.837,-4.55,1,0.214,0.00304,0,0.0705,0.404,143.693,5,7,"groove_dancehall",0.72
60796,"5wvrYzk49g9mIdT8jISvjT","CrazyBoy;JP THE WAVY","HIP LIFE:POP LIFE","DoCoDeMo DooR Remix - feat. JP THE WAVY",19,180273,FALSE,0.623,-5.719,1,0.103,0.00961,0,0.158,0.544,94.982,4,7,"groove_dancehall",0.71
60803,"4VsGKABwzD4SlPsVXhIgSE","Busy Signal","Parts Of The Puzzle","Stay So",51,220464,FALSE,0.623,-5.339,0,0.061,0.181,0.000259,0.165,0.807,101.978,4,7,"groove_dancehall",0.53
60806,"7MRDg3WyBuOO2dA7mn1IYV","WEDNESDAY CAMPANELLA","Watashi Wo Onigashima Ni Tsuretette","Momotaro",41,270666,FALSE,0.713,-4.613,0,0.106,0.19,3.41e-06,0.301,0.52,134.992,4,7,"groove_dancehall",0.75
60809,"4X1RmH40uM3YjsgRtKAKNp","Fresh King","Banga","Banga",22,193877,TRUE,0.642,-4.572,1,0.146,0.901,1.31e-05,0.0937,0.357,95.041,4,7,"groove_dancehall",0.68
60810,"7MgjKZqCd0kD4qTc60JSNU","Mavado","Gangsta For Life: The Symphony Of David Brooks","Heart Beat",19,253746,FALSE,0.394,-7.252,0,0.0582,0.117,0,0.21,0.419,131.974,4,7,"groove_dancehall",0.61
60817,"0yPij2haLTGO72QdyXh8mu","Govana","Liverpool Riddim","Dozen + 10",19,160819,TRUE,0.535,-5.016,1,0.284,0.217,3.13e-06,0.119,0.529,100.308,4,7,"groove_dancehall",0.68
60820,"0jSTtjDiPcfaU1DtfR03AN","Maharajan","ちがう","ちがう",19,225411,FALSE,0.89,-4.933,1,0.0343,0.000386,0.0313,0.126,0.461,119.481,4,7,"groove_dancehall",0.62
60824,"3fp5dLpgBYsadjZB2qwrHg","DA PUMP","DA POP COLORS","Dream on the street",20,236633,FALSE,0.969,-1.605,0,0.0979,0.156,0,0.112,0.524,118.06,4,7,"groove_dancehall",0.64
60826,"6yzcuFmEW1xq2O1DH6BgMX","Vybz Kartel","Riddim Driven: Shaddowz","Nuh Permission",19,167986,FALSE,0.733,-6.023,0,0.264,0.136,0,0.154,0.524,93.742,3,7,"groove_dancehall",0.65
60830,"4Bk76LbSP3NtaQk192fgaV","Camo & Krooked","Red Bull Symphonic","Climax - Red Bull Symphonic",21,109725,FALSE,0.896,-5.237,0,0.041,0.0506,0.286,0.898,0.345,87.487,4,7,"groove_dancehall",0.9
60833,"67jQMwU14LtP0n0aa9NyQv","Maharajan","セーラ☆ムン太郎","僕のムンクが叫ばない",19,181795,FALSE,0.729,-5.176,1,0.0619,0.0171,0,0.102,0.74,125.011,4,7,"groove_dancehall",0.59
60848,"05ldMUa2b7KhctXmx0T30M","Elephant Man","Down In Jamaica: 40 Years of VP Records","Pon De River, Pon De Bank",19,239517,FALSE,0.73,-6.348,1,0.415,0.248,4.94e-05,0.0865,0.904,98.418,4,7,"groove_dancehall",0.74
60875,"3LLSf03t5qKzgDaxDPGjaI","Teejay","Zaddy","Zaddy",18,206400,TRUE,0.73,-5.984,1,0.215,0.119,4.98e-05,0.105,0.633,199.856,4,7,"groove_dancehall",0.66
60885,"7JRiMZd8uYb5tTL9hMXLk6","Rygin King","Scheme House","Scheme House",18,156084,TRUE,0.678,-5.487,1,0.185,0.695,0,0.111,0.489,125.25,5,7,"groove_dancehall",0.68
60887,"6jR9Dj1h04dJxNu8lkmtGC","Vybz Kartel","Riddim Driven: Chrome","Little Lady",20,169000,FALSE,0.731,-6.173,0,0.336,0.294,1.2e-06,0.466,0.681,117.64,4,7,"groove_dancehall",0.77
60909,"0JmjG25yYeMUIGX1kJ8FnK","QUEEN BEE","火炎(Full Edition)","火炎-anime size edit-",27,89000,FALSE,0.906,-5.062,0,0.229,0.00835,0.000637,0.289,0.667,169.906,4,7,"groove_dancehall",0.61
60910,"3KPo4sF05IFAdCwMIPyk8E","Skeng","Gang Bang","Gang Bang",50,122566,TRUE,0.597,-9.94,1,0.208,0.557,0,0.18,0.853,96.051,4,7,"groove_dancehall",0.84
60922,"5DLRett1pVR0XHTWJKgkFf","Skillibeng","Mission Complete","Complete (Graffiti)",19,153996,TRUE,0.732,-7.887,0,0.231,0.782,0,0.181,0.705,95.088,4,7,"groove_dancehall",0.56
60929,"744IMVuf8wEVECCOLThDHJ","DING DONG;Dunw3ll","BOUNCE","BOUNCE",50,153652,FALSE,0.825,-2.869,1,0.309,0.25,0,0.077,0.476,199.488,4,7,"groove_dancehall",0.53
60949,"6K0RM6ZzP68IcBZ3JkKkjA","Elephant Man","Good 2 Go","Jamaica",18,200746,FALSE,0.801,-7.058,1,0.529,0.311,0,0.107,0.611,77.906,1,7,"groove_dancehall",0.58
60951,"7zxFX9HgoVVMDsJbis57C6","jahmiel","I Need You","I Need You",38,167798,FALSE,0.538,-7.09,1,0.0934,0.209,0,0.0664,0.279,89.968,4,7,"groove_dancehall",0.75
60981,"4wFp5KBeZ4ZDVjGYS5HiBO","High Contrast","Notes From The Underground","Windows 95",20,277198,FALSE,0.817,-6.576,1,0.0369,0.00175,0.883,0.157,0.0371,168.031,4,7,"groove_dancehall",0.68
60982,"3uyKmq90x5H5qJoQAXNtob","Tommy Lee Sparta","Diamond Blessings","Kratos",18,193281,TRUE,0.558,-7.142,0,0.0434,0.335,0,0.102,0.279,94.991,3,7,"groove_dancehall",0.37
60991,"6I4WkJKGbgjQ2tF8vIADTh","Vybz Kartel;Tommy Lee","Mentally Free","Betray Di Gaza Boss",18,176326,FALSE,0.685,-4.702,1,0.148,0.32,0,0.0979,0.758,120.046,4,7,"groove_dancehall",0.71
61010,"5UhTgNN6c7js2HT2nEaPZZ","Seiko Matsuda","SEIKO STORY〜80's HITS COLLECTION〜","ハートのイアリング",35,247306,FALSE,0.799,-5.77,1,0.0288,0.427,2.03e-06,0.207,0.901,114.188,4,17,"youth_pop_punk",0.84
61021,"6kFw39z6YQtgAJ8kOX7abj","夜光性アミューズ","まっしぐら恋心","まっしぐら恋心",32,209684,FALSE,0.885,-3.065,0,0.0913,0.0429,0,0.256,0.647,94.918,4,17,"youth_pop_punk",0.63
61024,"2hebQblF1Y1HAkXEP1cnTA","#NAME?","探せ ダイヤモンドリリー","いらない ツインテール",34,224680,FALSE,0.958,-3.162,1,0.112,0.000595,0.0015,0.11,0.492,96.467,4,17,"youth_pop_punk",0.88
61036,"5wmUZFDrHXM5zY1Eyg4Vxq","#NAME?","あの子コンプレックス","僕のヒロイン",36,251493,FALSE,0.943,-3.204,1,0.0472,0.0292,0,0.0349,0.563,163.998,4,17,"youth_pop_punk",0.76
61039,"2Ro3j3SKjzRT7zB5JwHuPR","#NAME?","#NAME?","スタート!",32,291840,FALSE,0.913,-4.089,1,0.0564,0.0118,0,0.156,0.728,158.007,4,17,"youth_pop_punk",0.47
61041,"2wbF4sb7IpBMQ7T6Lem10j","#NAME?","Want you!Want you!","アイカツハッピーエンド",32,262092,FALSE,0.92,-2.794,1,0.0862,0.14,0,0.287,0.538,167.171,4,17,"youth_pop_punk",0.6
61042,"1eJ8xprO5ZvX4A6YC2gcyF","#NAME?","あの子コンプレックス","笑顔のレシピ",36,230586,FALSE,0.921,-3.315,1,0.0553,0.0237,4.89e-06,0.362,0.77,95.029,4,17,"youth_pop_punk",0.71
61043,"4dDtClPSPlmlBNxqvsMwCm","≠ME","超特急 ≠ME行き Special Edition","「君の音だったんだ」",35,244413,FALSE,0.973,-2.581,0,0.0843,0.0181,0.000111,0.211,0.55,183.06,4,17,"youth_pop_punk",0.81
61062,"732T0BO4aGXX6z5228umHZ","Keyakizaka46","真っ白なものは汚したくなる (Complete Edition)","永遠の白線",30,260173,FALSE,0.873,-3.618,1,0.0393,0.23,0,0.336,0.664,142.058,4,17,"youth_pop_punk",0.62
61064,"3WfZC7nM0z2E7ztnjYv6te","Nogizaka46","僕だけの君 〜Under Super Best〜","ここにいる理由",31,235853,FALSE,0.834,-4.449,0,0.104,0.132,0,0.106,0.519,174.922,4,17,"youth_pop_punk",0.79
61073,"3gAA0WJSgKuPzzzh7ctW0J","Nogizaka46","サヨナラの意味 (Special Edition)","ブランコ",31,275773,FALSE,0.882,-4.94,1,0.0536,0.127,0,0.25,0.469,167.904,4,17,"youth_pop_punk",0.7
61074,"3J6pnunAEOwMH0sk1KGCkG","Nogizaka46","逃げ水 (Special Edition)","未来の答え",30,325213,FALSE,0.829,-2.441,1,0.0345,0.0601,3.42e-06,0.372,0.698,146.021,4,17,"youth_pop_punk",0.57
61079,"5xPqG3KrBkIGarQQCDKfxC","Seiko Matsuda","風立ちぬ","風立ちぬ(SEIKO STORY〜80's HITS COLLECTION〜)",31,275746,FALSE,0.71,-6.249,1,0.0291,0.412,0,0.379,0.646,131.537,4,17,"youth_pop_punk",0.49
61080,"6NjkooYrGVWAHH5omloIeS","Nogizaka46","夏のFree&Easy Type-A","夏のFree&Easy",31,302893,FALSE,0.943,-3.311,1,0.0853,0.0248,2.89e-05,0.335,0.393,169.965,4,17,"youth_pop_punk",0.68
61085,"6THTqYBDEFBuNjJWVLQuZa","#NAME?","全部、内緒。 (Special Edition)","手遅れcaution",29,256200,FALSE,0.99,-2.832,0,0.326,0.101,0,0.101,0.152,142.959,4,17,"youth_pop_punk",0.75
61092,"6uZDWzACbbaAGJBAjhg4su","夜光性アミューズ","夜光性イントロデュース","夜光性イントロデュース",30,219581,FALSE,0.939,-4.738,1,0.182,0.0164,0.00292,0.39,0.379,170.032,4,17,"youth_pop_punk",0.72
61098,"1nDFQIAqam5OFiqwFZScTi","#NAME?","全部、内緒。 (Special Edition)","cinema",30,253626,FALSE,0.868,-3.443,1,0.0431,0.204,0,0.0546,0.791,197.712,4,17,"youth_pop_punk",0.5
61100,"6vXRLoXXJymgJa9MWf0Tpn","Kyary Pamyu Pamyu","もしもし原宿","チェリーボンボン",38,218466,FALSE,0.954,-1.755,1,0.0341,0.223,0.004,0.138,0.808,130.037,4,17,"youth_pop_punk",0.8
61107,"2WKSUjEXIWSvdtLF36G9IF","Momoiro Clover Z","MOMOIRO CLOVER Z","ロードショー",28,267533,FALSE,0.946,-1.719,0,0.0419,0.0327,0.000308,0.108,0.741,128.008,4,17,"youth_pop_punk",0.75
61124,"34EggPJUYZ980F3aUlHHnp","Nogizaka46","夏のFree&Easy Type-D","僕が行かなきゃ誰が行くんだ?",28,262573,FALSE,0.924,-5.206,1,0.0639,0.0258,0,0.17,0.398,154.124,4,17,"youth_pop_punk",0.7
61126,"6EaJ8O1qh3ycQxLkKUWLR8","Perfume","Perfume The Best ""P Cubed""","マカロニ",28,280760,FALSE,0.884,-2.905,0,0.0267,0.0687,0.0195,0.0488,0.696,99.975,4,17,"youth_pop_punk",0.8
61129,"3obMOHneBjZoWH6Aeza6KI","AKB48","チャンスの順番<Type-A>","チャンスの順番",28,256399,FALSE,0.945,-5.974,1,0.0621,0.0059,0,0.0884,0.768,157.915,4,17,"youth_pop_punk",0.75
61131,"0mJIAermoMh7OwHyPUOixK","Nogizaka46","いつかできるから今日できる (Special Edition)","失恋お掃除人",29,279146,FALSE,0.876,-2.928,0,0.0371,0.0325,0,0.0838,0.421,88.014,4,17,"youth_pop_punk",0.56
61136,"2CEoa8yJjrG3xK2XXBcR5g","Akina Nakamori","コンプリート・シングル・コレクションズ〜ファースト・テン・イヤーズ<ライノ・プレミアム・エディション>","赤い鳥逃げた",29,308053,FALSE,0.885,-8.293,0,0.0457,0.026,0.00275,0.311,0.57,107.014,4,17,"youth_pop_punk",0.51
61140,"2dZHD66ameYxyZkJtR6bYG","Akina Nakamori","ベスト・コレクション 〜ラブ・ソングス&ポップ・ソングス〜","サザン・ウインド - 30th anniversary mix",28,231493,FALSE,0.838,-4.208,1,0.0894,0.0305,0.000875,0.374,0.533,155.292,4,17,"youth_pop_punk",0.76
61141,"67vJXKMfg5RNQl1cpbGj0C","#NAME?","全部、内緒。 (Special Edition)","僕らの制服クリスマス",28,268946,FALSE,0.932,-2.368,1,0.0532,0.358,0,0.234,0.612,143.062,4,17,"youth_pop_punk",0.64
61147,"7ujDyYaL0nXphMkkgjCGcX","BiSH","Brand-new idol SHiT","ぴらぴろ",28,237840,FALSE,0.995,-2.049,1,0.141,0.00169,0.00218,0.335,0.317,166.986,4,17,"youth_pop_punk",0.61
61150,"3vk4V4vwotEvP16U1cM0HQ","Perfume","Perfume~Complete Best~","エレクトロ・ワールド",51,261720,FALSE,0.864,-3.364,1,0.0493,0.0187,5.15e-06,0.136,0.115,143.297,4,17,"youth_pop_punk",0.46
61161,"5FVGptKnubKqWGHknfEDFv","Seiko Matsuda","風立ちぬ","雨のリゾート",27,260040,FALSE,0.791,-5.592,1,0.0273,0.0918,2.96e-06,0.0983,0.784,132.109,4,17,"youth_pop_punk",0.3
61169,"2hRMbBiYVCKKNGK4zIZhrj","Keyakizaka46","真っ白なものは汚したくなる (Complete Edition)","猫の名前",27,297400,FALSE,0.817,-4.627,1,0.0377,0.166,0,0.211,0.832,140.99,4,17,"youth_pop_punk",0.51
61171,"5GIewlytZQTBmXERhphDmP","BiSH","CARROTS and STiCKS","CHOP",27,217355,FALSE,0.995,-3.814,0,0.118,0.000289,0.714,0.324,0.149,94,4,17,"youth_pop_punk",0.7
61180,"5ECVIgsFRkS4ZdyhId00uP","Tokyo Girls' Style","ノクターナル","この雨が上がっても",26,274600,FALSE,0.769,-4.237,0,0.0249,0.544,0.000495,0.158,0.594,108.007,4,17,"youth_pop_punk",0.71
61186,"0vWu5sXsozlyr8VNi4KjsF","NMB48","恋と愛のその間には (Special Edition)","夢中人",26,321813,FALSE,0.958,-1.883,1,0.096,0.0346,0,0.178,0.692,163.027,4,17,"youth_pop_punk",0.53
61188,"2TgNvhqnAThN6lOXuAwDwj","SUPER☆GiRLS","Summer Lemon","Summer Lemon",27,236500,FALSE,0.945,-3.342,0,0.0542,0.00744,6.36e-06,0.346,0.752,170.055,4,17,"youth_pop_punk",0.72
61196,"3X3VinVkJUii3cEJmiowJG","Shiritsu Ebisu Chugaku","Major Debut 10th Anniversary Album 中吉","青春ゾンビィィズ",26,253520,FALSE,0.956,-3.263,1,0.0763,0.00198,0.00108,0.283,0.579,134.026,4,17,"youth_pop_punk",0.65
61210,"67hiQr5yocRHh4fheSEzsC","Seiko Matsuda","My Prelude","いくつの夜明けを数えたら",27,303626,FALSE,0.363,-7.236,1,0.0288,0.822,0,0.369,0.229,134.649,4,17,"youth_pop_punk",0.56
61218,"7Kwki4PiBWp3b4Re5Rcdes","Seiko Matsuda","Bible III","パイナップル・アイランド",26,192333,FALSE,0.344,-19.59,0,0.0382,0.619,0.0109,0.0786,0.636,125.885,4,17,"youth_pop_punk",0.75
61223,"4HZxK9wOmM3TF4IUttIrO2","Keyakizaka46","風に吹かれても (Special Edition)","波打ち際を走らないか?",26,261799,FALSE,0.862,-2.347,1,0.042,0.0319,0,0.284,0.512,151.976,4,17,"youth_pop_punk",0.56
61231,"6Vogjnj9g26PaYVqYs996p","夜光性アミューズ","サディスティック・スイーツ","サディスティック・スイーツ",25,264606,FALSE,0.837,-5.535,0,0.0732,0.0301,0,0.128,0.542,160.055,4,17,"youth_pop_punk",0.6
61240,"7gmAwWu3MY4rLI4QaaBE5I","Shiritsu Ebisu Chugaku","中人","禁断のカルマ",25,332293,FALSE,0.958,-1.459,0,0.0864,0.0151,0.00254,0.0727,0.515,170.166,4,17,"youth_pop_punk",0.59
61244,"6m6e0wN2Ziw6MEf9yD3ApQ","Nogizaka46","Time flies (Complete Edition)","おいでシャンプー",25,250493,FALSE,0.846,-3.199,1,0.0474,0.221,1.04e-06,0.29,0.832,159.894,4,17,"youth_pop_punk",0.59
61248,"3svGsDcxwRMpdVoJCbNEtu","Shiritsu Ebisu Chugaku","Major Debut 10th Anniversary Album 中吉","全力☆ランナー (中吉 ver.)",25,275266,FALSE,0.908,-2.705,1,0.0831,0.0741,0,0.191,0.774,134.982,4,17,"youth_pop_punk",0.77
61252,"6FSCClIrk0Q1DhXnjUZWef","二口魔菜 Futakuchi Mana","Covers 2021","インキャインパルス(Inkya Impulse)",47,271457,FALSE,0.896,-3.2,1,0.0603,7.25e-05,0.0562,0.349,0.116,139.971,4,17,"youth_pop_punk",0.54
61253,"77Nr76bprdc5y5fg8d7EaS","Yui Horie","HONEY JET!!","バニラソルト",42,304240,FALSE,0.892,-2.133,1,0.0438,0.084,0.00176,0.336,0.932,139.989,4,17,"youth_pop_punk",0.67
61257,"0XoDkl2Q5pKCfjSe7Woxr6","Seiko Matsuda","BibleII","あなたのすべてになりたい",26,256226,FALSE,0.336,-11.082,1,0.0289,0.409,0,0.238,0.25,73.098,4,17,"youth_pop_punk",0.54
61265,"38yfd9XvT1rFtO7DKb1EKy","Nogizaka46","シンクロニシティ","シンクロニシティ",25,254880,FALSE,0.923,-3.639,1,0.04,0.603,0,0.0585,0.466,135.94,4,17,"youth_pop_punk",0.68
61274,"3MTWjEYB1wFHl9KMjdzb3D","Mayu Watanabe","Best Regards!","シンクロときめき",25,232800,FALSE,0.932,-3.473,1,0.0516,0.0259,1.48e-05,0.346,0.661,160.035,4,17,"youth_pop_punk",0.79
61279,"3L5vwQmbLivfbimSTkx5fG","Keyakizaka46","真っ白なものは汚したくなる (Complete Edition)","夕陽1/3",25,289066,FALSE,0.867,-4.419,1,0.0423,0.115,0,0.338,0.822,158.989,4,17,"youth_pop_punk",0.62
61283,"2pgAa9UFMhUd5jnd6wUYgj","Seiko Oomori;Kazunobu Mineta","Re: Re: Love","Re: Re: Love",25,311146,FALSE,0.988,0.945,1,0.0681,0.0176,3.07e-06,0.158,0.627,131.983,4,17,"youth_pop_punk",0.62
61284,"3FqtPK5WMKBCLplivwZtn7","STU48","ヘタレたちよ Special Edition","ヘタレたちよ",25,289280,FALSE,0.921,-2.756,1,0.11,0.0326,0,0.0985,0.574,177.824,4,17,"youth_pop_punk",0.62
61289,"3I6cuo5UGnSH8Eb907eoj9","Nogizaka46","Time flies (Complete Edition)","ぐるぐるカーテン",25,246080,FALSE,0.847,-3.27,1,0.0284,0.117,0,0.0418,0.941,132.01,4,17,"youth_pop_punk",0.74
61305,"1wWiexFra1ovtWoCtVshAo","NEO JAPONISM","NEO JAPONISM","Twilight Night",45,257488,FALSE,0.81,-5.747,1,0.049,0.00178,0.000217,0.153,0.364,169.992,4,17,"youth_pop_punk",0.54
61315,"14rJXLl1dWz1S5G0dL7S17","Nogizaka46","夜明けまで強がらなくてもいい","夜明けまで強がらなくてもいい",24,260560,FALSE,0.855,-2.476,1,0.043,0.186,0,0.257,0.633,134.059,4,17,"youth_pop_punk",0.66
61341,"2Dox1FXhSpLiHew6xvNkxK","Shiritsu Ebisu Chugaku","「中卒」〜エビ中のイケイケベスト〜","まっすぐ",23,327106,FALSE,0.918,-2.288,1,0.0395,0.00265,6.94e-05,0.358,0.589,128.041,4,17,"youth_pop_punk",0.66
61342,"611r8FxMB7roCepxgMxPGN","Nogizaka46","Time flies (Complete Edition)","ハルジオンが咲く頃",24,328040,FALSE,0.882,-3.143,1,0.0361,0.236,0,0.282,0.4,135.015,4,17,"youth_pop_punk",0.68
61376,"6W7kYi6ZfTYK9LLQQe2OM4","Shiritsu Ebisu Chugaku","穴空","スーパーヒーロー",22,268853,FALSE,0.962,-1.338,1,0.083,0.063,0.000219,0.153,0.298,172.021,4,17,"youth_pop_punk",0.66
61399,"1TDHZUpqzJu4aL8PzSCHCM","夜光性アミューズ","夜光性イントロデュース","ネオンライトセンセーション",23,196786,FALSE,0.953,-4.689,1,0.0656,0.0306,5.84e-06,0.181,0.718,170.086,4,17,"youth_pop_punk",0.63
61414,"4dmi1lvmEBPT5lWB3NSN2s","PASSEPIED","&DNA","ヨアケマエ",23,247423,FALSE,0.753,-2.832,1,0.0295,0.000879,0.000151,0.248,0.333,137.973,4,17,"youth_pop_punk",0.44
61422,"0JAv8Ou0r9Q84lbrM1bQed","You Kikkawa","One For You!","こんな私でよかったら",22,272746,FALSE,0.886,-3.133,0,0.0488,0.0968,6.72e-05,0.123,0.823,130.003,4,17,"youth_pop_punk",0.5
61428,"4TALO9TqvAPnJ4fhfjslGa","NMB48","難波愛~今、思うこと~ (通常盤)","プライオリティー/木下百花",22,264240,FALSE,0.979,-3.543,1,0.126,0.0303,8.42e-06,0.322,0.398,127.022,4,17,"youth_pop_punk",0.69
61440,"263UFFYsayyxxibhLrcb22","Shiritsu Ebisu Chugaku","「中辛」〜エビ中のワクワクベスト〜","ラブリースマイリーベイビー",22,295280,FALSE,0.971,-1.642,1,0.0858,0.0234,0.00481,0.31,0.474,160.05,4,17,"youth_pop_punk",0.64
61452,"0LJFeME84eaC5veWs5giYV","Ayumikurikamaki","大逆襲","旅立ちの唄",36,208146,FALSE,0.927,-2.998,1,0.104,0.0866,0,0.275,0.777,173.948,4,17,"youth_pop_punk",0.77
61453,"5FTejJzcPa3MihllOlsWiD","NEO JAPONISM","THE SPIRIT","WORLD PARADE",45,276706,FALSE,0.865,-2.853,1,0.0761,0.0167,0,0.166,0.395,180.203,4,17,"youth_pop_punk",0.7
61459,"1NTvMdM5cJyHpTSuy1etvZ","fishbowl","平均","平均",21,221246,FALSE,0.889,-4.498,0,0.0402,0.0557,0,0.11,0.853,128.029,4,17,"youth_pop_punk",0.78
61463,"7twgPijZoTe4AFxGEiWn9S","Akina Nakamori","中森明菜シングルス27 1982-1991","難破船",23,267733,FALSE,0.408,-9.538,0,0.0264,0.657,0.188,0.0568,0.276,93.929,4,17,"youth_pop_punk",0.52
61468,"1kKnupPhXwalJLPZqlyGPC","E-girls","So many stars","So many stars",22,234146,FALSE,0.706,-3.118,1,0.0334,0.719,0,0.112,0.471,82.033,4,17,"youth_pop_punk",0.69
61471,"2nrNno6OcOZCXljFPDVxpA","Keyakizaka46","真っ白なものは汚したくなる (Complete Edition)","語るなら未来を…",22,232560,FALSE,0.991,-4.051,1,0.0746,0.0155,0,0.109,0.77,128.002,4,17,"youth_pop_punk",0.6
61491,"3103RdrosXEfnxWqKIRoQh","Perfume","Perfume The Best ""P Cubed""","Party Maker",22,441453,FALSE,0.994,-1.515,1,0.0569,0.0533,0.814,0.0897,0.233,130.011,4,17,"youth_pop_punk",0.65
61495,"413ETADbSmwerQ0UQEFGTt","Shiritsu Ebisu Chugaku","Major Debut 10th Anniversary Album 中吉","誘惑したいや",21,339560,FALSE,0.97,-2.495,1,0.0719,0.046,0,0.279,0.483,125.02,4,17,"youth_pop_punk",0.75
61504,"7rTT8Gofpgg4NAB0q7kEKd","Chisato Moritaka","ROCK ALIVE","夏の海",21,274600,FALSE,0.703,-7.118,1,0.0288,0.337,0.00016,0.0714,0.674,138.032,4,17,"youth_pop_punk",0.57
61506,"3x69ijIT4AQe3FWsw2A9M4","Nogizaka46","逃げ水","逃げ水",22,308880,FALSE,0.992,-2.845,1,0.183,0.438,1.5e-06,0.315,0.418,133.984,4,17,"youth_pop_punk",0.39
61512,"3HByTN1QYmooIl57NamMEW","Nogizaka46","制服のマネキン","制服のマネキン",21,263253,FALSE,0.967,-3.361,1,0.0834,0.153,0,0.363,0.509,130.03,4,17,"youth_pop_punk",0.84
61519,"5qGdjE6M7mx0rOFYIXstuv","Dempagumi.Inc","GOGO DEMPA","あした地球がこなごなになっても",21,248819,FALSE,0.852,-1.508,1,0.0355,0.0593,5.85e-06,0.114,0.795,130.021,4,17,"youth_pop_punk",0.44
61524,"0QDj02GbKvWBfa6dheB3Nm","Dempagumi.Inc","WWDBEST ~電波良好!~","バリ3共和国",21,279291,FALSE,0.963,-3.63,1,0.0587,0.00141,0.00958,0.0758,0.465,183.049,4,17,"youth_pop_punk",0.44
61537,"7qK092JIcSBjfRq5GITRVT","NMB48","難波愛~今、思うこと~ (通常盤)","虹の作り方/太田夢莉 薮下柊 渋谷凪咲 須藤凜々花 内木志",21,256208,FALSE,0.988,-2.333,1,0.204,0.182,8.16e-06,0.332,0.363,157.987,4,17,"youth_pop_punk",0.89
61545,"1zAMnpLTGbThEVwQNEmskc","Last Idol","ラストアルバム","好きで好きでしょうがない",20,287560,FALSE,0.945,-2.097,0,0.0405,0.149,0.000644,0.19,0.744,140.989,4,17,"youth_pop_punk",0.85
61549,"7mRrzmo68Eynma0IkpxMmZ","Shiritsu Ebisu Chugaku","エビ中 秋声と螻蛄と音楽の輝き 題して「ちゅうおん」2021(Live)","CITRUS - ちゅうおん2021 Live ver.",20,135666,FALSE,0.785,-5.024,0,0.0372,0.00255,0,0.325,0.462,82.052,4,17,"youth_pop_punk",0.7
61579,"2egMAIQ3dWhghLjmKYgwdX","BAND-MAID","Reincarnation","Reincarnation",21,207389,FALSE,0.995,-2.338,1,0.238,0.000257,0.00117,0.145,0.0826,94.939,4,17,"youth_pop_punk",0.65
61580,"3moTosVvAOoG3dJ6B1VGUV","MOSHIMO","圧倒的少女漫画ストーリー","圧倒的少女漫画ストーリー",21,252853,FALSE,0.919,-2.157,1,0.0449,0.0374,0.0956,0.207,0.627,174.126,4,17,"youth_pop_punk",0.71
61585,"0ACDXN4BKIWUK4b3DlFmbk","NMB48","Don't look back! (通常盤Type-B)","Don't look back!",20,264600,FALSE,0.971,-1.943,0,0.0613,0.112,7.47e-06,0.314,0.531,92.499,4,17,"youth_pop_punk",0.82
61587,"76rRQxQ4hoK2rltxpKKmwG","Tokyo Girls' Style","ノクターナル","ストロベリーフロート",20,259092,FALSE,0.836,-5.742,1,0.0366,0.497,2.15e-06,0.122,0.7,105.983,4,17,"youth_pop_punk",0.8
61591,"6FoZO2usXnmDWQm7Rn9ZJd","BiS","Re:STUPiD","ロミオの心臓",21,215520,FALSE,0.959,-2.314,1,0.0674,0.0119,0,0.129,0.58,142.067,4,17,"youth_pop_punk",0.71
61595,"7KowJz7RVWN1tS00c5YsK9","虹のコンキスタドール","RAINBOW SUMMER SHOWER","世界の中心で虹を叫んだサマー",20,251146,FALSE,0.984,-1.519,1,0.138,0.0402,0,0.334,0.733,97.488,4,17,"youth_pop_punk",0.8
61603,"4kNujQGCx2ytNLfYIEIcYP","BABYMETAL","METAL GALAXY","Kagerou",44,210679,FALSE,0.941,-2.326,1,0.077,3.1e-05,0.0168,0.409,0.282,97.498,4,17,"youth_pop_punk",0.51
61609,"5a1slI8RRS8VgAhm9lKCCb","Nogizaka46","それぞれの椅子","羽根の記憶",20,342386,FALSE,0.879,-3.491,1,0.041,0.588,0,0.157,0.593,134.972,4,17,"youth_pop_punk",0.66
61620,"0D8OapRaEnTSVKJIIf9sV5","AKB48","UZA<Type-A>【通常盤】","次のSeason(アンダーガールズ)",21,264706,FALSE,0.919,-4.926,1,0.0513,0.189,6.61e-06,0.31,0.507,97.469,4,17,"youth_pop_punk",0.61
61641,"2ir8rTwGhlfWzoT0bdGqpz","STU48","花は誰のもの? Special Edition","ポニーテールをほどいた君を見た",20,249746,FALSE,0.911,-1.862,0,0.0391,0.0611,0,0.282,0.802,156.003,4,17,"youth_pop_punk",0.74
61656,"6lQOiZyrgzEJbAmPVxSqsi","HKT48","12秒","12秒",20,225146,FALSE,0.958,-2.23,1,0.12,0.408,0.00107,0.309,0.621,160.086,4,17,"youth_pop_punk",0.79
61662,"3pgdPXkVTpbGqWIoyNPf19","AKB48","AKB48 15th Anniversary Single PLAYLIST I","Everyday、カチューシャ",22,313573,FALSE,0.976,-1.467,1,0.123,0.0202,0,0.101,0.216,172.512,4,17,"youth_pop_punk",0.77
61663,"3YCHot03twqlDyjvLxZnzk","Nogizaka46","ガールズルール TypeC","他の星から",20,249293,FALSE,0.91,-4.351,0,0.0358,0.0169,7.1e-06,0.283,0.794,130.986,4,17,"youth_pop_punk",0.75
61683,"1Te7nc43FVDg9bxbQvnvic","BiS","Hey boy hey girl","Hey boy hey girl",21,223155,FALSE,0.984,-2.154,1,0.0468,0.000625,0.232,0.167,0.781,150.129,4,17,"youth_pop_punk",0.43
61686,"5gfv8DHqBG3s4jvrwZu6sp","Dempagumi.Inc","愛が地球救うんさ!だってでんぱ組.incはファミリーでしょ","星降る引きこもりの夜",19,248073,FALSE,0.741,-5.956,0,0.0298,0.00214,3.91e-06,0.21,0.943,127.005,4,17,"youth_pop_punk",0.63
61695,"2oxrTGQcgdxdDX858E2yI4","Shiritsu Ebisu Chugaku","Major Debut 10th Anniversary Album 中吉","PLAYBACK",19,305666,FALSE,0.796,-3.325,1,0.0346,0.000668,0.00323,0.132,0.376,127.891,4,17,"youth_pop_punk",0.31
61705,"1S3kVsKQwalDEmLa5Rhehl","Akina Nakamori","ベスト・コレクション 〜ラブ・ソングス&ポップ・ソングス〜","Fin - 30th anniversary mix",20,250666,FALSE,0.898,-3.869,0,0.0362,0.319,9.57e-05,0.099,0.859,136.743,4,17,"youth_pop_punk",0.59
61708,"19aa9qVJValQqhyHPBGFhC","Momoiro Clover Z","白金の夜明け","イマジネーション",19,280333,FALSE,0.88,-3.299,1,0.0424,0.0914,0.0504,0.332,0.691,98.472,4,17,"youth_pop_punk",0.63
61717,"2IV2m9R3955STqhE8QBWyg","Chisato Moritaka","ザ・シングルス 1987-1992 (2012 Remaster)","オーバーヒート・ナイト - 2012 Remaster",19,296426,FALSE,0.887,-8.558,0,0.0364,0.0131,0.162,0.0655,0.623,120.392,4,17,"youth_pop_punk",0.71
61720,"1gnu4uI61C9Bs2Srv6YmNx","AKB48","神曲たち","飛べないアゲハチョウ",19,221973,FALSE,0.885,-5.62,1,0.0573,0.0367,0.0137,0.0903,0.617,106.471,4,17,"youth_pop_punk",0.59
61724,"2Ful19BUuXumlR9IhTYmq2","Seiko Matsuda","ユートピア","マイアミ午前5時(SEIKO STORY〜80's HITS COLLECTION〜)",20,300826,FALSE,0.722,-7.16,1,0.0296,0.404,0.00141,0.0696,0.808,129.651,4,17,"youth_pop_punk",0.6
61732,"1ydbIUvSJFkTMJRWPDVEaH","Dempagumi.Inc","DEMPARK!!!","衝動的S/K/S/D",19,241486,FALSE,0.988,-2.074,1,0.233,0.000153,0.0334,0.315,0.548,199.813,4,17,"youth_pop_punk",0.67
61734,"18H7btexD6h0VbYvP0gkIS","kamiyado","#前に進む唄","#前に進む唄",19,229035,FALSE,0.93,-1.781,1,0.0555,0.0383,4.25e-05,0.0911,0.509,88.756,4,17,"youth_pop_punk",0.74
61736,"78sIoJyk8hnx3BfXYx1FJq","Dempagumi.Inc","DEMPARK!!!","でんぱせいばぁ☆",19,184935,FALSE,0.936,-2.642,1,0.0787,0.0101,0.00213,0.0947,0.725,95.076,4,17,"youth_pop_punk",0.74
61741,"4N9ON3W1rPeBJJtToJjKRw","BiS","ANTi CONFORMiST SUPERSTAR","CURTAiN CALL",20,180306,FALSE,0.965,-0.885,1,0.0476,9.03e-05,0.537,0.421,0.264,94.983,4,17,"youth_pop_punk",0.71
61747,"1lMrT3iVxWLyo2gvZCt7LC","Shiritsu Ebisu Chugaku","MUSiC","シンガロン・シンガソン(MUSiC ver.)",19,278680,FALSE,0.926,-2.48,1,0.0973,0.00886,0,0.274,0.59,172.998,4,17,"youth_pop_punk",0.64
61758,"1aX8l8Nwh7WtzTNBvIXtdG","PASSEPIED","娑婆ラバ","つくり囃子",19,260213,FALSE,0.775,-2.185,1,0.038,0.00993,0.00185,0.305,0.422,136.154,4,17,"youth_pop_punk",0.61
61767,"6wOV58cGOT7CnTCmBVv2wM","SILENT SIREN","Silent Siren Selection","吉田さん",20,213000,FALSE,0.856,-4.836,1,0.0512,0.000363,8.28e-06,0.0649,0.76,94.968,4,17,"youth_pop_punk",0.27
61772,"60kmqqIstMxyLo45wxJDZG","Sakurako Ohara","HAPPY","Happy Days",19,252893,FALSE,0.962,-1.811,1,0.061,0.0142,0,0.217,0.824,170.015,4,17,"youth_pop_punk",0.56
61790,"5zagHEAxIgDzd0R02c8yba","Nogizaka46","今が思い出になるまで (Complete Edition)","Against",19,267973,FALSE,0.945,-2.683,0,0.0755,0.194,0,0.343,0.513,129.96,4,17,"youth_pop_punk",0.32
61802,"5hSPcIoXyAMn8qkhxi0dI6","Momoiro Clover Z;Funky Kato","吼えろ 2021","吼えろ 2021",18,261932,FALSE,0.867,-1.859,1,0.054,0.153,4.91e-06,0.145,0.686,134.013,4,17,"youth_pop_punk",0.52
61803,"15CdqNrK9W1JkfEVY6JTlE","Momoiro Clover Z","ZZ's Ⅱ","白い風 -ZZ ver.-",18,255532,FALSE,0.807,-2.135,1,0.041,0.0666,4.6e-06,0.114,0.346,163.905,4,17,"youth_pop_punk",0.63
61809,"2xzXpWyjUtLXAAlT9rif2c","Momoiro Clover Z","MOMOIRO CLOVER Z","GODSPEED",18,261760,FALSE,0.966,-2.38,0,0.0524,0.0131,0.0118,0.0661,0.482,164.02,4,17,"youth_pop_punk",0.48
61810,"3HddRwEQitMHE8mo8EyGr5","AKB48","恋人いない選手権 / 近いのに離れてる","近いのに離れてる",20,255680,FALSE,0.914,-4.275,1,0.0729,0.197,0,0.342,0.664,132.057,4,17,"youth_pop_punk",0.39
61815,"4CQIq3Qvdnm8f9TXXvFE0o","AKB48","AKB48 15th Anniversary Single PLAYLIST I","10年桜",19,255986,FALSE,0.974,-2.048,1,0.0729,0.0231,1.02e-05,0.0547,0.703,173.419,4,17,"youth_pop_punk",0.49
61817,"46R9bHkutjRNhwcKhmI4g2","SILENT SIREN","Silent Siren Selection","チャイナキッス",19,252666,FALSE,0.87,-4.806,0,0.0511,0.011,2.48e-06,0.124,0.787,180.026,4,17,"youth_pop_punk",0.63
61831,"02jMfG6HDgZu7PmCWD4DnT","Seiko Oomori","Kintsugi","堕教師",18,242626,FALSE,0.863,-1.742,1,0.0652,0.144,1.77e-06,0.0785,0.664,94.515,4,17,"youth_pop_punk",0.7
61845,"4uSP2P6XstviOb7pOqIhsT","Dempagumi.Inc","愛が地球救うんさ!だってでんぱ組.incはファミリーでしょ","愛が地球救うんさ!だってでんぱ組.incはファミリーでしょ",18,241381,FALSE,0.982,-2.4,0,0.138,0.00142,0.000152,0.815,0.782,107.478,4,17,"youth_pop_punk",0.44
61847,"2e7LBdeiidf0ZC5Qj52u0G","STU48","無謀な夢は覚めることがない【劇場盤】","奇跡という名のストーリー",19,242099,FALSE,0.826,-3.448,1,0.0421,0.0572,0,0.203,0.663,83.102,4,17,"youth_pop_punk",0.44
61865,"5RYjcbtkp6APbxKIrtCQhD","Sakurako Ohara","さよなら","everyday",18,258893,FALSE,0.653,-4.446,1,0.0234,0.222,0,0.0993,0.411,95.02,4,17,"youth_pop_punk",0.52
61876,"1Ar7WYAqNGHUQ9hvG1ALQs","Sakurako Ohara","サンキュー。","オレンジのハッピーハロウィン",19,207066,FALSE,0.886,-3.532,1,0.0323,0.263,0,0.0883,0.735,93.028,4,17,"youth_pop_punk",0.5
61883,"5FxNWxSCl6GVwtp3tnFqiR","AKB48","ここがロドスだ、ここで跳べ!<Type A>【初回限定盤】","ここがロドスだ、ここで跳べ! (東李苑、穴井千尋、生駒里奈、入山杏奈、加藤玲奈、児玉遥、篠崎彩奈、渋谷凪咲、白間美瑠、谷真理佳、福岡聖菜、二村春香、古畑奈和、村山彩希、森保まどか、矢倉楓子)",19,290426,FALSE,0.923,-3.402,1,0.0747,0.202,1.41e-05,0.224,0.302,153.894,4,17,"youth_pop_punk",0.75
61886,"57BWGN3CjOrgBCJd4KDWim","Wasuta","わーすたBEST","グレープフルーツムーン",18,287426,FALSE,0.96,-3.633,1,0.105,0.00533,0,0.154,0.477,182.012,4,17,"youth_pop_punk",0.53
61891,"5VCXMULY5uSbmV6RQelC5E","Shiritsu Ebisu Chugaku","エビ中 秋声と螻蛄と音楽の輝き 題して「ちゅうおん」2021(Live)","黒毛和牛上塩タン焼680円 - ちゅうおん2021 Live ver.",17,152266,FALSE,0.666,-5.573,1,0.0605,0.000565,0.000186,0.855,0.239,119.956,3,17,"youth_pop_punk",0.49
61902,"3FIUQy28lTrgATPKoFTUYA","Dream","犬夜叉 BEST ALBUM 主題歌集","My will - Original Mix",40,322600,FALSE,0.81,-3.623,1,0.0309,0.00835,3.51e-06,0.358,0.268,126.494,4,17,"youth_pop_punk",0.62
61909,"5kLh746jvgdUXJrdpO00Kt","Momoiro Clover Z","ZZ's","『Z』の誓い -ZZ ver.-",18,304133,FALSE,0.964,-2.493,1,0.0922,0.00249,0.0396,0.187,0.374,175.051,4,17,"youth_pop_punk",0.63
61910,"203tGBIlig6KHdfcNkYzcv","ノースリーブス","キリギリス人","キリギリス人",18,268200,FALSE,0.956,-2.706,0,0.0796,0.122,0,0.246,0.546,140.981,4,17,"youth_pop_punk",0.81
61917,"71X6px5dkT3YJced4x8OuG","Momoiro Clover Z","月色Chainon (ももいろクローバーZ盤)","月色Chainon ももいろクローバーZ ver.",17,264293,FALSE,0.89,-4.126,1,0.0505,0.00895,0,0.307,0.56,127.997,4,17,"youth_pop_punk",0.71
61919,"1qKnTCLdSXjHxSwfld09yv","Keyakizaka46","真っ白なものは汚したくなる (Complete Edition)","W-KEYAKIZAKAの詩",18,308293,FALSE,0.906,-4.121,1,0.0365,0.489,0,0.332,0.882,122.987,4,17,"youth_pop_punk",0.55
61925,"0N1GigJOndCZGlDSh1qImM","BiS","BiS DiVE into ROCKS","MAGIC",19,161120,FALSE,0.984,-0.861,1,0.116,0.0115,0.0729,0.2,0.356,197.941,4,17,"youth_pop_punk",0.55
61928,"42XheQzhWfX8Sc6VXvm25G","Team Syachihoko","ひまつぶし","抱きしめてアンセム",19,267959,FALSE,0.964,-1.376,0,0.109,0.0109,7.81e-05,0.307,0.468,193.067,4,17,"youth_pop_punk",0.79
61940,"6wkK6fbl1vNpdTbigZjG2v","Nogizaka46","今が思い出になるまで (Complete Edition)","トキトキメキメキ",18,240826,FALSE,0.964,-3.487,0,0.0801,0.0331,0,0.221,0.74,145.061,4,17,"youth_pop_punk",0.45
61945,"2YBqysDEhbZclwlmjFIJie","NMB48","ワロタピーポー (通常盤Type-D)","Which one/吉田朱里 太田夢莉 渋谷凪咲 村瀬紗英 植村梓",17,253587,FALSE,0.786,-3.428,1,0.0401,0.0548,0,0.443,0.61,130.866,4,17,"youth_pop_punk",0.64
61955,"2ZSaFJce7lMuLOQEKaKVoc","AKB48","ジワるDAYS Type C","ジワるDAYS",18,293813,FALSE,0.898,-1.34,1,0.0434,0.318,0,0.367,0.46,172.959,4,17,"youth_pop_punk",0.72
61957,"78VavvRPqerpCiXI1AqUrt","BABYMETAL","BABYMETAL","Doki Doki ☆ Morning",44,225651,FALSE,0.97,-0.986,1,0.0859,0.00619,1.04e-05,0.0977,0.601,83.007,4,17,"youth_pop_punk",0.68
61961,"48cTaBnNtb3vJfWc5TxQQz","Akina Nakamori","中森明菜シングルス27 1982-1991","ジプシー・クイーン",18,267200,FALSE,0.642,-9.454,0,0.0346,0.624,0.00595,0.398,0.584,116.036,4,17,"youth_pop_punk",0.32
61968,"20QM37KP4KxG5H8MbGK3ju","AKB48","軽蔑していた愛情","軽蔑していた愛情",18,258146,FALSE,0.832,-5.173,0,0.0508,0.00394,0,0.0799,0.822,118.626,4,17,"youth_pop_punk",0.59
61973,"0b60pJt8WY8mMfVzsCwfz4","PASSEPIED","もののけだもの","もののけだもの",18,195100,FALSE,0.798,-4.57,0,0.231,0.284,4.86e-06,0.069,0.766,183.992,4,17,"youth_pop_punk",0.36
61979,"6pArG37G17mn5yBeDepzml","Dempagumi.Inc","プリンセスでんぱパワー!シャインオン!/千秋万歳!電波一座!","千秋万歳!電波一座!",17,291460,FALSE,0.99,-2.858,1,0.218,0.00581,0,0.123,0.734,168.097,4,17,"youth_pop_punk",0.67
61980,"3gTRZBEXf6hhoaGXZtHgrF","ELFENSJóN","ASH OF ROUGE SIDE ASTRAL","PHANTOM",18,230040,FALSE,0.861,-2.604,0,0.0341,0.000394,0,0.225,0.583,109.535,4,17,"youth_pop_punk",0.69
61985,"7uub2vnuF8aAjh2UZBlWoh","Dempagumi.Inc","WWDBEST ~電波良好!~","おつかれサマー!",17,272016,FALSE,0.981,-1.571,1,0.172,0.00472,4.98e-06,0.372,0.708,155.978,4,17,"youth_pop_punk",0.66
62002,"0o9zmvc5f3EFApU52PPIyW","Fujii Kaze","HELP EVER HURT NEVER","Shinunoga E-Wa",85,185573,FALSE,0.76,-6.124,0,0.0452,0.166,4.09e-05,0.189,0.519,158.078,4,16,"alt_punk_rock",0.44
62018,"1rj9l40X83Ju0I0hdCjOL1","Michael Bublé","Christmas Time","Holly Jolly Christmas",2,119786,FALSE,0.466,-8.308,1,0.0428,0.865,0,0.0882,0.699,151.251,4,16,"alt_punk_rock",0.72
62022,"2A5eNt3Iso3DUkXuLvS6iB","Michael Bublé","Christmas Music - Holiday Hits","It's Beginning to Look a Lot Like Christmas",0,206346,FALSE,0.232,-11.042,1,0.0334,0.908,8.89e-06,0.292,0.381,93.391,3,16,"alt_punk_rock",0.61
62047,"0dDiL61IhX9p8e5hjsuiK7","Norah Jones","All I Want For Christmas Is You","It's Not Christmas 'Til You Come Home - Recorded At Spotify Studios NYC",0,192420,FALSE,0.068,-20.033,1,0.0315,0.892,0.00216,0.105,0.262,93.777,3,16,"alt_punk_rock",0.6
62048,"1xUuWDvTOwwhaj8CCLunhs","Norah Jones","Lonely Christmas 2022","It's Not Christmas 'Til You Come Home - Recorded At Spotify Studios NYC",0,192420,FALSE,0.068,-20.033,1,0.0315,0.892,0.00216,0.105,0.262,93.777,3,16,"alt_punk_rock",0.71
62053,"429MLoev9mkgxvv3CJe0co","Norah Jones","Christmas 2022","I Dream Of Christmas",0,203906,FALSE,0.71,-6.215,1,0.0398,0.15,0.285,0.171,0.376,107.566,4,16,"alt_punk_rock",0.66
62054,"5uNnGViAuZIkoUhVwmFWlr","Norah Jones","Coffee Break","Shoot The Moon",1,237173,FALSE,0.265,-12.436,1,0.027,0.903,0.00152,0.094,0.425,74.031,4,16,"alt_punk_rock",0.66
62058,"5lCZRY69UnWKdApn7kmpfG","Norah Jones","Christmas 2022","Wintertime",0,228234,FALSE,0.205,-12.519,1,0.0457,0.84,0.0213,0.114,0.207,183.468,4,16,"alt_punk_rock",0.71
62069,"6Nn4pKqCL0m9bWQL2zdXf8","Norah Jones","Rock Christmas 2022 - The Very Best Of","Christmas Don't Be Late",0,160293,FALSE,0.356,-6.953,1,0.03,0.708,7.76e-05,0.108,0.265,66.377,4,16,"alt_punk_rock",0.65
62094,"7bdROC1GostP0gWqEP8P2h","Norah Jones","Christmas Dinner","It's Not Christmas 'Til You Come Home - Recorded At Spotify Studios NYC",0,192420,FALSE,0.068,-20.033,1,0.0315,0.892,0.00216,0.105,0.262,93.777,3,16,"alt_punk_rock",0.79
62095,"01yZpKoKFXSzX2vQNYgvgy","Norah Jones","Alternative Christmas 2022","It's Not Christmas 'Til You Come Home - Recorded At Spotify Studios NYC",0,192420,FALSE,0.068,-20.033,1,0.0315,0.892,0.00216,0.105,0.262,93.777,3,16,"alt_punk_rock",0.79
62102,"5SuOikwiRyPMVoIQDJUgSV","Gen Hoshino","Comedy","Comedy",73,230666,FALSE,0.461,-6.746,0,0.143,0.0322,1.01e-06,0.358,0.715,87.917,4,16,"alt_punk_rock",0.81
62104,"364JzOajs76bJymjHm3sVY","Kenshi Yonezu","BOOTLEG","ピースサイン",71,238533,FALSE,0.935,-3.853,0,0.0684,0.00221,0,0.315,0.618,100.003,4,16,"alt_punk_rock",0.75
62126,"38kcwx5znepLWCIBID0Bwm","THE ORAL CIGARETTES","FIXION","Kyouran Hey Kids!!",69,250973,FALSE,0.981,-1.82,1,0.111,0.00318,0.00161,0.187,0.781,142.016,4,16,"alt_punk_rock",0.67
62131,"5xwwmM6GAnIBjwZ1okqzFv","Fetty Wap;Remy Boyz","Rap Party","679",0,196693,TRUE,0.717,-5.737,1,0.318,0.00256,0,0.625,0.603,190.046,4,16,"alt_punk_rock",0.76
62137,"0uxHbPAoAGTKvFWjEC5Xf0","ZUTOMAYO","J-Pop 輕旅行","ミラーチューン",1,249273,FALSE,0.933,-2.383,0,0.0863,0.357,0,0.353,0.895,127.965,4,16,"alt_punk_rock",0.84
62150,"7FpABRyv5TaZz0llkhjPgc","Yoh kamiyama","色香水","色香水",59,250792,FALSE,0.857,-5.272,1,0.0271,0.0686,7.93e-05,0.256,0.698,147.974,4,16,"alt_punk_rock",0.68
62165,"7CZKnz9mEt8Z638tyY5cKL","Monkey Majik","Eden","Eden",54,271520,FALSE,0.752,-5.212,1,0.0267,0.159,0,0.363,0.462,84.033,4,16,"alt_punk_rock",0.69
62166,"2cE5PbW9PhPmnyETXqH3VE","RADWIMPS;Toko Miura","Weathering With You","Grand Escape (Movie Edit) [feat. Toko Miura]",56,188066,FALSE,0.423,-9.161,1,0.0369,0.486,0.00118,0.137,0.546,146.061,4,16,"alt_punk_rock",0.59
62169,"4OQq1bcP12GQQXJNupxqfR","YUI","HOLIDAYS IN THE SUN","again",66,254346,FALSE,0.83,-3.836,0,0.0379,0.046,0,0.361,0.494,139.922,4,16,"alt_punk_rock",0.61
62178,"6CRX3ENpLq42r0iBSjOqr1","RADWIMPS;Toko Miura","Weathering With You -Complete Version-","Grand Escape (feat. Toko Miura)",58,339160,FALSE,0.534,-7.414,1,0.0356,0.243,8.28e-05,0.116,0.4,146.033,4,16,"alt_punk_rock",0.63
62187,"21nOSbeaQQbKDmqQWL9pZN","Novelbright","J-Pop 輕旅行","愛とか恋とか",8,232453,FALSE,0.556,-5.089,1,0.0364,0.698,0,0.0991,0.404,89.987,4,16,"alt_punk_rock",0.58
62190,"04B5IZrty8x9dPrP3eEL05","Gregory Porter","Un tecito y a mimir","If Love Is Overrated",0,353723,FALSE,0.338,-9.8,1,0.0294,0.699,1.71e-05,0.101,0.314,77.497,4,16,"alt_punk_rock",0.57
62192,"31B167urAhDwzI4IVmeUcL","Diana Krall;Clayton-Hamilton Jazz Orchestra","Pop Fun and Christmas Music 2022","Let It Snow",0,241240,FALSE,0.486,-6.8,1,0.0784,0.345,0,0.0855,0.562,148.372,4,16,"alt_punk_rock",0.68
62229,"5SEcSx7GCPT6G5AYZykRil","Jamie Cullum","JULMYS","It's Christmas",0,194706,FALSE,0.447,-7.932,1,0.0404,0.224,0,0.0704,0.365,123.855,4,16,"alt_punk_rock",0.63
62233,"6qRNOBXVif5DFjX4ah7pma","Jamie Cullum;Michel Legrand","Christmas Songs 2022","Let It Snow",1,198320,FALSE,0.644,-5.024,1,0.0428,0.364,0,0.127,0.733,124.82,4,16,"alt_punk_rock",0.57
62234,"1nAqLID4ZQTgDx4mkL4Ikt","Jamie Cullum","A Merry Modern Christmas","All I Want For Christmas Is You",1,253388,FALSE,0.274,-11.686,0,0.186,0.694,0,0.148,0.479,127.862,4,16,"alt_punk_rock",0.59
62235,"5N7TL8pWAyblwk9B4rLFyQ","Jamie Cullum","Best Christmas Songs 2022","It's Christmas",0,194706,FALSE,0.447,-7.932,1,0.0404,0.224,0,0.0704,0.365,123.855,4,16,"alt_punk_rock",0.77
62236,"0u8vLdKjqe63Lrs8bTw6ka","Reginaldo Rossi","20 Super Sucessos, Vol. 3","A Raposa e as Uvas",48,226561,FALSE,0.619,-7.313,1,0.0431,0.419,0,0.651,0.874,130.063,4,16,"alt_punk_rock",0.63
62251,"6MKOd8KDFzwpu8Vz6ccZU5","ORANGE RANGE","*〜アスタリスク〜","*〜アスタリスク〜",61,255906,FALSE,0.931,-3.983,1,0.0408,0.026,0.000211,0.312,0.677,127.988,4,16,"alt_punk_rock",0.69
62282,"1w0hboEMff54kez5XXyRNP","ONE OK ROCK","Ambitions","One Way Ticket",54,216933,FALSE,0.745,-4.781,1,0.0319,0.467,0.00122,0.0692,0.528,97.963,4,16,"alt_punk_rock",0.86
62292,"3rGol3Ivk8X9fvzKL0U8ih","Jamie Cullum","Rockin' Around The Christmas Tree 2022","Show Me The Magic",0,150412,FALSE,0.489,-5.594,0,0.04,0.238,0,0.29,0.543,123.573,4,16,"alt_punk_rock",0.53
62305,"4BE1OloRc9xwjyqA4wFFuN","YOASOBI","あの夢をなぞって","あの夢をなぞって",65,242666,FALSE,0.793,-3.446,1,0.04,0.217,0.000361,0.143,0.73,180.029,4,16,"alt_punk_rock",0.47
62306,"44ljoaRrogXke0S4U8iekW","BURNOUT SYNDROMES","FLY HIGH!!","FLY HIGH!!",51,246000,FALSE,0.964,-1.48,1,0.0739,0.0139,0,0.326,0.345,94.573,4,16,"alt_punk_rock",0.58
62323,"2CbGuO0LtVvbh3umN3mDwM","Fujii Kaze","HELP EVER HURT NEVER","Nan-Nan",56,320640,FALSE,0.729,-7.113,1,0.221,0.394,0.000156,0.144,0.692,180.065,4,16,"alt_punk_rock",0.81
62331,"0THcY95QscSs9NlATIgoMI","Mr.Children","シフクノオト","Any",43,306133,FALSE,0.643,-5.528,1,0.0299,0.12,0,0.0892,0.502,114.883,4,16,"alt_punk_rock",0.69
62340,"57sk9X1fPLXRfkw74XNrmK","ONE OK ROCK","Ambitions","We Are",60,255400,FALSE,0.834,-5.375,1,0.054,0.0651,0,0.115,0.333,147.982,4,16,"alt_punk_rock",0.69
62353,"1yt4wO7dKCwsfjch8SN9aU","Sayuri","花の塔","花の塔",67,275614,FALSE,0.948,-1.59,1,0.122,0.0242,0.0286,0.137,0.507,170.015,4,16,"alt_punk_rock",0.66
62365,"2aWtTHMBKdd6NfKT2GMfiK","Ikimonogakari","超いきものばかり〜てんねん記念メンバーズBESTセレクション〜","ブルーバード",50,217013,FALSE,0.966,-2.929,0,0.0558,0.121,0,0.0477,0.849,152.076,4,16,"alt_punk_rock",0.57
62367,"7cPYSzsrl6imQkzeO1HZ9b","eill","Palette","Koko de Iki wo Shite",53,215984,FALSE,0.747,-2.812,0,0.0574,0.0772,0,0.145,0.811,107.029,4,16,"alt_punk_rock",0.65
62374,"1mV4Ti0I8kZF3Dd72qPEW5","D-51","Mitsuyoko Ichimura (Standard Edition)","Brand New World",57,258440,FALSE,0.98,-4.368,1,0.151,0.00131,1.4e-06,0.436,0.65,160.1,4,16,"alt_punk_rock",0.68
62377,"2rYiDn8FjwBnBPtZDP8to3","FUNKIST","Tv Anime ""Fairy Tail"" Op & Ed Theme Songs Vol. 1","Snow Fairy",58,216626,FALSE,0.846,-4.211,0,0.0473,0.000232,0,0.161,0.561,105.983,4,16,"alt_punk_rock",0.74
62391,"0iujTWTgmqgrc6bXxVu9aC","BOØWY","BOφWY","BAD FEELING",41,268933,FALSE,0.966,-7.638,1,0.0617,0.000226,0.0529,0.0819,0.571,132.899,4,16,"alt_punk_rock",0.71
62394,"7ufTy8pvHYGo2BDRKKQc0E","PornoGraffitti","PORNOGRAFFITTI 15th Anniversary “ALL TIME SINGLES”","サウダージ",41,261920,FALSE,0.956,-4.17,0,0.0881,0.0438,0,0.323,0.638,120.028,4,16,"alt_punk_rock",0.57
62411,"02CygBCQOIyEuhNZqHHcNx","Tom Misch;De La Soul","Geography","It Runs Through Me",68,261881,FALSE,0.607,-11.028,0,0.289,0.205,0.000748,0.246,0.274,96.916,4,16,"alt_punk_rock",0.64
62430,"4LBeEalws5w5e20pGU0r1V","サザンオールスターズ","愛と欲望の日々/LONELY WOMAN","愛と欲望の日々",40,266600,FALSE,0.907,-3.473,0,0.0319,0.00895,0,0.153,0.764,123.93,4,16,"alt_punk_rock",0.67
62434,"5S5ZTjnFetvswBSsz1IyCn","Mr.Children","DISCOVERY","光の射す方へ",40,409226,FALSE,0.754,-9.054,0,0.033,0.0168,7.03e-05,0.362,0.871,117.917,4,16,"alt_punk_rock",0.66
62435,"1l6fmXCPtTpJrKpYBe9bBw","ONE OK ROCK","Luxury Disease","Let Me Let You Go",60,180211,FALSE,0.831,-3.696,1,0.0609,0.00804,0,0.0975,0.741,96.091,4,16,"alt_punk_rock",0.76
62436,"4kUiK1qK8GW49u5wmmjhuC","Mr.Children","Versus","Replay",40,269600,FALSE,0.717,-8.476,1,0.0288,0.109,0,0.17,0.608,118.205,4,16,"alt_punk_rock",0.69
62474,"5e2c0iKOJju9ESAjpFDiwG","Mr.Children","Q","ロードムービー",39,254733,FALSE,0.69,-8.114,1,0.0271,0.0559,3.59e-05,0.128,0.741,115.008,4,16,"alt_punk_rock",0.4
62475,"0lH6ZqVr2a695QXr8jaAwz","サザンオールスターズ","綺麗","そんなヒロシに騙されて",40,192198,FALSE,0.872,-6.074,0,0.029,0.092,0.145,0.343,0.828,137.007,4,16,"alt_punk_rock",0.59
62479,"6zOuo4SQK5i50W7IqM3xFW","サザンオールスターズ","ピースとハイライト","ピースとハイライト",39,273303,FALSE,0.915,-3.322,1,0.0353,0.136,0,0.0962,0.654,139.11,4,16,"alt_punk_rock",0.57
62484,"2Tv4NhYavSni05V7IIT17w","My Hair is Bad","boys","芝居",40,364453,FALSE,0.526,-5.781,1,0.0284,0.00526,0,0.0995,0.394,78.971,4,16,"alt_punk_rock",0.62
62488,"0Y9EKPArIZ2DKUMv4O2BLT","Mr.Children","It's a wonderful world","ファスナー",39,290800,FALSE,0.57,-8.557,1,0.0286,0.342,3.12e-06,0.118,0.453,116.76,4,16,"alt_punk_rock",0.77
62498,"4qxInLVzSSRdV5ARt81xRI","Alice Babs;Titti","Sjung med oss mamma","Tula hem och tula vall",41,135840,FALSE,0.038,-19.058,1,0.0427,0.968,0,0.106,0.288,88.028,1,16,"alt_punk_rock",0.73
62499,"5sLrsH9u2lsp3PPZPV3Szy","Vince Guaraldi;Lee Mendelson;Vince Guaraldi Trio","Weihnachten Klassik 2022","Christmas Time Is Here - Instrumental",0,366213,FALSE,0.116,-18.397,1,0.0331,0.966,0.648,0.138,0.0861,74.923,3,16,"alt_punk_rock",0.65
62503,"65lzU29K7uXLHxJNI70d4Z","Cö Shu Nie","give it back","give it back",48,214880,FALSE,0.581,-5.922,1,0.047,0.471,0,0.0509,0.351,100.033,4,16,"alt_punk_rock",0.69
62523,"0xSqHQ5wv80hNkpU50vPc7","Anthony Lazaro","Strangers in Disguise","Gravity",51,149285,FALSE,0.14,-18.628,1,0.0594,0.922,0.000531,0.129,0.314,60.307,4,16,"alt_punk_rock",0.62
62524,"29VVYrV5TVpGu0IfoTXlcw","ONE OK ROCK","Renegades","Renegades",55,244538,FALSE,0.857,-4.254,0,0.0614,0.000849,0.000151,0.152,0.332,153.943,4,16,"alt_punk_rock",0.66
62531,"6ECA4muVp3hMB6jSYQNohb","MALIQ & D'Essentials","Free Your Mind","Heaven",41,215746,FALSE,0.636,-7.152,0,0.0672,0.847,0.00731,0.381,0.852,95.088,4,16,"alt_punk_rock",0.7
62533,"0e97YxvNd0lumnc2PeavJq","Mr.Children","B-SIDE","旅人",38,199013,FALSE,0.925,-5.373,1,0.0454,0.00113,0,0.352,0.612,147.097,4,16,"alt_punk_rock",0.67
62538,"3KYTK0Gy0KmjbWQMfPvBZT","Didi Kempot","Kasmaran","Dalan Anyar",40,252680,FALSE,0.567,-8.933,1,0.027,0.673,0.117,0.103,0.618,135.037,4,16,"alt_punk_rock",0.6
62541,"0EaHW2BpzOP4P06FqUwkqL","İlhan İrem","Dünden Yarına","Yazık Oldu Yarınlara",40,248200,FALSE,0.555,-12.872,0,0.0328,0.332,0.255,0.258,0.691,107.352,4,16,"alt_punk_rock",0.54
62549,"1t9HNvBOX5nhC9zakjRpyD","Reginaldo Rossi","Cheio De Amor","Quando Você Foi Embora",41,182493,FALSE,0.881,-5.647,1,0.0467,0.138,0,0.314,0.772,127.292,4,16,"alt_punk_rock",0.59
62555,"2fP2NoqPvzIVyAgSa1gIqJ","Nana Mizuki","ダブルシャッフル","ダブルシャッフル",49,209000,FALSE,0.928,-3.811,0,0.058,0.00989,0,0.0773,0.53,119.96,4,16,"alt_punk_rock",0.65
62558,"6xUBXdVdzs50AvqARndD1A","FLOW","COLORS","COLORS -CODE GEASS OPENING MIX-",53,93786,FALSE,0.815,-5.414,1,0.0369,0.0482,0,0.122,0.638,136.072,4,16,"alt_punk_rock",0.66
62566,"1JLi1LOHt6dDTiMrwejsd1","GReeeeN","愛し君へ","愛し君へ",38,257853,FALSE,0.823,-2.909,1,0.0551,0.226,0,0.369,0.548,158.124,4,16,"alt_punk_rock",0.72
62568,"5bXJfMyZrhi9Yvo4GR2HfQ","サザンオールスターズ","ステレオ太陽族","Hello My Love",38,238173,FALSE,0.865,-6.97,1,0.0605,0.244,0,0.31,0.609,96.737,4,16,"alt_punk_rock",0.39
62593,"59fXitI8pGevOkd4VeZrGr","neguse.","「ハッピーな暮らし」","恋夜",39,249603,FALSE,0.839,-4.218,1,0.0732,0.0043,0,0.361,0.619,186.796,4,16,"alt_punk_rock",0.61
62603,"1QkEUbGSlp70DYNFcxcxYI","須田景凪","Billow","veil",58,209636,FALSE,0.873,-4.401,0,0.0544,0.0281,0,0.185,0.797,150.054,4,16,"alt_punk_rock",0.77
62606,"4SupI9OXg3hwrymR85hkhL","TK from Ling tosite sigure","Signal","Signal",49,319800,FALSE,0.91,-2.547,0,0.0643,0.00173,2.99e-05,0.122,0.303,83.408,4,16,"alt_punk_rock",0.41
62628,"5nSdJRpyM8OkYOVGa5rlsw","Mr.Children","I LOVE U","靴ひも",37,262373,FALSE,0.824,-5.616,1,0.026,0.0401,0,0.12,0.475,122.014,4,16,"alt_punk_rock",0.73
62638,"79yMmNgP845r5rhkJHI3jp","AI","THE BEST (DELUXE EDITION)","みんながみんな英雄 - フルバージョン",38,181600,FALSE,0.78,-3.739,1,0.0401,0.484,0,0.103,0.668,117.017,4,16,"alt_punk_rock",0.62
62643,"2w2MXZEONSMh1HzOUpuqIx","go!go!vanillas","Kameleon Lights","バイリンガール",37,293200,FALSE,0.923,-3.462,1,0.109,4e-04,0,0.338,0.682,178.053,4,16,"alt_punk_rock",0.55
62646,"2G5DsZwbmMUZysqozAF8NA","Decada Explosiva","A Explosao Da Jovem Guarda","Só Eu E Você (There's A Kind Of Hush)",38,147066,FALSE,0.676,-7.117,1,0.0317,0.333,0,0.34,0.604,131.44,4,16,"alt_punk_rock",0.83
62665,"4NaaF28BeO9WzjDrSS71Nz","Mrs. GREEN APPLE","ダンスホール","ダンスホール",77,203149,FALSE,0.695,-3.87,1,0.0468,0.0209,0,0.0517,0.784,109.976,4,16,"alt_punk_rock",0.83
62669,"5SIvk89WNJKsl02ojARSYh","Aimer","DAWN","LAST STARDUST",56,318666,FALSE,0.845,-5.13,0,0.0455,0.0105,2.87e-05,0.13,0.223,121.963,3,16,"alt_punk_rock",0.83
62671,"5uVR5LH8P3u8y3tDV2R4gl","サザンオールスターズ","世に万葉の花が咲くなり","君だけに夢をもう一度",37,297403,FALSE,0.883,-4.361,1,0.0812,0.359,2.08e-06,0.312,0.61,133.147,4,16,"alt_punk_rock",0.72
62696,"4oOD9dL7rtVz2s83UBElEG","Erasmo Carlos;Marisa Monte","50 Anos de Estrada (Ao Vivo no Theatro Municipal)","Mais um na Multidão - Ao Vivo",40,241866,FALSE,0.538,-8.458,1,0.0313,0.244,1e-04,0.674,0.222,91.423,4,16,"alt_punk_rock",0.73
62708,"0v1vufjir4OE4iRckLMoLd","YUZU","Shinsekai","Hyouriittai",52,336619,FALSE,0.891,-3.626,0,0.138,0.325,0,0.287,0.333,159.888,4,16,"alt_punk_rock",0.74
62710,"5TwVwAlOcrMV0VMp0PgZzq","サザンオールスターズ","さよならベイビー","さよならベイビー",36,295700,FALSE,0.726,-6.942,0,0.024,0.27,0.000655,0.117,0.814,98.583,4,16,"alt_punk_rock",0.63
62723,"0ZvD5T4M5xR09faA7WZpwS","サザンオールスターズ","さくら","素敵な夢を叶えましょう",37,309200,FALSE,0.364,-9.854,1,0.0318,0.816,1.59e-05,0.121,0.225,119.653,4,16,"alt_punk_rock",0.7
62735,"5xWxnLpw8ooMW1nJwY2hui","KIRINJI","J-Pop 輕旅行","時間がない",0,284160,FALSE,0.675,-9.154,0,0.0366,0.124,0.0121,0.102,0.68,126.033,4,16,"alt_punk_rock",0.64
62742,"05NYcsjJwOYq4jIiKPVj9p","The Black Crowes","Shake Your Money Maker","Hard To Handle",72,188066,FALSE,0.79,-3.58,1,0.043,0.00257,0.00181,0.312,0.961,103.783,4,16,"alt_punk_rock",0.6
62744,"4QkKRtOPA0mU55JoyVqtQV","Sertab Erener","İyiliğe Ninniler","Çamlıbelden Çıktım Yayan",38,172013,FALSE,0.248,-11.826,0,0.0311,0.977,4.77e-06,0.102,0.433,75.136,4,16,"alt_punk_rock",0.84
62748,"408bvXQ6HK3nFh1OYFPyA0","Marie Fredriksson","Het Vind","Rickie Lee",38,148626,FALSE,0.916,-3.144,1,0.0278,0.26,0,0.253,0.892,126.533,4,16,"alt_punk_rock",0.72
62749,"7xyl9nogYJsmt7Wfu4GXFc","Reginaldo Rossi","Reginaldo Rossi","Leviana",39,231893,FALSE,0.719,-7.509,0,0.031,0.554,0,0.259,0.78,140.228,4,16,"alt_punk_rock",0.71
62750,"2LZ9iobmtiQa52mZMIebuH","SID","dead stock","レイン",55,255533,FALSE,0.795,-4.905,0,0.0293,0.0286,0,0.122,0.666,94.964,4,16,"alt_punk_rock",0.98
62758,"1fRadkuwHEqwMuiY5ns15C","Tokyo Machine","PLAY","PLAY",56,183949,FALSE,0.934,-2.15,0,0.164,0.00207,0.0964,0.323,0.617,128.096,4,16,"alt_punk_rock",0.66
62773,"6CgHT157NTPpgLLCGsnayS","Yumi Matsutoya","acacia [アケイシャ]","acacia [アカシア]",36,254333,FALSE,0.539,-10.145,1,0.0283,0.117,0.00271,0.686,0.445,149.812,4,16,"alt_punk_rock",0.57
62774,"4EhkMUdkAVAsfsjbWU6PPr","The Bangles","Different Light","Manic Monday",46,184173,FALSE,0.571,-11.623,1,0.0299,0.335,2.38e-06,0.214,0.869,121.737,4,16,"alt_punk_rock",0.76
62784,"2xc6H7lIlHV4vjGtxBV3do","CHIAKI SATO","J-Pop 輕旅行","Summer Gate",0,311666,FALSE,0.658,-7.728,1,0.042,0.418,0.0187,0.104,0.733,91.992,4,16,"alt_punk_rock",0.44
62785,"5oZ0VS1ppSqmHywxgfjo4j","PornoGraffitti","WORLDILLIA","Mugen",36,254426,FALSE,0.952,-5.091,0,0.0462,0.0934,0,0.276,0.899,94.909,4,16,"alt_punk_rock",0.78
62791,"0n9lAjWZ9NLd1ZuAC6qa4k","Gregory Porter;Kem","Heartbreak Songs","Holding On",37,256387,FALSE,0.35,-7.873,1,0.0776,0.148,3.28e-05,0.0696,0.124,195.72,4,16,"alt_punk_rock",0.72
62798,"5BrshJ5JeA1tX9e9AgFfKq","Paulo Sérgio","Sucessos Inesquecíveis","Quero Ver Você Feliz",38,235827,FALSE,0.456,-9.374,1,0.0281,0.416,0,0.0858,0.692,97.083,4,16,"alt_punk_rock",0.49
62813,"481beimUiUnMUzSbOAFcUT","SUPER BEAVER","突破口 / 自慢になりたい","突破口",54,255080,FALSE,0.994,-1.786,1,0.114,0.0259,0,0.0535,0.262,103.512,4,16,"alt_punk_rock",0.69
62814,"0ViUlnRMrbmuzGyqWbJc0j","KOBUKURO","時の足音","時の足音",36,330013,FALSE,0.485,-6.313,0,0.0243,0.5,0,0.148,0.425,81.522,4,16,"alt_punk_rock",0.69
62822,"5AkV53fo1u01mi8r22JNeF","Ardhito Pramono;Aurélie","I Just Couldn't Save You Tonight (feat. Aurélie) [Story of Kale - Original Motion Picture Soundtrack]","I Just Couldn't Save You Tonight (feat. Aurélie) - Story of Kale - Original Motion Picture Soundtrack",71,219600,FALSE,0.322,-9.831,1,0.0398,0.851,1.02e-06,0.108,0.152,85.064,4,16,"alt_punk_rock",0.68
62823,"4hdbEoLWOXIxhVKI5Kj3tx","Yumi Matsutoya","A GIRL IN SUMMER","海に来て",36,290160,FALSE,0.714,-10.219,1,0.0354,0.206,0.00102,0.332,0.585,104.185,4,16,"alt_punk_rock",0.83
62825,"3nRT5DZvVGnf9ElzQNbJ17","HOTEI","STILL ALIVE","STILL ALIVE",36,250440,FALSE,0.988,-2.888,1,0.074,0.00504,0.00166,0.313,0.665,171.981,4,16,"alt_punk_rock",0.87
62826,"5hQll2t2rfpVARhVjDVOYJ","frederic","oddloop","Oddloop",57,255293,FALSE,0.899,-3.937,0,0.0572,0.0034,8.1e-05,0.223,0.74,171.832,4,16,"alt_punk_rock",0.87
62832,"1naVD19eofGpFf6wosmHIe","Perry Como","It's Impossible","And I Love You So",57,197626,FALSE,0.22,-17.47,1,0.0261,0.878,0.651,0.125,0.268,90.267,4,16,"alt_punk_rock",0.75
62834,"6mkGCXSlkS9UId33ZC9VfS","TUBE","BEST of TUBEst ~All Time Best~","夏を待ちきれなくて",36,275666,FALSE,0.859,-4.965,0,0.0399,0.0892,0,0.0629,0.456,120.001,4,16,"alt_punk_rock",0.63
62836,"1Xrf5BJyUPBhGubo9VJiGS","My Hair is Bad","mothers","熱狂を終え",36,216533,FALSE,0.97,-3.698,1,0.132,0.0107,0,0.427,0.682,196.863,4,16,"alt_punk_rock",0.76
62850,"722KsbM8nAmtP9quY41MO1","indigo la End","Crying End Roll","想いきり",54,197040,FALSE,0.897,-2.989,1,0.0403,0.000206,0.253,0.351,0.802,159.988,4,16,"alt_punk_rock",0.79
62854,"12ZIRTS8x9RBgasDg3q27J","AmPm;みゆな","プリズム","プリズム",48,238666,FALSE,0.538,-7.059,1,0.0318,0.0871,0,0.0952,0.238,98.012,4,16,"alt_punk_rock",0.7
62860,"7uSLJCDetmdm3tQcoYLyty","Fujii Kaze","LOVE ALL SERVE ALL","旅路",61,277026,FALSE,0.564,-6.752,1,0.0792,0.126,3.01e-06,0.0787,0.714,172.025,4,16,"alt_punk_rock",0.88
62862,"43qIVkhox6QU979YJHCW3E","B'z","SURVIVE","FIREBALL",36,252502,FALSE,0.926,-4.457,1,0.114,0.194,0,0.0837,0.509,98.049,4,16,"alt_punk_rock",0.57
62871,"3HKENICtez4Mz0tnUqpFIP","Michael Bublé","It's Time","Save the Last Dance for Me",57,218613,FALSE,0.45,-9.121,1,0.0354,0.288,0,0.0538,0.807,133.952,4,16,"alt_punk_rock",0.6
62888,"2KXN1Ms7rkb92cEswuDeMH","DREAMS COME TRUE","THE LOVE ROCKS","JET!!!",35,296293,FALSE,0.812,-5.027,1,0.038,0.0122,0,0.0768,0.529,119.625,4,16,"alt_punk_rock",0.61
62890,"0mR71znbALcPjJUJXZfgHs","Didi Kempot","The Best of Didi Kempot","Cidro Janji",37,326724,FALSE,0.488,-10.357,0,0.0313,0.432,0.0557,0.191,0.792,125.948,4,16,"alt_punk_rock",0.8
62894,"5RV4zgdvrUwm5b4Zzt9rNs","Gündoğarken","Bir Yaz Daha Bitiyor","Sarmaş Dolaş",37,197600,FALSE,0.789,-5.472,0,0.0982,0.129,0,0.116,0.684,202.34,4,16,"alt_punk_rock",0.6
62906,"4Dygh4Ef0TFQQOvKbLGbXf","SPYAIR","轍~Wadachi~","I Wanna Be...",51,235013,FALSE,0.869,-2.114,1,0.0566,0.000442,0.00137,0.356,0.588,126.038,4,16,"alt_punk_rock",0.63
62909,"6AJppuCk5EE86paOdDI4yL","Fujii Kaze","HELP EVER HURT NEVER","Tokuninai",50,205253,FALSE,0.563,-6.613,1,0.0272,0.0374,6.43e-05,0.311,0.588,99.035,4,16,"alt_punk_rock",0.64
62927,"16z1OIZIs2ljjlpboipspk","Berry Goodman","Spring Spring Spring","さくら",36,283493,FALSE,0.83,-5.173,1,0.0492,0.229,0,0.0873,0.691,96.026,4,16,"alt_punk_rock",0.57
62928,"0MuNLdcYFEx8NC7ormxtYX","BOØWY","SINGLES","“16”",35,236146,FALSE,0.935,-5.294,1,0.112,0.0114,0.00176,0.214,0.376,99.475,4,16,"alt_punk_rock",0.57
62944,"6Bs7CYLm10SUlJNqTSy8hc","Jack Jones","Classic Christmas Music 2022","Do You Hear What I Hear?",0,179066,FALSE,0.34,-12.157,1,0.0298,0.88,4e-05,0.223,0.308,96.632,4,16,"alt_punk_rock",0.72
62951,"3oZ1DkKe2ZcvPh5Ffv6L0c","yama","a.m.3:21","a.m.3:21",54,208409,FALSE,0.736,-5.006,0,0.109,0.295,0.00011,0.215,0.752,110.169,4,16,"alt_punk_rock",0.54
62955,"3Gj9gaVfc3HHyqcIFaSa70","Yuuri","インフィニティ","インフィニティ",54,245853,FALSE,0.66,-5.193,1,0.0531,0.228,0,0.215,0.786,177.999,4,16,"alt_punk_rock",0.62
62967,"7r9v0CLTunOwlbvdOFFgZo","Fujii Kaze","HELP EVER HURT NEVER","Tsumi No Kaori",50,214200,FALSE,0.861,-5.745,0,0.0644,0.0466,0,0.31,0.842,154.963,4,16,"alt_punk_rock",0.34
62976,"3DzIir8DHaAK2ZXF0UWfJi","櫻坂46","Nobody's fault (Special Edition)","Plastic regret",36,221853,FALSE,0.893,-3.687,1,0.0323,0.428,0,0.385,0.855,127.963,4,16,"alt_punk_rock",0.52
62987,"2YPTVl6YYkjN3iE4WLvx3t","Novelbright","SKYWALK","Count on me",36,218173,FALSE,0.951,-0.874,1,0.0676,0.0225,0,0.46,0.599,169.825,4,16,"alt_punk_rock",0.5
62988,"6PIfn2tJ1dhDBojV60T95E","9mm Parabellum Bullet","Halloween Hits","Vampiregirl",1,191786,FALSE,0.934,-3.702,0,0.107,0.0013,0.0149,0.322,0.602,159.829,4,16,"alt_punk_rock",0.61
63003,"1rN9QoVxw5U7TJkyaUR8C1","TK from Ling tosite sigure","Fantastic Magic","unravel",73,238360,FALSE,0.889,-2.755,0,0.0862,0.0495,0,0.0984,0.332,135.014,4,16,"alt_punk_rock",0.7
63006,"4MTgIH5OZQHAbdBWgbKSAb","Survive Said The Prophet","MUKANJYO","MUKANJYO",64,192400,FALSE,0.961,-4.082,1,0.114,0.00364,0,0.226,0.31,94.926,4,16,"alt_punk_rock",0.7
63017,"0vB4Vd6PtkJSEnWsmqATnZ","George Benson","20/20","Nothing's Gonna Change My Love for You",71,242678,FALSE,0.614,-5.098,1,0.0306,0.764,0,0.0811,0.345,136.628,4,16,"alt_punk_rock",0.52
63029,"21nOSbeaQQbKDmqQWL9pZN","Novelbright","J-Pop 輕旅行","愛とか恋とか",8,232453,FALSE,0.556,-5.089,1,0.0364,0.698,0,0.0991,0.404,89.987,4,16,"alt_punk_rock",0.26
63046,"0klYM8Q5GK4ygCJzukdsi3","Misfits","Pumpkin Patch Hits","Halloween",0,112426,FALSE,0.937,-9.01,1,0.0758,0.0172,0,0.271,0.0957,108.729,4,16,"alt_punk_rock",0.26
63058,"56pvqFKGXPjubh5eY6sOlv","RADWIMPS","Weathering With You","Is There Still Anything That Love Can Do?",56,414466,FALSE,0.403,-6.38,1,0.0335,0.362,0,0.292,0.246,141.551,4,16,"alt_punk_rock",0.23
63064,"3OB8tXG4qxdvs5Y9cZDsMa","Busy Signal","Perfect Spot","Perfect Spot",49,183473,FALSE,0.706,-5.716,1,0.122,0.204,5.18e-05,0.0927,0.876,189.888,4,16,"alt_punk_rock",0.49
63065,"3SlQVRQAgsc6ac6UBM9dIk","LiSA","LEO-NiNE","unlasting",59,296813,FALSE,0.447,-5.893,0,0.0302,0.53,0,0.0977,0.343,113.256,4,16,"alt_punk_rock",0.63
63067,"4iRat7YqKIWOwkXwDwoEZc","RADWIMPS","Weathering With You","Is There Still Anything That Love Can Do? (Movie Edit)",50,150653,FALSE,0.291,-7.144,1,0.0442,0.822,0,0.318,0.378,141.929,4,16,"alt_punk_rock",0.55
63070,"46YSff2Rq1ZtN1YVk5cwbZ","Aimer","DAWN","Brave Shine",63,233493,FALSE,0.889,-5.911,1,0.0801,0.00272,2.07e-06,0.152,0.514,171.083,4,16,"alt_punk_rock",0.59
63071,"5sqkarfxe7UejHTlCtHCLS","Fear, and Loathing in Las Vegas","Feeling of Unity","Let Me Hear",62,225546,FALSE,0.995,1.023,0,0.211,0.000145,2.5e-06,0.214,0.303,184.066,4,16,"alt_punk_rock",0.7
63072,"4toGhOrpjQfweDT9flB5iq","RADWIMPS","Weathering With You","We'll Be Alright (Movie Edit)",50,258373,FALSE,0.599,-6.847,1,0.0365,0.326,8.81e-06,0.114,0.0653,95.328,3,16,"alt_punk_rock",0.66
63083,"6M2J8MffpkAQRjnF7xZ8BR","[Alexandros]","TOKYO - HALLOWEEN -","ムーンソング",0,260693,FALSE,0.919,-3.395,1,0.0389,0.00262,0.000175,0.178,0.658,134.014,4,16,"alt_punk_rock",0.45
63084,"0oH94EuqPENzurxBFyiggQ","ORANGE RANGE","ORANGE","ロコローション",45,195533,FALSE,0.894,-2.816,0,0.101,0.0983,0,0.0703,0.811,140.046,4,16,"alt_punk_rock",0.45
63085,"0YAMQSmHk6BSUGTYpaoqTJ","ONE OK ROCK","Niche Syndrome","Wherever you are",62,295600,FALSE,0.69,-4.79,1,0.0549,0.0286,0,0.335,0.288,173.716,4,16,"alt_punk_rock",0.45
63090,"1w0hboEMff54kez5XXyRNP","ONE OK ROCK","Ambitions","One Way Ticket",54,216933,FALSE,0.745,-4.781,1,0.0319,0.467,0.00122,0.0692,0.528,97.963,4,16,"alt_punk_rock",0.4
63102,"5WLaJoYalaASb9JB7Yk5U6","BURNOUT SYNDROMES","檸檬","ヒカリアレ",60,244786,FALSE,0.941,-1.741,1,0.133,0.0112,0,0.363,0.35,178.061,4,16,"alt_punk_rock",0.71
63108,"7ph7HRUsxYcKLRFTaYCQYQ","Ayano Kaneko","祝祭","ロマンス宣言",54,149226,FALSE,0.864,-8.359,0,0.0341,0.231,0.000619,0.0793,0.945,156.375,4,16,"alt_punk_rock",0.5
63110,"6X9m9JRk2ypGusClUBraII","Fujifabric","楽園","楽園",55,225333,FALSE,0.822,-5.078,1,0.0848,0.00469,2.71e-06,0.092,0.431,97.954,4,16,"alt_punk_rock",0.44
63114,"7coGhA3MmrmiOuboH32qSY","RADWIMPS","Your Name. (Deluxe Edition / Original Motion Picture Soundtrack)","Nandemonaiya - English Version",42,342453,FALSE,0.464,-5.747,1,0.0315,0.153,0,0.354,0.471,167.882,4,16,"alt_punk_rock",0.63
63123,"0THcY95QscSs9NlATIgoMI","Mr.Children","シフクノオト","Any",43,306133,FALSE,0.643,-5.528,1,0.0299,0.12,0,0.0892,0.502,114.883,4,16,"alt_punk_rock",0.41
63127,"0qjstg4kewevPiMlXQo32R","MFÖ","Agu","Vurgun Yedim",42,193200,FALSE,0.485,-12.516,1,0.0336,0.155,9.41e-05,0.112,0.376,86.074,4,16,"alt_punk_rock",0.58
63136,"0iujTWTgmqgrc6bXxVu9aC","BOØWY","BOφWY","BAD FEELING",41,268933,FALSE,0.966,-7.638,1,0.0617,0.000226,0.0529,0.0819,0.571,132.899,4,16,"alt_punk_rock",0.69
63138,"3c1MH4Rr0z7HP86NKvJkGL","Onze:20;Projota","A Nossa Barraca","Deixo Você Ir",43,235229,FALSE,0.582,-9.035,1,0.0925,0.0264,0,0.494,0.611,139.91,4,16,"alt_punk_rock",0.71
63142,"006tmNZLXEXPqdb23wwSN1","İlhan İrem","Bezginin Gizli Mektupları","Yemyeşil Bir Deniz",44,358173,FALSE,0.568,-9.199,0,0.0417,0.652,0,0.834,0.65,127.184,4,16,"alt_punk_rock",0.29
63152,"1xc9r9pgQ3CG7iViKPf0cQ","SPYAIR","BEST","イマジネーション",57,179133,FALSE,0.938,-2.967,1,0.0593,0.00239,2.53e-05,0.118,0.589,101.922,4,16,"alt_punk_rock",0.67
63158,"6Mq4q5OIMO25vBsKpFdlnH","Aimer","朝が来る","朝が来る",57,294933,FALSE,0.92,-4.086,1,0.0986,0.00118,0,0.354,0.246,83.117,4,16,"alt_punk_rock",0.45
63159,"3eyxh8xkW0X7k1FSHlAatt","UVERworld","Timeless","D-tecnoLife",60,233893,FALSE,0.934,-3.566,0,0.141,0.0223,0,0.301,0.649,168.005,4,16,"alt_punk_rock",0.5
63163,"7vSF7u4vWtZGrWCxTbAVaw","RADWIMPS","Weathering With You -Complete Version-","We'll Be Alright",48,335146,FALSE,0.717,-4.741,1,0.0458,0.115,0,0.352,0.424,191.988,3,16,"alt_punk_rock",0.48
63167,"1d3dDF5bwXp4VqBONsaSPH","Bakufu Slump","STAR BOX EXTRA 爆風スランプ","大きな玉ねぎの下で~はるかなる想い",40,297733,FALSE,0.394,-11.308,1,0.0269,0.46,1.45e-06,0.152,0.151,79.946,4,16,"alt_punk_rock",0.49
63176,"1ssGOLuSdDAORxFOH8thDA","BOØWY","JUST A HERO","JUSTY",39,234333,FALSE,0.976,-5.604,1,0.147,0.0398,7.84e-05,0.104,0.421,182.468,4,16,"alt_punk_rock",0.45
63191,"3IKUuAJghlmAkjBKbXaGjS","175R","175R BEST 「ANNIVERSARY 1998-2018」","ハッピーライフ",39,209000,FALSE,0.978,-2.908,1,0.116,1.41e-05,1.8e-06,0.141,0.359,132.949,4,16,"alt_punk_rock",0.27
63199,"2nAKXs0tQPOXSnK9mFmqy5","Hüsnü Arkan","Bir Yalnızlık Ezgisi (Remastered)","Nereye Uçar Turnalar - Remastered",40,249856,FALSE,0.377,-10.625,0,0.0413,0.79,3.6e-06,0.159,0.559,144.015,4,16,"alt_punk_rock",0.41
63201,"6IVM1YYZq6K6NG6qqC26o4","Seiko Oomori","JUSTadICE","JUSTadICE",56,232338,FALSE,0.988,-1.756,1,0.193,0.00139,0.00419,0.125,0.38,185.051,4,16,"alt_punk_rock",0.67
63240,"0qjhMbCmCSZC2f4qohgcxa","Eikichi Yazawa","the Name Is… (50th Anniversary Remastered)","アリよさらば - Remastered 2022",38,255893,FALSE,0.828,-8.009,0,0.0571,0.241,0,0.286,0.886,120.323,4,16,"alt_punk_rock",0.58
63259,"6hs3SDnbO3f6VQuPO4KBEb","Rusted Root","Music From Party of Five","Send Me on My Way",70,263333,FALSE,0.681,-9.556,1,0.0672,0.114,4.01e-05,0.139,0.745,119.46,4,16,"alt_punk_rock",0.35
63269,"1Jwc3ODLQxtbnS8M9TflSP","The Bangles","The Essential Bangles","Walk Like an Egyptian",63,204706,FALSE,0.891,-7.818,1,0.0995,0.00344,4.72e-05,0.3,0.818,103.022,4,16,"alt_punk_rock",0.26
63274,"6dnPQD7riP9K0ub8tbFJV5","SHISHAMO","SHISHAMO BEST","熱帯夜",37,252266,FALSE,0.753,-6.651,1,0.0338,0.000814,4.46e-06,0.167,0.647,186.144,4,16,"alt_punk_rock",0.59
63280,"4092MbO87KwfGLVie4N6Oj","Mr.Children","REFLECTION{Drip}","fantasy",38,261839,FALSE,0.802,-4.43,0,0.0349,0.0201,0,0.199,0.588,116.003,4,16,"alt_punk_rock",0.42
63312,"1p8B91IjEd9fjOPOSsEN75","MADKID","RISE","RISE",51,206213,FALSE,0.932,-3.202,1,0.174,0.0182,0,0.464,0.584,164.981,4,16,"alt_punk_rock",0.64
63316,"3LMjzut3wdkyAM1A30ohkn","Sambomaster","ラブソング","世界をかえさせておくれよ",37,169653,FALSE,0.995,-3.048,0,0.287,0.102,0,0.337,0.569,175.997,4,16,"alt_punk_rock",0.49
63323,"1OFIV4M1LslvAXhKv0fDf7","Sharam Q","シングルベスト10 おまけつき","My Babe 君が眠るまで",37,235600,FALSE,0.773,-7.921,0,0.0331,0.0244,0,0.346,0.902,126.079,4,16,"alt_punk_rock",0.64
63328,"5nSdJRpyM8OkYOVGa5rlsw","Mr.Children","I LOVE U","靴ひも",37,262373,FALSE,0.824,-5.616,1,0.026,0.0401,0,0.12,0.475,122.014,4,16,"alt_punk_rock",0.46
63329,"25JWyDp4DkZpRzChZKHiPw","ELLEGARDEN","ジターバグ","Cakes And Ale And Everlasting Laugh",36,184173,FALSE,0.945,-2.897,1,0.067,0.000486,0,0.0481,0.314,154.96,4,16,"alt_punk_rock",0.54
63344,"0dVQrji8H7dHlWj5TmHSJ9","Strike","Hiperativo","Até o Fim",38,206826,FALSE,0.93,-2.655,0,0.0559,0.00152,0,0.0856,0.883,149.024,4,16,"alt_punk_rock",0.59
63365,"481beimUiUnMUzSbOAFcUT","SUPER BEAVER","突破口 / 自慢になりたい","突破口",54,255080,FALSE,0.994,-1.786,1,0.114,0.0259,0,0.0535,0.262,103.512,4,16,"alt_punk_rock",0.53
63369,"6TP6fgrqu2BI55tDWYmUOW","Aqua Timez","The BEST of Aqua Timez","等身大のラブソング",37,278666,FALSE,0.741,-4.635,1,0.0305,0.395,0,0.0652,0.862,75.994,4,16,"alt_punk_rock",0.65
63370,"5Nv8sEUqdqrrNET339wP1X","Superfly","Presence","Presence",55,249227,FALSE,0.726,-6.302,0,0.0663,0.00479,0.000107,0.357,0.108,159.898,4,16,"alt_punk_rock",0.5
63388,"3su8nlsvDOEt6i6XuYbq73","Natural Vibrations","The Circle","Put Some Time",37,274186,FALSE,0.559,-7.39,1,0.202,0.0853,6.23e-06,0.0994,0.428,79.16,4,16,"alt_punk_rock",0.78
63396,"6VR67hW1E1qUevxEAhBm9f","BOØWY","""GIGS"" CASE OF BOφWY COMPLETE (Live From ""Gigs"" Case Of Boowy / 1987)","FUNNY BOY - FROM ""GIGS"" CASE OF BOOWY",36,256213,FALSE,0.962,-2.955,0,0.0825,0.00852,0.000232,0.507,0.405,162.823,4,16,"alt_punk_rock",0.55
63408,"0ViUlnRMrbmuzGyqWbJc0j","KOBUKURO","時の足音","時の足音",36,330013,FALSE,0.485,-6.313,0,0.0243,0.5,0,0.148,0.425,81.522,4,16,"alt_punk_rock",0.58
63421,"4UVH9hk11pLSDaOadmhaL1","HIRIE","Wandering Soul","Queen",36,196853,FALSE,0.601,-6.996,1,0.0855,0.0413,0.000174,0.0638,0.788,149.988,4,16,"alt_punk_rock",0.44
63435,"4X4wmcy90VFeqSRkYWS1J3","GLAY","THE GREAT VACATION VOL.2 ~SUPER BEST OF GLAY~","サバイバル",36,274466,FALSE,0.946,-4.304,1,0.0576,0.0136,0,0.376,0.734,157.859,4,16,"alt_punk_rock",0.31
63436,"2J0OYmQ5NcKHEFeDRqsVh2","Twiddle","Every Last Leaf","River Drift",36,342111,FALSE,0.774,-6.485,1,0.0473,0.000923,0,0.112,0.288,100.483,4,16,"alt_punk_rock",0.56
63450,"0Z51sIImtvHFIVomgeS1R7","SPYAIR","轍~Wadachi~","サクラミツツキ",49,217226,FALSE,0.907,-4.07,1,0.0575,0.00029,0.00255,0.184,0.332,179.036,4,16,"alt_punk_rock",0.43
63481,"4v3qiVO0JzRL8wKx6XpGZ6","Eikichi Yazawa","YOU, TOO COOL (50th Anniversary Remastered)","背中ごしのI LOVE YOU - Remastered 2022",35,278413,FALSE,0.715,-7.336,1,0.0283,0.0121,1.57e-05,0.0808,0.638,109.015,4,16,"alt_punk_rock",0.36
63490,"2pVDYk6eG9iqB88BvkBFGz","Yeni Türkü","Yeni","Nerelere Gideyim?",36,277053,FALSE,0.519,-8.166,0,0.0389,0.773,9.99e-05,0.336,0.504,159.851,3,16,"alt_punk_rock",0.52
63498,"5HYXtTdr5aaYhM0wACx1kA","Leman Sam","Ayak Sesleri","Yol Ver",37,171400,FALSE,0.671,-8.978,1,0.0333,0.141,0,0.415,0.905,116.938,4,16,"alt_punk_rock",0.42
63508,"3cNZFNxxtsaqUKyzlge6LF","KOBUKURO","ALL SINGLES BEST","永遠にともに",35,301253,FALSE,0.374,-7.59,1,0.0333,0.876,0,0.094,0.261,72.536,4,16,"alt_punk_rock",0.39
63524,"7nTxmv4ZlAb1OstqNLPheH","Official HIGE DANdism","One-Man Tour 2021-2022 -Editorial-@Saitama Super Arena (LIVE)","Lost In My Room - LIVE",20,392053,FALSE,0.455,-9.457,1,0.0383,0.29,0,0.551,0.0884,108.022,4,16,"alt_punk_rock",0.54
63560,"24Gm1mIhO28NmgT17S95JE","Masaharu Fukuyama","KISSして","KISSして",35,222626,FALSE,0.851,-4.203,1,0.0526,0.000353,0,0.33,0.644,93.873,4,16,"alt_punk_rock",0.26
63578,"565ibWxtZ0eYGeB0UsP99n","My Hair is Bad","mothers","シャトルに乗って",34,299946,FALSE,0.543,-6.877,0,0.0276,0.0297,0,0.12,0.302,91.045,4,16,"alt_punk_rock",0.5
63586,"0KbbArmGT8AHIlP8k3pROd","Twiddle","Every Last Leaf","Collective Pulse",35,249319,FALSE,0.915,-5.945,1,0.075,0.0149,0,0.11,0.636,99.1,4,16,"alt_punk_rock",0.27
63595,"4vYxGh2yEAQeShN4GQH4so","Natural Vibrations","From The Heart","So Nice",34,246186,FALSE,0.581,-8.817,1,0.166,0.00823,0,0.0716,0.732,79.92,4,16,"alt_punk_rock",0.55
63597,"11lQimfTBm33t0GtCcD0sH","Ayten Alpman","Neden Sanki Dünya Dar Gelir İnsana / Son Bir Defa","Sensiz Olmam",35,189988,FALSE,0.418,-8.612,0,0.027,0.605,0.00234,0.297,0.462,95.153,4,16,"alt_punk_rock",0.5
63613,"16D5bGymrzpi9ZlnYXB5ql","BABYMETAL","BABYMETAL","Gimme Chocolate!!",59,230613,FALSE,0.985,-1.596,1,0.0825,0.000282,0.000144,0.111,0.44,109.978,4,16,"alt_punk_rock",0.49
63625,"2hebQblF1Y1HAkXEP1cnTA","#NAME?","探せ ダイヤモンドリリー","いらない ツインテール",34,224680,FALSE,0.958,-3.162,1,0.112,0.000595,0.0015,0.11,0.492,96.467,4,16,"alt_punk_rock",0.42
63628,"3GcL1MabsNrK9Axjt3g8gd","GOING STEADY","童貞ソー・ヤング","童貞ソー・ヤング",33,386400,TRUE,0.998,-0.103,1,0.114,0.0118,0,0.0523,0.238,140.237,4,16,"alt_punk_rock",0.79
63630,"4lTIVHttNJYHG1PhzS8CAg","BOØWY","PSYCHOPATH","LIAR GIRL",33,251626,FALSE,0.837,-4.734,1,0.0296,0.00457,1.26e-05,0.0709,0.261,147.788,4,16,"alt_punk_rock",0.37
63635,"2xPucpHodgAmFEwQjhJbq7","Macaroni Empitsu","hope","ボーイズ・ミーツ・ワールド",34,283466,FALSE,0.742,-3.628,1,0.0395,0.206,0,0.349,0.765,142.066,4,16,"alt_punk_rock",0.55
63645,"5nJgEnzu79g3058DY5qafR","LINDBERG","LINDBERG BEST~FLIGHT RECORDER III~","今すぐKiss Me",33,214266,FALSE,0.92,-2.909,1,0.0739,0.0235,0,0.188,0.713,173.9,4,16,"alt_punk_rock",0.27
63680,"4wQA4Fcc09gK11bzdkDSpE","Eikichi Yazawa","情事 (50th Anniversary Remastered)","FLESH AND BLOOD - Remastered 2022",33,238186,FALSE,0.907,-7.525,0,0.0511,0.549,0,0.0681,0.673,123.14,4,16,"alt_punk_rock",0.4
63694,"0aK3Xgv9CRa9T62PXLG3fX","BOØWY","JUST A HERO","DANCING IN THE PLEASURE LAND",33,271626,FALSE,0.975,-5.433,0,0.057,0.0081,0.0764,0.21,0.77,140.299,4,16,"alt_punk_rock",0.38
63695,"4upddW1Rn0aq3QhYCQ9nhN","Gaye Su Akyol","2020 Model: Murathan Mungan","Kalp Tamircisi Kadın",34,242705,FALSE,0.6,-9.195,0,0.0684,0.838,0.000512,0.172,0.687,91.963,4,16,"alt_punk_rock",0.72
63720,"1Gwwh7r2kfoRUja11QsJGk","ONE OK ROCK","Luxury Disease (Japanese Version)","So Far Gone",55,215465,FALSE,0.705,-5.554,0,0.028,0.00318,0,0.314,0.402,166.036,4,16,"alt_punk_rock",0.48
63726,"4QbpagjMCqSECj6IimTL2n","King Crimson","In The Court Of The Crimson King (Expanded & Remastered Original Album Mix)","I Talk To The Wind",55,365659,FALSE,0.309,-17.589,0,0.0373,0.545,0.618,0.109,0.309,81.173,4,16,"alt_punk_rock",0.62
63729,"05xYoVj6QuFk0U7PVl5Tf2","King Crimson","In The Court Of The Crimson King (Expanded & Remastered Original Album Mix)","The Court Of The Crimson King - Including ""The Return of the Fire Witch"" and ""The Dance of the Puppets""",55,602530,FALSE,0.349,-12.065,0,0.0448,0.0872,0.18,0.211,0.0644,137.134,4,16,"alt_punk_rock",0.58
63730,"1KqeEMYA5V8CWTbgVPXRbr","Eikichi Yazawa","共犯者 (50th Anniversary Remastered)","くちづけが止まらない - Remastered 2022",33,292240,FALSE,0.798,-10.725,0,0.0404,0.309,0.000269,0.0949,0.388,108.097,4,16,"alt_punk_rock",0.38
63742,"1hyoaoivd41SwktGKkx7rX","GLAY","THE GREAT VACATION VOL.2 ~SUPER BEST OF GLAY~","BE WITH YOU",33,312693,FALSE,0.865,-3.7,1,0.0344,0.178,0,0.126,0.53,129.855,4,16,"alt_punk_rock",0.56
63754,"3LHMKncuCBFhHZTN306bgt","Fujifabric","ゴールデンタイム","ゴールデンタイム",45,192240,FALSE,0.866,-3.538,0,0.052,0.00111,0.00012,0.14,0.804,179.78,4,16,"alt_punk_rock",0.41
63767,"620KT2uyy5Pd9vjaPGdPzH","[Alexandros]","I Wanna Go To Hawaii","Cat 2",32,241173,TRUE,0.896,-4.492,0,0.0817,0.00128,8.34e-06,0.0353,0.519,97.472,4,16,"alt_punk_rock",0.39
63775,"24K8MpziEuoHzazaLWNKtX","MFÖ","Kendi Kendine","Ruh Halim Yerlerde",33,192750,FALSE,0.618,-6.618,0,0.0348,0.287,0,0.168,0.58,155.993,4,16,"alt_punk_rock",0.4
63776,"0ZUTV4cvtNiZyMqqQstT8f","#NAME?","青春""サブリミナル""","流星群",33,281373,FALSE,0.879,-4.02,1,0.0584,0.106,2.78e-05,0.303,0.565,125.031,4,16,"alt_punk_rock",0.31
63778,"6a5McXXHPBU7flwijry9Bm","Yabai T-Shirts Yasan","こうえんデビュー","くそ現代っ子ごみかす20代",32,155173,FALSE,0.989,-1.101,1,0.217,0.00881,0.00283,0.133,0.339,200.007,4,16,"alt_punk_rock",0.29
63781,"6PT6nSEatLEKVLOo4asoAr","Eikichi Yazawa","LIVE HISTORY 2000~2015 (50th Anniversary Remastered)","もうひとりの俺 - Live at 日本武道館'06 - Remastered 2022",33,229373,FALSE,0.389,-12.257,1,0.0305,0.637,0,0.815,0.322,104.969,4,16,"alt_punk_rock",0.46
63782,"2GLTmxG0n3bdKdhju88HVn","Macaroni Empitsu","hope","青春と一瞬 - Strings ver.",33,322786,FALSE,0.568,-4.307,1,0.0341,0.299,0,0.142,0.47,175.825,4,16,"alt_punk_rock",0.54
63783,"1vXVyN6C54in9oaNjL2Hz0","#NAME?","ウィークエンドシトロン","祝祭",33,292533,FALSE,0.809,-4.005,0,0.0383,0.00874,0,0.112,0.677,141.085,4,16,"alt_punk_rock",0.34
63788,"2oiYrvdqLzAffSqMNeFDFg","Yabai T-Shirts Yasan","Bluetooth Love","Bluetooth Love",33,194906,FALSE,0.985,-1.048,1,0.108,0.0647,0.0105,0.141,0.79,187.72,4,16,"alt_punk_rock",0.42
63801,"1ZBhrIxwuiDVB0NDkyekgN","Shinsei Kamattechan","児童カルテ","るるちゃんの自殺配信",57,239255,FALSE,0.873,-4.59,0,0.0375,0.00233,1.57e-06,0.229,0.858,198.156,4,16,"alt_punk_rock",0.22
63807,"55Ww4Pa1iIQMhh0MLMetjo","Masaki Suda","LOVE","まちがいさがし",63,223640,FALSE,0.642,-5.568,1,0.0372,0.523,0,0.39,0.443,155.921,4,16,"alt_punk_rock",0.41
63818,"5gNg6C0JWFG1U7gPDXWtiq","ルサンチマン","memento","老いても",33,196350,FALSE,0.914,-6.438,0,0.108,0.00164,4.14e-05,0.115,0.735,111.115,4,16,"alt_punk_rock",0.49
63819,"5WVuZDGVw0DPD9hHr9JCQm","UNISON SQUARE GARDEN","Catcher In The Spy","instant EGOIST",33,235680,FALSE,0.854,-4.605,1,0.0469,0.0719,0,0.346,0.906,132.076,4,16,"alt_punk_rock",0.44
63828,"6HfyNdWSA74oEYhkgmIEBk","WANIMA","Can Not Behaved!!","つづくもの",32,193933,FALSE,0.865,-3.425,1,0.0556,0.00355,0,0.284,0.79,94.324,4,16,"alt_punk_rock",0.29
63829,"00kZX8Ne9wNJoChq7KzEpg","Eikichi Yazawa","ONLY ONE (50th Anniversary Remastered)","ONLY ONE - Remastered 2022",32,215026,FALSE,0.669,-7.687,0,0.0337,0.00319,6.24e-06,0.17,0.362,129.084,4,16,"alt_punk_rock",0.65
63832,"2Kyh19SmG6eJtBGE3SFoGd","Mr.Children","BOLERO","幸せのカテゴリー",32,313026,FALSE,0.746,-7.919,1,0.0273,0.00889,0,0.112,0.737,93.841,4,16,"alt_punk_rock",0.53
63854,"4pRqq3MwcqitKqNO8rOrOb","Official HIGE DANdism","I Love...","I Love...",43,282026,FALSE,0.706,-5.235,1,0.0543,0.0171,0,0.225,0.385,172.021,4,16,"alt_punk_rock",0.34
63857,"2X28xPiVe5ffUuRISeDdty","SWANKY DANK","This is Swanky Dank","Amazing Dreams",34,260733,FALSE,0.988,-0.906,1,0.135,0.0174,0,0.0434,0.405,93.604,4,16,"alt_punk_rock",0.6
63862,"00MzADTo5mKZHI0crdQ84L","Chatmonchy","表情 <Coupling Collection>","湯気(Album Mix)",31,196693,FALSE,0.816,-2.241,1,0.0311,0.00095,0.000122,0.224,0.649,184.719,4,16,"alt_punk_rock",0.44
63865,"13XhAfxKL5VbQ32TFU3fOn","Tompi;Dian Sastrowardoyo","Romansa","Bawa Daku - Duet Version",34,249862,FALSE,0.75,-9.081,1,0.109,0.478,0.0316,0.0956,0.842,169.908,4,16,"alt_punk_rock",0.46
63867,"7pqp5R4GY8HTaAbpAGZJFb","Shogo Hamada","青空の扉〜THE DOOR FOR THE BLUE SKY〜","彼女はブルー",32,333666,FALSE,0.719,-5.537,1,0.0259,0.0264,0,0.0816,0.709,114.143,4,16,"alt_punk_rock",0.65
63871,"3Zik0kcruJ6vZukE5YvVbF","ONE OK ROCK","Luxury Disease (Japanese Version)","Neon",55,184543,TRUE,0.897,-3.924,1,0.0693,0.000467,0,0.36,0.576,137.016,4,16,"alt_punk_rock",0.55
63886,"6Fa1o4JZpz4N4m2QqLJgVy","Birsen Tezer","İkinci Cihan","Nefes",32,256040,FALSE,0.29,-13.344,1,0.05,0.902,1.46e-05,0.0941,0.208,109.891,5,16,"alt_punk_rock",0.56
63892,"3MU0aKnTQCDwSFYYLHJoKV","Ceylan Ertem","Seni Senin Gibiler Sevsin","Bugünüm Sensiz Geçti",34,267862,FALSE,0.34,-10.104,1,0.0288,0.861,1e-05,0.0986,0.253,98.027,3,16,"alt_punk_rock",0.7
63893,"44h0Rx6XTMYanr9BhQVWzn","Creep Hyp","泣きたくなるほど嬉しい日々に","燃えるごみの日",31,309280,FALSE,0.653,-5.909,1,0.0236,0.348,0,0.108,0.464,78.033,4,16,"alt_punk_rock",0.48
63915,"6IghCx6jRj5VHEmXKQH2pR","ONE OK ROCK","Zankyō Reference","Re:make",54,204493,FALSE,0.988,-2.692,0,0.158,0.000116,0,0.104,0.443,171.977,4,16,"alt_punk_rock",0.35
63935,"5CPxwWPwUMZXH0jFIzFovQ","Kyuso Nekokami","にゅ~うぇいぶ","メンヘラちゃん",31,200000,FALSE,0.97,-3.748,0,0.147,0.00091,0,0.192,0.636,96.72,4,16,"alt_punk_rock",0.54
63940,"0xQCU6klc5Igt1jdZfVYG0","Strike;Alexandre Carlo","Collab","Qualquer Lugar",32,211866,FALSE,0.796,-4.84,0,0.0298,0.0104,0,0.168,0.73,97,4,16,"alt_punk_rock",0.26
63947,"6VYAOMUFqxbTCeEXqqlz4I","Natural Vibrations","From The Heart","Okana Road",32,368840,FALSE,0.573,-7.079,0,0.074,0.47,0,0.117,0.785,117.03,4,16,"alt_punk_rock",0.53
63951,"1OA144pXkdPDAdp8nm14Pk","majiko","アイロニ","アイロニ",44,246906,FALSE,0.703,-3.832,1,0.0313,0.0182,0,0.0892,0.418,90.001,4,16,"alt_punk_rock",0.47
63963,"6Tl0EsRAsFr0dagoVBFAIL","Shogo Hamada","In the Fairlife","みちくさ",32,237400,FALSE,0.675,-7.107,1,0.0244,0.0389,1.24e-05,0.158,0.73,105.007,4,16,"alt_punk_rock",0.39
63974,"2SnTIbylSU3yUo3lpG8UKs","STRANGE REITARO","More Music","エロい関係",32,262397,FALSE,0.742,-5.704,1,0.0316,0.408,0.000501,0.42,0.871,110.008,4,16,"alt_punk_rock",0.45
63977,"0zQ8Gf4fdvsQtZ0mWPxOhB","BARBEE BOYS","LISTEN! BARBEE BOYS 4","ナイーヴ",32,295506,FALSE,0.954,-3.09,0,0.0995,0.00755,0.00213,0.205,0.561,143.905,4,16,"alt_punk_rock",0.38
63988,"21bTHStUUY46qPyHv2Mm7Y","≠ME","まほろばアスタリスク Special Edition","好きだ!!!",33,254133,FALSE,0.933,-3.106,1,0.0749,0.00439,0.000531,0.389,0.511,173.917,4,16,"alt_punk_rock",0.45
63995,"3MeEdFBBn5GU15QWeXNACX","GLAY;EXILE","EXILE ENTERTAINMENT BEST","SCREAM - EXILE ENTERTAINMENT",32,325026,FALSE,0.904,-5.639,1,0.049,0.0241,0,0.0715,0.656,108.042,4,16,"alt_punk_rock",0.72
64024,"2iYOGj0lCH9yWOlVNmh4Xu","Norah Jones","Christmas 2022","Christmas Don't Be Late",0,160293,FALSE,0.356,-6.953,1,0.03,0.708,7.76e-05,0.108,0.265,66.377,4,4,"instrumental_jazz_fusion",0.65
64032,"4tAFgTwOs5mVJthAx3eMck","Norah Jones","Holidays Are Coming","Christmas Don't Be Late",0,160293,FALSE,0.374,-6.941,1,0.028,0.751,5.82e-05,0.118,0.235,66.785,4,4,"instrumental_jazz_fusion",0.85
64052,"5j5a0uWJly5tOvBZiFJbxA","Norah Jones","ZEN 2022","And Then There Was You",0,185586,FALSE,0.0845,-20.204,1,0.0305,0.956,0.147,0.0825,0.149,84.608,3,4,"instrumental_jazz_fusion",0.56
64055,"5uNnGViAuZIkoUhVwmFWlr","Norah Jones","Coffee Break","Shoot The Moon",1,237173,FALSE,0.265,-12.436,1,0.027,0.903,0.00152,0.094,0.425,74.031,4,4,"instrumental_jazz_fusion",0.73
64083,"1NAvb7rxR26xGIC9jthaEu","Norah Jones","Un tecito y a mimir","The Nearness Of You",0,189906,FALSE,0.0378,-16.173,1,0.045,0.979,0.00021,0.0947,0.205,166.882,3,4,"instrumental_jazz_fusion",0.81
64086,"6pbhLLm1pujzVKaVVaPSIQ","Norah Jones","Weihnachten Musik","Blue Christmas",0,204826,FALSE,0.163,-10.566,1,0.0349,0.695,0.000239,0.126,0.233,66.72,4,4,"instrumental_jazz_fusion",0.5
64088,"7ad7ylxNmPqxmS8SJYEUeJ","Norah Jones","Calm Christmas","Peace - First Sessions Demo",0,233173,FALSE,0.0414,-17.252,1,0.0414,0.978,0.00035,0.108,0.056,80.349,3,4,"instrumental_jazz_fusion",0.69
64094,"68GZkt7raDog1o6f0ytxe0","Norah Jones","pov: you bake cookies","It's Not Christmas 'Til You Come Home - Recorded At Spotify Studios NYC",0,192420,FALSE,0.068,-20.033,1,0.0315,0.892,0.00216,0.105,0.262,93.777,3,4,"instrumental_jazz_fusion",0.8
64099,"1WmrZqiaAztoRBpE2WfmYL","Norah Jones","pov: you have a holly jolly christmas","Christmas Don't Be Late",0,160293,FALSE,0.374,-6.941,1,0.028,0.751,5.82e-05,0.118,0.235,66.785,4,4,"instrumental_jazz_fusion",0.76
64120,"4UGYAzxUtzLllltVU4gaS8","Ella Fitzgerald","Holidays Are Coming","Frosty The Snowman",0,131733,FALSE,0.502,-7.57,1,0.0513,0.733,0,0.281,0.836,76.783,4,4,"instrumental_jazz_fusion",0.75
64125,"3I5umalOFMMtgC2LfC56Uk","Louis Armstrong;The Commanders","The Very Best Christmas Songs 2022","'Zat You, Santa Claus? - Single Version",0,169092,FALSE,0.514,-9.168,0,0.252,0.325,0,0.161,0.654,122.097,4,4,"instrumental_jazz_fusion",0.79
64129,"7ElJ25XMKSHWkjpEwiFsV5","Louis Armstrong;The Commanders","pov: you saw mommy kissing santa claus","'Zat You, Santa Claus? - Single Version",0,169092,FALSE,0.514,-9.168,0,0.252,0.325,0,0.161,0.654,122.097,4,4,"instrumental_jazz_fusion",0.63
64131,"3OUZApNQz6hKXFh2F3nb3X","Louis Armstrong;The Commanders","pov: you ride on santa's sleigh","'Zat You, Santa Claus? - Single Version",0,169092,FALSE,0.514,-9.168,0,0.252,0.325,0,0.161,0.654,122.097,4,4,"instrumental_jazz_fusion",0.79
64135,"5E8pCmwdxQSnYsUwAtkLGO","Ella Fitzgerald","Jingle Bell Rock 2022","Sleigh Ride",0,175986,FALSE,0.287,-12.472,1,0.0469,0.764,0,0.153,0.639,77.117,4,4,"instrumental_jazz_fusion",0.77
64142,"7sdaD6KTdB6mU1E79NVnwW","Ella Fitzgerald","Rockin' Around The Christmas Tree 2022","Rudolph The Red-Nosed Reindeer",0,171773,FALSE,0.315,-9.175,1,0.0428,0.961,0,0.258,0.64,119.935,4,4,"instrumental_jazz_fusion",0.76
64144,"53rqZwcMhjXuXDy1IxRi22","Ella Fitzgerald","Holidays Are Coming","Sleigh Ride",0,175986,FALSE,0.287,-12.472,1,0.0469,0.764,0,0.153,0.639,77.117,4,4,"instrumental_jazz_fusion",0.69
64150,"0edRP0RpOUrjHbbGPSYzaH","Ella Fitzgerald","Christmas Songs 2022","Frosty The Snowman",4,131733,FALSE,0.502,-7.57,1,0.0513,0.733,0,0.281,0.836,76.783,4,4,"instrumental_jazz_fusion",0.85
64177,"5siu3VgukcO864Zsgmqvde","Ella Fitzgerald","A Very 60s Christmas","Sleigh Ride",0,175986,FALSE,0.287,-12.472,1,0.0469,0.764,0,0.153,0.639,77.117,4,4,"instrumental_jazz_fusion",0.7
64181,"3JibLpqNHuIMfOy3maUWse","Ella Fitzgerald","Pop Fun and Christmas Music 2022","Frosty The Snowman",0,131733,FALSE,0.502,-7.57,1,0.0513,0.733,0,0.281,0.836,76.783,4,4,"instrumental_jazz_fusion",0.81
64182,"33MBrjaSlb2VXNlpCQiHn7","Ella Fitzgerald","Christmas 2022","Rudolph The Red-Nosed Reindeer",0,171773,FALSE,0.315,-9.175,1,0.0428,0.961,0,0.258,0.64,119.935,4,4,"instrumental_jazz_fusion",0.7
64184,"04KeHjz5E58E3CLOhIqWnr","Ella Fitzgerald","Christmas Playlist 2022","Frosty The Snowman",0,131733,FALSE,0.502,-7.57,1,0.0513,0.733,0,0.281,0.836,76.783,4,4,"instrumental_jazz_fusion",0.67
64201,"4Le87goCu6m8L8uNmFRPOy","Ella Fitzgerald","Jazz Romance","In A Sentimental Mood",0,165800,FALSE,0.0264,-19.612,0,0.0426,0.925,0,0.136,0.231,170.182,3,4,"instrumental_jazz_fusion",0.79
64206,"0ctlOXCRfpjRUkBcQxs3nu","Ella Fitzgerald","Christmas Classics","Frosty The Snowman",0,131733,FALSE,0.502,-7.57,1,0.0513,0.733,0,0.281,0.836,76.783,4,4,"instrumental_jazz_fusion",0.69
64207,"4BoAuxhz1bOHMpeeQk3r8I","Ella Fitzgerald","Holiday Anthems 2022","Rudolph The Red-Nosed Reindeer",1,171773,FALSE,0.315,-9.175,1,0.0428,0.961,0,0.258,0.64,119.935,4,4,"instrumental_jazz_fusion",0.66
64208,"1lJWopyBsnNY029HUETv0R","Ella Fitzgerald","Rock Christmas 2022 - The Very Best Of","Frosty The Snowman",0,131733,FALSE,0.502,-7.57,1,0.0513,0.733,0,0.281,0.836,76.783,4,4,"instrumental_jazz_fusion",0.74
64220,"1xbpqLQibJSDku2aug3xet","Ella Fitzgerald","Weihnachten Musik","Frosty The Snowman",0,131733,FALSE,0.502,-7.57,1,0.0513,0.733,0,0.281,0.836,76.783,4,4,"instrumental_jazz_fusion",0.83
64226,"7IWC34SGGMHjFNUHfvkPf5","Ella Fitzgerald","Halloween Hits","Ding-Dong! The Witch Is Dead",2,197573,FALSE,0.248,-12.898,0,0.061,0.827,0,0.0965,0.639,80.542,4,4,"instrumental_jazz_fusion",0.81
64232,"5VKz3I2DXveqU7vLoYIo4z","Ella Fitzgerald","Christmas Dinner 2022","Rudolph The Red-Nosed Reindeer",0,171773,FALSE,0.315,-9.175,1,0.0428,0.961,0,0.258,0.64,119.935,4,4,"instrumental_jazz_fusion",0.78
64233,"2G8eyoZQjaBakG9DFk5NSw","Ella Fitzgerald","Weihnachten Playlist","Rudolph The Red-Nosed Reindeer",0,171773,FALSE,0.315,-9.175,1,0.0428,0.961,0,0.258,0.64,119.935,4,4,"instrumental_jazz_fusion",0.71
64239,"1IgtHMtJcoGSE5gHqC1diy","Ella Fitzgerald","Weihnachten Playlist","Sleigh Ride",0,175986,FALSE,0.287,-12.472,1,0.0469,0.764,0,0.153,0.639,77.117,4,4,"instrumental_jazz_fusion",0.64
64251,"6kOuIhlzgPlqlrWPudpSHL","Shankar;Ehsaan;Loy;Udit Narayan;Sunidhi Chauhan;Gulzar","Bunty Aur Babli","Dhadak Dhadak",45,392411,FALSE,0.807,-5.603,1,0.0866,0.304,0,0.11,0.562,113.975,4,4,"instrumental_jazz_fusion",0.5
64255,"2IWyXbac49Rwk8fYyv4ee7","Nat King Cole","pov: you are an christmas elf","L-O-V-E",0,155306,FALSE,0.373,-7.543,1,0.0801,0.686,0,0.077,0.663,78.231,4,4,"instrumental_jazz_fusion",0.7
64263,"1HSTkEhM3cbOsLBhU8USxm","Nat King Cole","CHRISTMAS TOP HITS 2022","The Christmas Song (Merry Christmas To You)",0,192160,FALSE,0.21,-15.231,1,0.0345,0.92,8.01e-05,0.138,0.208,73.196,5,4,"instrumental_jazz_fusion",0.72
64270,"0bXeqAJeMZ8U0WTYj0ieNI","Nat King Cole;John Legend","All I Want For Christmas Is You","The Christmas Song (Chestnuts Roasting On An Open Fire)",0,210026,FALSE,0.382,-9.243,1,0.0288,0.845,0,0.111,0.165,81.943,4,4,"instrumental_jazz_fusion",0.47
64275,"3YHm3iXVAFFs7EjLPBXEjm","Nat King Cole","All I Want For Christmas Is You","The Christmas Song (Merry Christmas To You)",0,192160,FALSE,0.21,-15.231,1,0.0345,0.92,8.01e-05,0.138,0.208,73.196,5,4,"instrumental_jazz_fusion",0.58
64307,"4BTUoLFbZy69ulVTZoOn5r","Nat King Cole;John Legend","Christmas 2022","The Christmas Song (Chestnuts Roasting On An Open Fire)",0,210026,FALSE,0.382,-9.243,1,0.0288,0.845,0,0.111,0.165,81.943,4,4,"instrumental_jazz_fusion",0.52
64308,"6n2e59aQDqxrIaF2qqvhlY","Nat King Cole","christmas but not christmas songs","Nature Boy",0,174800,FALSE,0.181,-15.143,0,0.0375,0.888,0.000499,0.124,0.106,138.908,3,4,"instrumental_jazz_fusion",0.29
64312,"7wYi5jb7kaQ4IEoSZP91Su","Nat King Cole","Classic Christmas 2022","O Come All Ye Faithful - Remastered 1999",0,141146,FALSE,0.217,-11.745,1,0.0279,0.636,5.92e-06,0.268,0.203,92.202,4,4,"instrumental_jazz_fusion",0.76
64315,"0NvcKIkVy2X8AJKiF1aA0c","Nat King Cole;John Legend","Rock Christmas 2022 - The Very Best Of","The Christmas Song (Chestnuts Roasting On An Open Fire)",0,210026,FALSE,0.382,-9.243,1,0.0288,0.845,0,0.111,0.165,81.943,4,4,"instrumental_jazz_fusion",0.62
64321,"58t7xfViNzX4kVeYTAAlao","Nat King Cole","JULMUSIK","The Christmas Song (Merry Christmas To You)",0,192160,FALSE,0.21,-15.231,1,0.0345,0.92,8.01e-05,0.138,0.208,73.196,5,4,"instrumental_jazz_fusion",0.76
64325,"2Pyps7E6XfiEg27Hhihd20","Nat King Cole","Weihnachten Playlist","Deck The Halls",0,69000,FALSE,0.393,-10.889,1,0.0394,0.652,0,0.0845,0.97,107.172,4,4,"instrumental_jazz_fusion",0.78
64328,"2IjHpqkc0vO2iLvZ857Rnq","Nat King Cole","60s Christmas Party","Deck The Halls - Remastered 1999",0,68760,FALSE,0.437,-10.522,1,0.0491,0.742,1.63e-05,0.224,0.964,107.607,4,4,"instrumental_jazz_fusion",0.51
64333,"3nNWzKzHeJ21LwEgmSg9QX","Nat King Cole","pov: you saw mommy kissing santa claus","The Christmas Song (Merry Christmas To You)",0,192373,FALSE,0.0623,-16.836,1,0.05,0.994,0.157,0.106,0.17,91.205,3,4,"instrumental_jazz_fusion",0.77
64343,"5IDp1BzLcYV4s5yEHBOnuY","Nat King Cole","Heilig Abend","O Tannenbaum - Remastered 1999",0,180200,FALSE,0.228,-14.186,1,0.0364,0.811,0.000166,0.199,0.198,90.001,4,4,"instrumental_jazz_fusion",0.71
64345,"69d9Rusw6W1cZyat1l96tO","Nat King Cole","The Greatest Jazz Mix","On The Street Where You Live",1,192826,FALSE,0.421,-10.346,1,0.0397,0.61,0,0.195,0.326,71.923,4,4,"instrumental_jazz_fusion",0.86
64346,"2zrBDmnwMJYYFnC5SNxS9a","Nat King Cole","pov: you ride on santa's sleigh","O Tannenbaum - Remastered 1999",0,180200,FALSE,0.228,-14.186,1,0.0364,0.811,0.000166,0.199,0.198,90.001,4,4,"instrumental_jazz_fusion",0.51
64349,"4Ki4hB64yGgl6OWndtkjf6","Nat King Cole","Weihnachten Musik","The Happiest Christmas Tree - Remastered 2009",0,105346,FALSE,0.644,-11.781,1,0.905,0.704,0,0.781,0.866,206.13,4,4,"instrumental_jazz_fusion",0.79
64366,"0hd3hAqH4iDxQxEuqYkJZF","Dean Martin","World's Best Christmas Playlist","Baby, It's Cold Outside",0,143733,FALSE,0.196,-16.093,1,0.0601,0.88,0,0.0513,0.525,129.581,4,4,"instrumental_jazz_fusion",0.8
64382,"19UYv6UJvgjw2kPXcno6N9","Dean Martin","Santa Claus Is Coming To Town","Let It Snow! Let It Snow! Let It Snow!",0,115240,FALSE,0.332,-10.312,1,0.037,0.787,0,0.373,0.683,134.999,4,4,"instrumental_jazz_fusion",0.82
64387,"5rdjOYVszzHdpbxGu3JIZn","Dean Martin","Holiday Anthems 2022","Baby, It's Cold Outside",0,143733,FALSE,0.196,-16.093,1,0.0601,0.88,0,0.0513,0.525,129.581,4,4,"instrumental_jazz_fusion",0.6
64401,"7F2gQ0l89VthRQIiD20J3A","Dean Martin","pov: you are walking in a winter wonderland","Baby, It's Cold Outside",0,143733,FALSE,0.196,-16.093,1,0.0601,0.88,0,0.0513,0.525,129.581,4,4,"instrumental_jazz_fusion",0.76
64419,"0gYoxml65MapKIfknvT4V3","Dean Martin","Weihnachten Playlist","Let It Snow! Let It Snow! Let It Snow!",0,115240,FALSE,0.332,-10.312,1,0.037,0.787,0,0.373,0.683,134.999,4,4,"instrumental_jazz_fusion",0.78
64432,"4N0QRParKSzFyEtqSIDT97","Dean Martin","Beste Weihnachtslieder","Let It Snow, Let It Snow, Let It Snow - Remastered",0,121026,FALSE,0.214,-15.215,1,0.0326,0.885,1.46e-06,0.052,0.741,133.436,4,4,"instrumental_jazz_fusion",0.5
64433,"30BzGYPo3vemThl8N65MlV","Dean Martin","Calm Christmas","I've Got My Love To Keep Me Warm - Remastered 1996",0,166493,FALSE,0.148,-15.579,1,0.0367,0.766,0,0.204,0.643,138.997,4,4,"instrumental_jazz_fusion",0.62
64437,"6Oj0CylkftUHZu1jR5INhX","Dean Martin","Christmas Only: The Timeless Classic Collection","Let It Snow, Let It Snow, Let It Snow",0,116413,FALSE,0.36,-9.188,1,0.0374,0.828,0.000127,0.15,0.682,133.568,4,4,"instrumental_jazz_fusion",0.74
64439,"6MKolpMQD5h7xNuo9jpZ9q","Dean Martin","Weihnachten Musik","Let It Snow! Let It Snow! Let It Snow!",0,115240,FALSE,0.332,-10.312,1,0.037,0.787,0,0.373,0.683,134.999,4,4,"instrumental_jazz_fusion",0.78
64446,"4Z6PORkOT1A0ttMvnnYQzS","Dean Martin","christmas but not christmas songs","Ain't That A Kick In The Head",0,147293,FALSE,0.252,-11.93,0,0.0557,0.6,0,0.3,0.72,131.793,4,4,"instrumental_jazz_fusion",0.62
64459,"4HURIP867U6Bllu0fa4ypq","Etta James","Desayuno en calma","At Last",0,182533,FALSE,0.347,-8.785,1,0.0309,0.692,0.000432,0.337,0.256,176.118,3,4,"instrumental_jazz_fusion",0.7
64460,"2jBGtK7ChvwIX75iyLcdJ2","Billie Holiday","Jazz Romance","You Go To My Head",0,174866,FALSE,0.0973,-16.264,1,0.0468,0.986,0.000104,0.155,0.212,67.561,4,4,"instrumental_jazz_fusion",0.79
64464,"42HNWQGyzDlWLRFD9m8k1S","Dean Martin","pov: you are walking in a winter wonderland","A Winter Romance",0,179706,FALSE,0.0692,-20.117,1,0.0314,0.912,0.000549,0.335,0.241,81.644,4,4,"instrumental_jazz_fusion",0.62
64483,"1qG5YcviyX2U4vQti2QDQH","Dean Martin","pov: you rock around the christmas tree","Let It Snow! Let It Snow! Let It Snow!",0,115240,FALSE,0.332,-10.312,1,0.037,0.787,0,0.373,0.683,134.999,4,4,"instrumental_jazz_fusion",0.79
64485,"1qMOxbEFPVGDDSYfcUpqCP","Dean Martin","pov: you ride on santa's sleigh","Baby, It's Cold Outside - Remastered 2004",0,143026,FALSE,0.304,-11.543,1,0.0632,0.81,0,0.0546,0.521,129.321,4,4,"instrumental_jazz_fusion",0.3
64514,"0LEsbrfyc3hIaj1uuGs7pc","George Benson","80's","Give Me the Night (Single Version)",0,298080,FALSE,0.801,-6.409,1,0.0611,0.476,0.0126,0.387,0.856,110.132,4,4,"instrumental_jazz_fusion",0.82
64515,"3LmYMHpOQaZ8YvgPrXtYJu","Antônio Carlos Jobim","Chill in Brazil","Triste",1,181600,FALSE,0.396,-13.921,1,0.029,0.738,0.159,0.116,0.578,136.489,4,4,"instrumental_jazz_fusion",0.91
64527,"2i6Zgt3uFaupWIcpvRORMn","B.B. King","Home For Christmas 2022","Please Come Home For Christmas",0,291440,FALSE,0.533,-7.337,1,0.0245,0.261,0.0471,0.314,0.288,96.459,3,4,"instrumental_jazz_fusion",0.8
64529,"3Y9LIYX0Wl4cwUJ8VGJTvP","Tony Bennett;Lady Gaga","Rockin' Around The Christmas Tree 2022","Winter Wonderland",0,149306,FALSE,0.497,-6.676,1,0.0319,0.727,3.95e-05,0.102,0.72,126.014,4,4,"instrumental_jazz_fusion",0.83
64530,"7bCbMckKLGY2ZPopMbWc2W","Tony Bennett;Lady Gaga","Holiday Tunes 2022","Winter Wonderland",0,149306,FALSE,0.497,-6.676,1,0.0319,0.727,3.95e-05,0.102,0.72,126.014,4,4,"instrumental_jazz_fusion",0.84
64537,"4hC2YJ7vTBMwr2qIIaEvMF","Gregory Porter","Christmas Day Chill","The Christmas Song",0,224906,FALSE,0.09,-21.296,0,0.0321,0.838,0.00266,0.0998,0.157,65.825,4,4,"instrumental_jazz_fusion",0.68
64542,"3iJ5YerM9w9nq8vU4gicL6","Astrud Gilberto","The Greatest Jazz Mix","Day By Day",0,129306,FALSE,0.24,-15.817,0,0.0354,0.343,0,0.0741,0.339,77.712,4,4,"instrumental_jazz_fusion",0.63
64543,"6bGyX75xUytV0Ze8CY18UR","Bill Evans","Essential Christmas Cocktail Party","Santa Claus Is Coming To Town",0,264360,FALSE,0.31,-16.749,1,0.0446,0.672,0.0954,0.14,0.649,92.421,4,4,"instrumental_jazz_fusion",0.65
64544,"7vPtqsDDVsMQabAtlkNmmj","Tony Bennett;Lady Gaga","Christmas Classics","Winter Wonderland",0,149306,FALSE,0.497,-6.676,1,0.0319,0.727,3.95e-05,0.102,0.72,126.014,4,4,"instrumental_jazz_fusion",0.39
64566,"3rRKLdCj1kavcwg9Z6BxAk","Jamie Cullum","CHRISTMAS TOP HITS 2022","It's Christmas",0,194706,FALSE,0.447,-7.932,1,0.0404,0.224,0,0.0704,0.365,123.855,4,4,"instrumental_jazz_fusion",0.66
64571,"0F5GuukYSgfX6ALuyrCgMH","Jamie Cullum","Holidays Are Coming","It's Christmas",0,194706,FALSE,0.447,-7.932,1,0.0404,0.224,0,0.0704,0.365,123.855,4,4,"instrumental_jazz_fusion",0.87
64577,"3e8V29PYhoHxZY9lQ84Boe","Jamie Cullum","All I Want For Christmas Is You","It's Christmas",0,180626,FALSE,0.533,-6.161,0,0.047,0.5,0,0.0875,0.478,136.854,4,4,"instrumental_jazz_fusion",0.76
64581,"2dRASJxcSCsaT9WiOC4tnu","Jamie Cullum","World's Best Christmas Playlist","Show Me The Magic",0,150412,FALSE,0.489,-5.594,0,0.04,0.238,0,0.29,0.543,123.573,4,4,"instrumental_jazz_fusion",0.55
64589,"6ajujXL9Ak5kowvMBDaTc5","Jamie Cullum","Rockin' Around The Christmas Tree 2022","Hang Your Lights",0,296680,FALSE,0.605,-7.059,0,0.0794,0.188,0,0.241,0.747,202.175,4,4,"instrumental_jazz_fusion",0.46
64593,"6hBPDTyokEZHXwADGdJRMQ","Louis Prima;Keely Smith;Sam Butera & The Witnesses","christmas but not christmas songs","Buona Sera - Remastered 2002",0,180093,FALSE,0.459,-8.069,1,0.0537,0.689,0,0.0346,0.852,99.931,4,4,"instrumental_jazz_fusion",0.66
64611,"4FqK9ZI76A3ClDvJRbbW9c","Peggy Lee","Christmas Songs 2022","Happy Holiday",0,115506,FALSE,0.499,-9.301,1,0.0448,0.829,1.75e-06,0.154,0.69,192.76,3,4,"instrumental_jazz_fusion",0.81
64626,"7vc0GwMQ3XlZHGYktErg5I","Peggy Lee","pov: you are walking in a winter wonderland","The Christmas Waltz",0,173106,FALSE,0.168,-16.789,0,0.0329,0.822,0.000135,0.136,0.141,107.269,3,4,"instrumental_jazz_fusion",0.52
64631,"78Q5ib2g8KHXqOeWbbUQKr","Peggy Lee","Desayuno en calma","Black Coffee - Single Version",0,186693,FALSE,0.194,-10.63,1,0.0433,0.84,9e-06,0.169,0.171,129.533,4,4,"instrumental_jazz_fusion",0.36
64642,"5Ztw19POZVio1lQE27ZLVO","Peggy Lee","Xmas Classics 2022","I Like A Sleighride (Jingle Bells)",0,125613,FALSE,0.451,-8.001,1,0.0375,0.75,0,0.0503,0.737,122.912,4,4,"instrumental_jazz_fusion",0.61
64652,"0mHKNruyEQ4NgVpnqov5wv","Dpsht","Poppy","Poppy",57,104797,FALSE,0.172,-14.949,1,0.0998,0.894,0.918,0.109,0.433,147.838,4,4,"instrumental_jazz_fusion",0.61
64653,"5fqDXVrqZRCtyOVFQBONc6","Konteks","Outer","Backdrop",58,149333,FALSE,0.293,-10.533,0,0.0496,0.142,0.782,0.0387,0.203,89.958,4,4,"instrumental_jazz_fusion",0.49
64659,"6RS4tsqzQgalAUV1VbuKQg","Julie London","Jazz Romance","I'm Glad There Is You",0,147413,FALSE,0.0671,-15.671,0,0.0399,0.958,0.000968,0.109,0.165,124.908,4,4,"instrumental_jazz_fusion",0.88
64662,"006tmNZLXEXPqdb23wwSN1","İlhan İrem","Bezginin Gizli Mektupları","Yemyeşil Bir Deniz",44,358173,FALSE,0.568,-9.199,0,0.0417,0.652,0,0.834,0.65,127.184,4,4,"instrumental_jazz_fusion",0.65
64669,"3VV5d66lAtFIusefvr1ssz","Vince Guaraldi Trio","Happy Christmas Instrumentals","Skating",0,145640,FALSE,0.297,-17.103,1,0.0321,0.75,0.535,0.129,0.551,130.342,4,4,"instrumental_jazz_fusion",0.64
64682,"5YuuJX4OkMGKuVhENvWxGv","Vince Guaraldi Trio","Best Christmas Playlist Ever 2022","Linus And Lucy",0,185453,FALSE,0.386,-14.177,1,0.038,0.784,0.927,0.167,0.695,81.774,4,4,"instrumental_jazz_fusion",0.56
64695,"2I2EFhXZEpeHmgeUIu9knp","Vince Guaraldi Trio","Ultimate Calm Christmas Jazz","What Child Is This",0,144933,FALSE,0.3,-13.766,0,0.0295,0.929,0.939,0.127,0.468,85.218,4,4,"instrumental_jazz_fusion",0.54
64697,"0iOlnzB8X94Ia2Qwe3G6u9","Julie London","The Greatest Jazz Mix","Diamonds Are A Girl's Best Friend",0,119733,FALSE,0.306,-8.247,1,0.0404,0.822,0,0.0993,0.608,171.829,4,4,"instrumental_jazz_fusion",0.54
64700,"4rfh0qEv1HdKRXWiRXfzWF","Harry James","Texas Chatter","It's Been a Long, Long Time",61,205773,FALSE,0.216,-9.66,1,0.03,0.945,0.00116,0.325,0.362,75.258,4,4,"instrumental_jazz_fusion",0.62
64712,"13cpOnmccZGVGFngLxYN4I","Kenny G","Breathless","Forever in Love",55,299493,FALSE,0.318,-14.901,1,0.0312,0.336,0.158,0.17,0.11,81.993,4,4,"instrumental_jazz_fusion",0.91
64720,"6Ad2BCQGByNSDSYAdn9iEk","Bobby Timmons","Young Chet","Autumn In New York",39,128773,FALSE,0.112,-19.046,1,0.0454,0.994,0.871,0.0952,0.15,68.879,4,4,"instrumental_jazz_fusion",0.48
64729,"2LvtkR0gz5SJ8Tz4hV6z35","Lollypop Lorry","Live at Octopus","I Won't Let You Go (Live)",42,122334,FALSE,0.509,-6,0,0.0344,0.107,1.42e-05,0.0471,0.902,126.076,4,4,"instrumental_jazz_fusion",0.7
64731,"27LtwN20Rvhi6LVmUaaucZ","Ezginin Günlügü","İlk Aşk","Zerdaliler",45,260480,FALSE,0.292,-10.662,0,0.0497,0.94,0.00121,0.11,0.293,86.411,1,4,"instrumental_jazz_fusion",0.71
64734,"4keovyJwAJest604xwXXEC","Sarah Vaughan","Desayuno en calma","Misty",0,178400,FALSE,0.288,-10.647,1,0.0359,0.892,1.84e-06,0.336,0.143,66.13,4,4,"instrumental_jazz_fusion",0.59
64741,"5OGh55D2BCGYzwn3wEeJAN","Vince Guaraldi Trio","All I want For Christmas Is Music","Christmas Time Is Here",0,163093,FALSE,0.122,-21.34,0,0.0319,0.984,4.4e-05,0.172,0.104,75.271,3,4,"instrumental_jazz_fusion",0.52
64754,"0yEGDxJqqwRq2n1DCbUIAM","Mr. Käfer;Eu93ne","Inner Courage","Inner Courage",58,172000,FALSE,0.321,-10.609,1,0.0814,0.911,0.912,0.1,0.964,144.041,4,4,"instrumental_jazz_fusion",0.42
64758,"7M9pPyt8Gr41THLhbz4NSB","Nina Simone","Broadway-Blues-Ballads","Don't Let Me Be Misunderstood",60,166200,FALSE,0.501,-11.296,0,0.0731,0.778,0,0.305,0.532,158.348,4,4,"instrumental_jazz_fusion",0.61
64768,"7t3q4ghl6rphMXn0oOJhUr","Michael Bublé;Meghan Trainor","Nobody but Me (Deluxe)","Someday (feat. Meghan Trainor)",58,203453,FALSE,0.539,-6.08,1,0.0392,0.18,0,0.0748,0.934,94.98,4,4,"instrumental_jazz_fusion",0.82
64777,"5RtowNGRzi71N0vz38qJ8R","Bo Kaspers Orkester","Dansa på min grav","Dansa på min grav",41,219253,FALSE,0.342,-10.064,1,0.0298,0.696,0.0793,0.112,0.338,111.992,4,4,"instrumental_jazz_fusion",0.75
64779,"3soQ0e19kGGF6CDyCoZvrt","Müzeyyen Senar","Esiri Zülfünüm","Akşam Oldu Hüzünlendim Ben Yine",42,166680,FALSE,0.471,-8.347,0,0.0359,0.913,0.00328,0.316,0.349,104.432,4,4,"instrumental_jazz_fusion",0.67
64780,"5Gs8gP5ipvByxTuRFMbdvi","Jazzystics;Nenei","Vintage Café: Lounge and Jazz Blends, Vol. 22","Levitating",0,225500,FALSE,0.468,-12.283,0,0.0587,0.129,1.84e-05,0.107,0.523,80.043,4,4,"instrumental_jazz_fusion",0.7
64815,"0E8q2Fx2XuzXCO2NSAppkR","Duke Ellington;John Coltrane","Duke Ellington & John Coltrane","In A Sentimental Mood",65,255226,FALSE,0.305,-12.435,0,0.0316,0.936,0.0846,0.208,0.282,108.229,4,4,"instrumental_jazz_fusion",0.47
64836,"6nJi2wdbnVaMKCWoeHbMni","Ruth Sahanaya","Greatest Hits","Bawa Daku Pergi",40,328906,FALSE,0.786,-6.729,1,0.0513,0.186,0.00216,0.118,0.675,113.034,4,4,"instrumental_jazz_fusion",0.74
64844,"5hLiMgK0oIx8t9AwO3Pm3P","Madeleine Peyroux","Careless Love","Don't Cry Baby",39,198346,FALSE,0.353,-10.339,1,0.0317,0.889,0.012,0.109,0.236,105.908,4,4,"instrumental_jazz_fusion",0.65
64871,"0RAKF0lg3EvPQAKHMnsqO2","Dian Pramana Poetra;Deddy Dhukun","5 Bintang Populer","Masih Ada",39,240946,FALSE,0.376,-8.329,0,0.0328,0.558,0.000104,0.172,0.268,121.225,4,4,"instrumental_jazz_fusion",0.67
64881,"7xMxs0Olfv0KKeaXmBZHYH","Doğan Canku","Best Of +3","Gecelerim",38,162801,FALSE,0.289,-9.519,0,0.0393,0.926,1.09e-06,0.121,0.669,91.664,4,4,"instrumental_jazz_fusion",0.79
64882,"5x122P9MQZkbJb1WUzElJ7","Brian Culbertson","Essential Christmas Cocktail Party","Jingle Bells",0,251506,FALSE,0.744,-8.318,1,0.0543,0.284,0.858,0.937,0.463,95.138,4,4,"instrumental_jazz_fusion",0.7
64890,"7KvE6pHVijDMMWjJ0DypKJ","Mel Tormé","Christmas Best Hits 2022","The Christmas Song - Live At The Crescendo Club, Hollywood, CA / December 15, 1954",0,185266,FALSE,0.0417,-19.916,1,0.035,0.948,0,0.12,0.225,100.098,1,4,"instrumental_jazz_fusion",0.54
64891,"0TtaAamcGe5CJbMazy2nxv","Mel Tormé","All I Want For Christmas Is You","The Christmas Song - Live At The Crescendo Club, Hollywood, CA / December 15, 1954",0,185266,FALSE,0.0417,-19.916,1,0.035,0.948,0,0.12,0.225,100.098,1,4,"instrumental_jazz_fusion",0.65
64900,"1DhIZ6MAZRPXro2JLRDYr7","Perry Como","Take It Easy With Perry Como","Killing Me Softly With Her Song",47,268160,FALSE,0.117,-22.655,0,0.0299,0.926,0.00522,0.109,0.243,103.712,4,4,"instrumental_jazz_fusion",0.66
64926,"5fzii5v8A2PmlvML2ziF9n","Ella Fitzgerald","My Funny Valentine: The Rodgers And Hart Songbook","Isn't It Romantic?",37,180506,FALSE,0.187,-14.734,0,0.0404,0.924,5.08e-06,0.0887,0.25,73.461,4,4,"instrumental_jazz_fusion",0.44
64930,"3KThRpXIa6uyM9AMBpfBjM","Müzeyyen Senar","Gelse O Şuh Meclise (Deluxe)","Gündüzüm Seninle",39,187750,FALSE,0.237,-13.597,1,0.0387,0.974,0.102,0.145,0.233,124.733,4,4,"instrumental_jazz_fusion",0.9
64935,"4Lqk2GpiFB0ZRL2o62eL5U","Tony Esposito","Tony Esposito","Papa Chico",38,241932,FALSE,0.256,-17.652,1,0.0549,0.261,0.000675,0.06,0.775,97.796,4,4,"instrumental_jazz_fusion",0.48
64938,"0eGSoRXnMmIlkwJaZAt2fi","Sammy Davis Jr.","pov: you are an christmas elf","Something's Gotta Give - Single Version",0,124040,FALSE,0.341,-8.722,0,0.0452,0.727,0,0.0601,0.638,138.656,3,4,"instrumental_jazz_fusion",0.96
64967,"1xhNZa02TcBmtAThitATDo","Andien","Metamorfosa","Indahnya Dunia",37,324920,FALSE,0.468,-11.302,1,0.0276,0.857,0.00576,0.235,0.521,136.004,4,4,"instrumental_jazz_fusion",0.37
64974,"6k9i1ZHcGUF2tTY1gvpBp8","Scott Hamilton;Hans Backenroth;Kristian Leth;Jan Lundgren","Fraser Macpherson from the Pen Of","Night Spot",1,372447,FALSE,0.271,-13.538,1,0.0336,0.77,0.457,0.134,0.561,101.771,4,4,"instrumental_jazz_fusion",0.46
64983,"3Nsn3y2IpzcuDIKZDgS3oS","Luis Arcaraz Y Su Orquesta","Cita Con Luis Arcaraz","Viajera",37,197373,FALSE,0.332,-7.029,1,0.0261,0.918,0.00236,0.366,0.429,97.086,4,4,"instrumental_jazz_fusion",0.65
64986,"2awoFGsXQwiU935BUlM6Wf","Gil Scott-Heron","Glitch The Ultimate Fantasy Playlist","Alien",0,572426,FALSE,0.727,-11.668,1,0.593,0.766,0,0.959,0.596,107.96,4,4,"instrumental_jazz_fusion",0.7
64987,"2Lpy3EwCxTCDnpSoraugYc","Madeleine Peyroux","Half The Perfect World","Half The Perfect World",36,261453,FALSE,0.222,-14.259,0,0.0287,0.954,0.184,0.119,0.355,109.163,4,4,"instrumental_jazz_fusion",0.61
64991,"760Z6GTmf5KVEC0goW8doX","Elis Regina","The Essential","O Trem Azul",37,273026,FALSE,0.716,-6.618,1,0.0408,0.673,0.0102,0.122,0.401,139.556,4,4,"instrumental_jazz_fusion",0.38
64996,"7iDDlE7hd3j6MhPHktza8o","C.V. Jørgensen","Tidens Tern","Sæsonen er slut",38,273200,FALSE,0.651,-8.651,1,0.0348,0.553,2.28e-06,0.107,0.596,124.984,4,4,"instrumental_jazz_fusion",0.72
64999,"46kKB60L52z7OXqZaxc8pJ","Billo's","Exitos De Billo's Caracas Boys","Mi Cali Bella",38,187959,FALSE,0.621,-6.782,0,0.0816,0.49,1.15e-05,0.131,0.877,195.995,4,4,"instrumental_jazz_fusion",0.93
65016,"1I2MEjnS9c4OPMnKWbIuYs","BLACKPINK","BORN PINK","Hard to Love",80,162569,TRUE,0.723,-6.214,1,0.0491,0.00503,0,0.176,0.443,105.001,4,9,"global_dance_urban",0.57
65017,"6bvZRLLkBKkmgpBJTTj3QK","BLACKPINK","THE ALBUM","How You Like That",75,180956,FALSE,0.787,-4.254,1,0.0777,0.0452,0.000107,0.0506,0.326,130.018,4,9,"global_dance_urban",0.56
65019,"6tCd8bPvYnceDG7W9M1RMk","BLACKPINK","BORN PINK","Shut Down",87,175889,FALSE,0.657,-6.447,1,0.0372,0.00269,0,0.183,0.651,110.053,3,9,"global_dance_urban",0.59
65021,"1pean7zvZUqcWZaUucH63f","Dhanush;Anirudh Ravichander","Thaai Kelavi (From ""Thiruchitrambalam"")","Thaai Kelavi (From ""Thiruchitrambalam"")",76,258909,FALSE,0.92,-3.469,0,0.188,0.0352,1.4e-05,0.314,0.494,82.508,4,9,"global_dance_urban",0.15
65024,"5YMXGBD6vcYP7IolemyLtK","BTS","Love Yourself 結 'Answer'","Euphoria",78,228615,FALSE,0.799,-4.518,1,0.0338,0.394,0,0.0921,0.57,104.996,4,9,"global_dance_urban",0.23
65034,"5K6JpLRCdbIQigdJp2jFWQ","Yuvan Shankar Raja;MC Vickey;Durai","Thotta Load Aage Waiting (From ""Laththi"")","Thotta Load Aage Waiting - From ""Laththi""",47,198971,FALSE,0.739,-8.896,0,0.0567,0.0292,1.18e-06,0.0799,0.593,91.99,4,9,"global_dance_urban",0.58
65042,"6jjYDGxVJsWS0a5wlVF5vS","BTS","Proof","Butter",83,164952,FALSE,0.459,-5.187,1,0.0948,0.00323,0,0.0788,0.695,109.997,4,9,"global_dance_urban",0.49
65051,"6TGX01ExmdHyOG72fqUU3Q","Jubin Nautiyal","Bajrangi Bhaijaan","Zindagi Kuch Toh Bata (Reprise)",64,258877,FALSE,0.615,-7.118,1,0.0372,0.491,0.000111,0.104,0.225,123.988,4,9,"global_dance_urban",0.45
65057,"0yB4jrSwN0bFtFRDR5vyMj","EXO","LOVE SHOT– The 5th Album Repackage","Love Shot",74,200306,FALSE,0.678,-4.287,0,0.119,0.0702,0,0.0889,0.335,145.883,4,9,"global_dance_urban",0.48
65059,"6Ho58vQUjGnBU9m8Z6uNcv","BLACKPINK","BORN PINK","Tally",78,184248,TRUE,0.606,-5.997,1,0.0308,0.00817,0,0.0942,0.447,129.942,4,9,"global_dance_urban",0.14
65061,"0dUbhFM18NyBDDpiktEQLk","Alka Yagnik;Udit Narayan","Qayamat Se Qayamat Tak","Ae Mere Humsafar",63,355840,FALSE,0.499,-12.909,0,0.0356,0.499,5.01e-05,0.308,0.551,103.104,4,9,"global_dance_urban",0.36
65067,"1GMufNnkKAnPLnqKJ5HHxW","BLACKPINK","THE ALBUM","Lovesick Girls",73,192765,FALSE,0.732,-4.762,1,0.0654,0.00513,0,0.13,0.409,127.995,4,9,"global_dance_urban",0.59
65070,"3jsYQw78lrxJA2ysnmOIf9","BOL4","Red Diary Page.1","Some",74,181373,FALSE,0.799,-2.849,0,0.0629,0.417,0,0.0562,0.782,103.991,4,9,"global_dance_urban",0.48
65074,"5GK7eDDTVz7CTge1wJrDQW","BLACKPINK","Kill This Love","Kill This Love",71,189052,FALSE,0.861,-4.141,1,0.237,0.318,0.00182,0.325,0.58,131.98,4,9,"global_dance_urban",0.39
65088,"21hB8x6QTEsTfIDENPcyXm","BLACKPINK","BORN PINK","The Happiest Girl",78,222025,FALSE,0.352,-9.632,1,0.057,0.587,0,0.14,0.548,181.517,3,9,"global_dance_urban",0.75
65104,"2xgACMNtJ5YktyvOC83SPO","ROSÉ","R","On The Ground",72,168085,FALSE,0.607,-6.578,1,0.11,0.0174,0,0.131,0.286,188.7,4,9,"global_dance_urban",0.73
65110,"5pZEThCuY84PiajfmeOJ3i","Jack Harlow","Back to School!","First Class",1,173947,TRUE,0.563,-6.135,1,0.102,0.0254,9.71e-06,0.113,0.324,106.998,4,9,"global_dance_urban",0.71
65125,"66sBTYlkaiyBwf4fhbIHlZ","JIN","Jirisan (Original Television Soundtrack) Pt. 4","Yours",75,264840,FALSE,0.427,-7.383,1,0.0382,0.354,0,0.0797,0.157,72.035,4,9,"global_dance_urban",0.59
65138,"7ItTtfj4WQHe4SKNM22QFT","Jack Harlow;Pooh Shiesty","New Grooves","SUVs (Black on Black)",0,157675,FALSE,0.706,-4.569,1,0.425,0.139,0,0.0994,0.44,163.191,4,9,"global_dance_urban",0.57
65147,"6YcBBZVKYYRirfeAt6BeGA","Yuvan Shankar Raja;Mano;Premgi Amaren;Tippu;Haricharan;Naveen Madhav","Mankatha (Original Motion Picture Soundtrack)","Machi Open the Bottle",59,285973,FALSE,0.92,-6.243,1,0.277,0.664,0.000339,0.216,0.767,169.944,4,9,"global_dance_urban",0.49
65153,"2WH4oy1SYppZrcdgKwSA0j","BTS;Lauv","Make It Right (feat. Lauv)","Make It Right (feat. Lauv)",69,226321,FALSE,0.68,-7.809,1,0.422,0.0304,0,0.189,0.343,97.568,4,9,"global_dance_urban",0.58
65161,"3O8G8eVrhfXTGttyQ1xVuq","Stray Kids","MAXIDENT","CASE 143",82,191964,FALSE,0.89,-2.661,0,0.209,0.0961,0,0.0222,0.69,100.006,4,9,"global_dance_urban",0.49
65165,"6MgM415sTN6TUh3B3YlWCW","Jack Harlow","Internet Sensations","Nail Tech",1,206385,TRUE,0.581,-7.678,0,0.0884,0.0029,7.76e-06,0.119,0.113,150.149,4,9,"global_dance_urban",0.53
65171,"16ejic4tkC645g8FwuqIHA","Jack Harlow;Drake","Totally Rap","Churchill Downs",0,309327,TRUE,0.522,-9.102,1,0.36,0.615,0,0.11,0.37,96.448,4,9,"global_dance_urban",0.12
65189,"0rAuw3mWHHQZm5iczkEJHU","Jack Harlow","On Chill - Rap & RnB","First Class",0,173947,TRUE,0.563,-6.135,1,0.102,0.0254,9.71e-06,0.113,0.324,106.998,4,9,"global_dance_urban",0.69
65192,"1IthE5GNiRzFN5CVaCa445","BTS","Proof","Born Singer",75,238628,FALSE,0.841,-3.334,0,0.109,0.0354,0,0.235,0.684,157.937,4,9,"global_dance_urban",0.52
65194,"50a2d6g5kpr3wt98Jw2Tns","Jack Harlow","Trending Pop","First Class",0,173947,TRUE,0.563,-6.135,1,0.102,0.0254,9.71e-06,0.113,0.324,106.998,4,9,"global_dance_urban",0.6
65210,"37ZtpRBkHcaq6hHy0X98zn","TWICE","Eyes Wide Open","I CAN'T STOP ME",76,205493,FALSE,0.88,-3.672,0,0.102,0.121,0,0.463,0.769,150.084,4,9,"global_dance_urban",0.47
65217,"7lrqvdivAYRGEiO8JFP31G","BTS;Halsey","MAP OF THE SOUL : 7","Boy With Luv (Feat. Halsey)",70,229773,FALSE,0.862,-4.761,0,0.0845,0.0933,0,0.193,0.803,119.947,4,9,"global_dance_urban",0.14
65220,"595KzWuJcU2snbm5xFoD5J","Yuvan Shankar Raja;Rahul Nambiar","Veeraa Sooraa (From ""Nene Vasthunna"")","Veeraa Sooraa",55,205145,FALSE,0.751,-8.044,1,0.0703,0.121,1.45e-05,0.233,0.513,99.976,4,9,"global_dance_urban",0.13
65224,"7Ki0hse0IfXEcXUlpyECbJ","BTS","BE","Blue & Grey",71,254950,FALSE,0.605,-6.755,1,0.0415,0.42,0,0.125,0.364,121.953,4,9,"global_dance_urban",0.2
65226,"4wUOdPcYoqYZGM2wSdoLQu","Yuvan Shankar Raja;Sagar Desai","Awaara (Original Motion Picture Soundtrack)","Nee Yadalo Naaku",56,292826,FALSE,0.363,-6.691,0,0.033,0.0301,0.0609,0.11,0.454,105.034,4,9,"global_dance_urban",0.33
65230,"3LSjYk6sFQaLi0MjtWcm8P","BTS","MAP OF THE SOUL : PERSONA","Make It Right",70,226321,FALSE,0.706,-7.874,1,0.448,0.0104,0,0.132,0.259,105.782,4,9,"global_dance_urban",0.73
65233,"4Aw8n6r2vuU0KUo1a2nftp","BTS","MAP OF THE SOUL : 7","Louder than bombs",71,217404,FALSE,0.667,-6.947,0,0.151,0.0432,0,0.0904,0.478,145.999,4,9,"global_dance_urban",0.14
65259,"0LatE4S9UtCDwIdGQsFFKL","Stray Kids","NOEASY","Red Lights (Bang Chan, Hyunjin)",74,189906,FALSE,0.74,-4.311,0,0.0509,0.179,0,0.612,0.336,127.974,4,9,"global_dance_urban",0.58
65265,"4DjcBr310LtxxR6wq4sJRv","Anuradha Paudwal;Udit Narayan","Dil","Mujhe Neend Na Aaye",56,373573,FALSE,0.669,-10.788,0,0.0511,0.819,0.0206,0.281,0.713,149.928,4,9,"global_dance_urban",0.48
65271,"1D6lK8qADoErTTLkY4YBfM","CHEN;Punch","Descendants Of The Sun Pt.2 (Original Television Soundtrack)","Everytime",67,189355,FALSE,0.736,-4.364,1,0.0321,0.483,0,0.18,0.495,90.002,4,9,"global_dance_urban",0.54
65274,"474VqnPDr0251lsQBB8sQB","BTS;Megan Thee Stallion","Butter (Megan Thee Stallion Remix)","Butter - Megan Thee Stallion Remix",70,164457,FALSE,0.588,-4.971,1,0.136,0.00308,0,0.109,0.774,109.958,4,9,"global_dance_urban",0.27
65287,"6CdUgvL597jWmW4w8P5kHs","TAEYEON","My Voice - The 1st Album","Fine",69,209157,FALSE,0.565,-4.898,1,0.0608,0.358,0,0.0448,0.311,173.281,4,9,"global_dance_urban",0.73
65288,"3YfG9ch4qcYbDhwVtDuzQm","Yuvan Shankar Raja;Haricharan;Tanvi Shah","All About Love: Yuvanshankar Raja","Thuli Thuli (From ""Paiya"")",56,283346,FALSE,0.528,-7.431,0,0.0312,0.257,0.0019,0.112,0.634,92.021,4,9,"global_dance_urban",0.62
65292,"0kkkNUhAlQwm2WyMMt63qo","Vidyasagar;S. P. Balasubrahmanyam;S. Janaki","Karna (Original Motion Picture Soundtrack)","Malare",55,305133,FALSE,0.44,-11.325,1,0.0271,0.37,3.81e-05,0.0666,0.614,111.003,4,9,"global_dance_urban",0.61
65294,"7fGcPKzKiXAVL0mqesq4dT","Yuvan Shankar Raja;Karthik;Sunitha Sarathy","Paiya (Original Motion Picture Soundtrack)","Suthudhe Suthudhe",54,295906,FALSE,0.844,-8.593,0,0.0385,0.118,0.0123,0.0979,0.591,119.994,4,9,"global_dance_urban",0.53
65295,"0f6cGe7JVOKXfTUZCvj43L","Ilaiyaraaja;Yuvan Shankar Raja;Ramya NSK","Neethaane En Ponvasantham (Original Motion Picture Soundtrack)","Saayndhu Saayndhu",55,367746,FALSE,0.386,-9.91,0,0.0315,0.746,0.00269,0.348,0.295,100.012,4,9,"global_dance_urban",0.62
65301,"6wBpO4Xc4YgShnENGSFA1M","LE SSERAFIM","FEARLESS","Sour Grapes",77,196540,FALSE,0.801,-5.564,0,0.0457,0.395,0,0.108,0.72,139.998,4,9,"global_dance_urban",0.28
65306,"0CguRnSNJQQR5ydaT8vU7R","Jubin Nautiyal","Mere Baba","Mere Baba",54,240953,FALSE,0.768,-5.684,1,0.0278,0.235,0,0.152,0.629,80.971,4,9,"global_dance_urban",0.66
65311,"6T4o4xEh61CpgM9v4jG5DJ","Stray Kids","MAXIDENT","3RACHA (Bang Chan, Changbin, HAN)",75,208573,FALSE,0.856,-3.117,0,0.301,0.229,0,0.0853,0.627,142.068,4,9,"global_dance_urban",0.71
65323,"0cx3DUvLuL7iTJ6aUzAZNx","All Ok","Happy","Happy",52,221960,FALSE,0.604,-7.511,1,0.124,0.436,0,0.165,0.602,152.728,4,9,"global_dance_urban",0.63
65335,"7DEKa5Z7Cl8s3Y7imb88OM","BTS;Steve Aoki","Love Yourself 轉 'Tear'","The Truth Untold (feat. Steve Aoki)",71,242292,FALSE,0.422,-7.561,0,0.0422,0.374,0,0.127,0.169,113.016,4,9,"global_dance_urban",0.83
65338,"34OSqW5ULWxmCEMjJ1ZgVW","BTS","Love Yourself 轉 'Tear'","Anpanman",70,232966,FALSE,0.876,-2.92,0,0.0922,0.024,0,0.287,0.757,98.989,4,9,"global_dance_urban",0.7
65345,"1jZZm43y7RPuwjJQ5LrGHe","BTS","Skool Luv Affair","Jump",67,236488,FALSE,0.974,-0.947,0,0.282,0.0349,0,0.44,0.763,102.077,4,9,"global_dance_urban",0.55
65366,"6HAbPNraOVHwShFFtRVTik","JEON SOMI","XOXO","DUMB DUMB",63,147240,FALSE,0.748,-6.218,1,0.049,0.0177,0.000137,0.0698,0.383,103.045,4,9,"global_dance_urban",0.17
65380,"7pgrtaEuvl8zpBC80CDKYS","Alka Yagnik;Udit Narayan","Qayamat Se Qayamat Tak","Gazab Ka Hai Din",53,266720,FALSE,0.278,-14.456,1,0.0392,0.873,0.000762,0.111,0.649,150.16,4,9,"global_dance_urban",0.74
65394,"2Wkm4JBcIV2uSuu4qlbqFN","BTS","MAP OF THE SOUL : PERSONA","Dionysus",68,249215,FALSE,0.91,-2.769,1,0.107,0.04,0,0.319,0.588,176.084,4,9,"global_dance_urban",0.6
65395,"7jPCPDYoiaKeK7cgNGpIzq","BTS","The Most Beautiful Moment in Life Pt.1","Dope",68,240020,FALSE,0.89,-3.109,0,0.245,0.0486,0,0.32,0.62,154.071,4,9,"global_dance_urban",0.6
65403,"3U4DN2lz0IPxewpymAS1ZK","Jubin Nautiyal;Payal Dev;Manoj Muntashir","Meri Mai","Meri Mai",52,287075,FALSE,0.807,-6.011,1,0.0369,0.496,8.2e-06,0.0938,0.887,89.863,4,9,"global_dance_urban",0.49
65404,"1VfUpyKz9uN7et8t6Qhe7v","Jubin Nautiyal;Payal Dev","Dil Lauta Do","Dil Lauta Do",52,302207,FALSE,0.53,-5.922,0,0.0277,0.562,0,0.0947,0.334,100.51,4,9,"global_dance_urban",0.56
65414,"2B5hlXEiWAqZ9U6GwuyBSk","Jubin Nautiyal;Meet Bros.","Bedardi Se Pyaar Ka","Bedardi Se Pyaar Ka",52,255186,FALSE,0.637,-4.338,0,0.0508,0.549,0,0.277,0.403,93.137,4,9,"global_dance_urban",0.59
65420,"4gZGAVECoiutzp64KSHNjE","BTS","Love Yourself 承 'Her'","MIC Drop",67,238193,FALSE,0.889,-4.851,1,0.0917,0.00912,0,0.0816,0.541,169.961,4,9,"global_dance_urban",0.56
65429,"77feKtBcyhRv4SE2u6dd9R","Yuvan Shankar Raja;Harini Ivaturi","Radhe Shyam","Ee Raathale",52,232762,FALSE,0.528,-8.574,0,0.0311,0.0284,2.63e-06,0.107,0.551,124,4,9,"global_dance_urban",0.85
65444,"2FyWvKLqK8jpysuxQ228so","Yuvan Shankar Raja;Tippu;Sujatha","Vel (Original Motion Picture Soundtrack)","Kovakkara Kiliye",51,252346,FALSE,0.728,-10.493,0,0.0653,0.262,0,0.228,0.832,116.965,4,9,"global_dance_urban",0.59
65467,"77Da7nPpG4Kfy2rPfVzOBU","Dhanush;Jonita Gandhi","Engleesu Lovesu (From ""Pakkiri)""","Engleesu Lovesu",50,219954,FALSE,0.537,-8.059,1,0.0452,0.521,0.000197,0.101,0.654,109.973,4,9,"global_dance_urban",0.7
65480,"2HOYjQd1Znu5vORQ0grHjh","Yuvan Shankar Raja;Suriya;Andrea Jeremiah","Anjaan (Original Motion Picture Soundtrack)","Ek Do Teen",50,237333,FALSE,0.672,-5.859,0,0.0362,0.0604,2.54e-05,0.0684,0.719,67.54,4,9,"global_dance_urban",0.5
65482,"7HYJqAMbKDJYRyEfUGOCBB","BTS","Love Yourself 結 'Answer'","I'm Fine",68,240339,FALSE,0.84,-2.781,0,0.103,0.00852,0,0.346,0.303,87.605,4,9,"global_dance_urban",0.64
65487,"1PSz9VCtLOo4sgcFluNMPu","Vijay Antony;Sangeetha Rajeshwaran","Velayudham (Original Motion Picture Soundtrack)","Mayam Seidhayo",50,254653,FALSE,0.659,-7.447,0,0.0289,0.433,0.00109,0.0997,0.951,135.449,4,9,"global_dance_urban",0.6
65490,"24nK8tW7Pt3Inh2utttuoG","MAMAMOO","reality in BLACK","HIP",71,195306,FALSE,0.731,-4.581,0,0.143,0.0376,3.15e-05,0.0956,0.824,138.032,4,9,"global_dance_urban",0.45
65496,"2Hdoffi3Ynk12njFM3OT2T","Ilaiyaraaja;K. J. Yesudas","Rettai Vaal Kuruvi (Original Motion Picture Soundtrack)","Raja Raja Chozhan",51,274800,FALSE,0.331,-13.662,0,0.0451,0.76,0.000105,0.0781,0.826,155.917,3,9,"global_dance_urban",0.51
65501,"0Bph99neebTJZ6rsIhd0sN","Jubin Nautiyal;Palak Muchhal","Kaabil","Kaabil Hoon",50,314062,FALSE,0.873,-3.927,1,0.0489,0.043,1.71e-06,0.338,0.532,89.972,4,9,"global_dance_urban",0.23
65502,"2e3cJdJ8xWwydl8JIYlCqB","WayV","Love Talk (English Version)","Love Talk - English Version",69,232150,FALSE,0.719,-5.198,0,0.0373,0.142,0,0.148,0.437,98.01,4,9,"global_dance_urban",0.53
65518,"3zmrdOtnOogqLllz26WLZ3","ATEEZ","ZERO : FEVER Part.3","Deja Vu",69,196670,FALSE,0.835,-4.978,0,0.0628,0.0517,0,0.134,0.566,80.017,4,9,"global_dance_urban",0.22
65520,"5OOCeCAdjJktp5byLSckoB","Alka Yagnik;Udit Narayan","Kasoor","Zindagi Ban Gaye Ho Tum",50,336973,FALSE,0.797,-9.68,1,0.0577,0.596,7.53e-06,0.168,0.735,77.67,4,9,"global_dance_urban",0.5
65522,"1rqb2FCXVn2HNL1afJEnTr","TOMORROW X TOGETHER","The Dream Chapter: MAGIC","9 and Three Quarters (Run Away)",69,211866,FALSE,0.756,-4.42,1,0.0606,0.0055,0,0.13,0.531,128.931,4,9,"global_dance_urban",0.63
65530,"3b6jCDqWdQPPeNh7xxnaxl","Yuvan Shankar Raja;Sadhana Sargam","April Madhathil (Original Motion Picture Soundtrack)","Poi Solla",49,302986,FALSE,0.696,-8.18,0,0.0341,0.00907,0.000145,0.186,0.635,125.004,4,9,"global_dance_urban",0.34
65554,"68Y2Q0KVgYzDUZx4xZcwbW","Jubin Nautiyal;Payal Dev","Meri Tarah","Meri Tarah",49,290037,FALSE,0.857,-4.574,0,0.044,0.354,3.82e-06,0.079,0.568,89.652,4,9,"global_dance_urban",0.71
65559,"5RBH8ypFAj5HTZTPRpI1XL","BLACKPINK","SQUARE UP","See U Later",62,198866,FALSE,0.926,-3.965,0,0.112,0.0376,0,0.582,0.571,106.987,4,9,"global_dance_urban",0.23
65564,"2EG7WoRvVEb1LcAq0n8qME","Alka Yagnik;Kumar Sanu","Raja Hindustani (Original Motion Picture Soundtrack)","Pucho Zara Pucho",50,371666,FALSE,0.783,-11.708,0,0.0433,0.713,0.116,0.4,0.74,120.515,4,9,"global_dance_urban",0.71
65568,"6a0gRYXKK0YU69cXaB2RrK","BTS","Love Yourself 結 'Answer'","FAKE LOVE",61,242333,FALSE,0.719,-4.515,0,0.0371,0.00267,0,0.306,0.345,77.502,4,9,"global_dance_urban",0.41
65589,"52d5NT69mkmr6WzvQJ9vHr","BTS","Wings","21st Century Girl",65,192596,FALSE,0.906,-3.539,1,0.0719,0.00424,0,0.0547,0.763,101.029,4,9,"global_dance_urban",0.36
65619,"4eqHEzFsCCiGALC1MHbqnU","BTS","O!RUL8,2?","Coffee",67,260433,FALSE,0.798,-6.608,1,0.103,0.00862,0,0.321,0.573,92.031,4,9,"global_dance_urban",0.41
65623,"00I41xsW6SunZDJ5fB8KAd","j-hope","Jack In The Box","Safety Zone",68,165340,FALSE,0.742,-5.017,1,0.162,0.561,0,0.155,0.694,77.071,4,9,"global_dance_urban",0.17
65626,"5awNIWVrh2ISfvPd5IUZNh","LOONA","[&]","PTT (Paint The Town)",69,201120,FALSE,0.814,-2.437,1,0.1,0.0735,1.92e-05,0.0565,0.546,124.028,4,9,"global_dance_urban",0.52
65631,"0F3Dpp18yIxIm7XRmn0LBj","BTS","Skool Luv Affair","Spine Breaker",65,238529,FALSE,0.927,-1.058,1,0.15,0.164,0,0.437,0.861,93.989,4,9,"global_dance_urban",0.15
65640,"3sOEVB8DirQtZc0qhw8lJc","TWICE","BETWEEN 1&2","Queen of Hearts",72,186946,FALSE,0.847,-2.526,0,0.106,0.102,0,0.0702,0.815,149.94,4,9,"global_dance_urban",0.34
65643,"3uQTcaoA52CUz0lDodLIXf","Yuvan Shankar Raja;Chinmayi","Yaakkai (Original Motion Picture Soundtrack)","Naan Ini Kaatril",47,225900,FALSE,0.498,-9.271,0,0.0376,0.822,8.13e-05,0.121,0.223,119.895,3,9,"global_dance_urban",0.62
65660,"3BPoSr2pO34Aan6alFfVto","MOMOLAND","GREAT!","BBoom BBoom",66,208863,FALSE,0.744,-4.249,0,0.0369,0.0149,0.00666,0.0661,0.833,126.018,4,9,"global_dance_urban",0.16
65675,"3sE4qcXfzn0RbMYlZ4nRWF","Alka Yagnik;Kumar Sanu;Udit Narayan","Dil Hai Tumhaara (Original Motion Picture Soundtrack)","Mohabbat Dil Ka Sakoon",49,337840,FALSE,0.918,-6.017,0,0.0905,0.153,0.000256,0.0844,0.814,126.016,4,9,"global_dance_urban",0.49
65676,"0Puudh380z6cOCgMaTNm7h","j-hope","Jack In The Box","Future",68,139308,FALSE,0.822,-5.249,1,0.0879,0.0652,0,0.36,0.764,102.042,4,9,"global_dance_urban",0.42
65679,"4FkMh52ydCzaPYJ8oRkQEf","Yuvan Shankar Raja","Tamil M.A.","Unnakaagathane Inthauriyrullathu",46,290426,FALSE,0.575,-9.989,1,0.0298,0.341,0.000279,0.0824,0.675,110.002,4,9,"global_dance_urban",0.44
65685,"675Akyln4LBrmze7Z0ydIO","Yuvan Shankar Raja;Ranjith Govind","Billa 2 (Original Motion Picture Soundtrack)","Unakkulle Mirugam",47,258440,FALSE,0.914,-6.173,0,0.0533,0.000301,2.52e-05,0.0635,0.228,149.945,4,9,"global_dance_urban",0.6
65686,"3gxNkvcP8scSzL6mGznTn3","BTS","Wings","Awake",66,226160,FALSE,0.498,-6.589,1,0.0332,0.023,1.99e-06,0.269,0.34,142.803,4,9,"global_dance_urban",0.35
65689,"74KVnRz62agLGzRCTVFUdQ","Yuvan Shankar Raja;Andrea Jeremiah","Billa 2 (Original Motion Picture Soundtrack)","Madurai Ponnu",47,235853,FALSE,0.746,-6.113,0,0.0407,0.0639,0.00373,0.0673,0.756,120.02,4,9,"global_dance_urban",0.6
65696,"0CatzXH85XWyBqqdB6qPMB","NCT DREAM","Beatbox - The 2nd Album Repackage","Beatbox",73,205133,FALSE,0.7,-4.189,0,0.074,0.0411,0,0.0334,0.773,93.997,4,9,"global_dance_urban",0.61
65703,"4as4XEOR03oGm1STUKl6pa","IU","BBIBBI","BBIBBI",69,194426,FALSE,0.617,-4.692,1,0.331,0.241,0,0.3,0.821,143.894,4,9,"global_dance_urban",0.64
65709,"2ecGP5xUE5126x6yHa7J6E","TOMORROW X TOGETHER","The Dream Chapter: ETERNITY","Can't You See Me?",67,201445,FALSE,0.818,-2.988,0,0.0771,0.0584,0,0.205,0.664,139.925,4,9,"global_dance_urban",0.56
65714,"6dMSWNnCW0nQUbhXnQGTnh","Vidyasagar;Kamal Haasan;Karthik","Anbe Sivam (Original Motion Picture Soundtrack)","Anbe Sivam",46,258088,FALSE,0.374,-12.881,0,0.0301,0.285,9.79e-05,0.102,0.497,149.833,4,9,"global_dance_urban",0.51
65715,"04CHEoMbrLOiX8co3EG5dO","TOMORROW X TOGETHER","minisode 2: Thursday's Child","Thursday's Child Has Far To Go",68,211399,FALSE,0.762,-4.208,1,0.105,0.049,0,0.0926,0.668,167.14,4,9,"global_dance_urban",0.58
65718,"1NzjhpwIgh3bXjxdtv2RbY","Yuvan Shankar Raja;Rahul Nambiar","Muddhu Muddhu Vaana (From ""Nene Vasthunna"")","Muddhu Muddhu Vaana",45,190480,FALSE,0.558,-12.475,1,0.0447,0.588,0.000376,0.0985,0.586,104.991,4,9,"global_dance_urban",0.69
65720,"4upRoEWkMWhhMfEgPZMFRP","BTS","Proof","Spring Day",63,274703,FALSE,0.831,-3.735,1,0.0353,0.00708,1.96e-06,0.109,0.461,106.993,4,9,"global_dance_urban",0
65724,"1AToLLvWghQgiBFef1iGuR","Hwa Sa","Guilty Pleasure","I`m a B",65,167333,FALSE,0.77,-4.724,0,0.0826,0.135,8.9e-06,0.18,0.927,139.968,4,9,"global_dance_urban",0.49
65736,"4qbH2EQ2d3cGqtIT8gIlhG","Yuvan Shankar Raja;Krishh;Suchitra","Mankatha (Original Motion Picture Soundtrack)","Vaada Bin Laada",46,269266,FALSE,0.784,-6.31,0,0.0421,0.147,0.00303,0.109,0.399,119.956,4,9,"global_dance_urban",0.16
65738,"6NbfFVZ01Ttvvqmcok8DxL","BTS","FACE YOURSELF","Crystal Snow",65,323360,FALSE,0.766,-4.507,1,0.0323,0.117,0,0.121,0.448,113.997,4,9,"global_dance_urban",0.68
65753,"6VJPFl2Jf1tnGhwaTgv04v","Raghu Dixit;Benny Dayal","Koode","Paranne",46,258088,FALSE,0.743,-9.092,1,0.0439,0.184,0.000771,0.0984,0.46,135.963,4,9,"global_dance_urban",0.62
65765,"7J0E3iSjAxIdQtArstSfIJ","Raghu Dixit;Siddhartha Belmannu;Rakshita Suresh","Ninna Sanihake (Original Motion Picture Soundtrack)","Nee Parichaya",46,218017,FALSE,0.608,-10.187,0,0.0368,0.639,7.55e-06,0.0873,0.361,116.043,4,9,"global_dance_urban",0.73
65773,"68IoPplcSgQ2xO4WSsUAaI","Alka Yagnik;Mohammed Aziz","Khuda Gawah (Original Motion Picture Soundtrack)","Tu Na Jaa Mere Baadshah",46,306666,FALSE,0.487,-12.585,0,0.136,0.794,0.000373,0.0805,0.797,152.749,4,9,"global_dance_urban",0
65778,"1R8eVL8opp64W7aljWa9Of","Yuvan Shankar Raja;K. S. Chithra;Shreya Ghoshal","Thillalangadi (Original Motion Picture Soundtrack)","Sol Pechu",45,297773,FALSE,0.655,-7.307,0,0.0383,0.11,0.00852,0.11,0.694,109.981,4,9,"global_dance_urban",0.77
65779,"6AIMLTeBhAxX75QJrJQdQV","Yuvan Shankar Raja;Hiphop Tamizha","Thiyagi Boys (From ""Coffee With Kadhal"")","Thiyagi Boys - From ""Coffee With Kadhal""",46,206000,FALSE,0.816,-5.04,0,0.392,0.21,0,0.112,0.768,179.835,3,9,"global_dance_urban",0.15
65789,"0Gq58GNj0dftTVtetSZk5O","Ilaiyaraaja;K. S. Chithra","Kaalapani (Original Motion Picture Soundtrack)","Maarikkoodinnullil",45,383348,FALSE,0.377,-9.006,1,0.0529,0.749,1.61e-06,0.274,0.708,102.984,4,9,"global_dance_urban",0.42
65801,"3EMp20j5E42MxfFbsEsIvD","Jack Harlow;Drake","Come Home The Kids Miss You","Churchill Downs (feat. Drake)",77,309327,TRUE,0.522,-9.102,1,0.36,0.615,0,0.11,0.37,96.448,4,9,"global_dance_urban",0.54
65811,"4GhSwI5NSgEVKWbfmf8HyO","Dhanush;Anirudh Ravichander","Thiruchitrambalam (Original Motion Picture Soundtrack)","Mayakkama Kalakkama",46,142258,FALSE,0.536,-5.432,0,0.0425,0.569,1.32e-06,0.0878,0.891,123.983,4,9,"global_dance_urban",0.56
65820,"0U4hNZFJYNFdEAXZcHbkkc","BTS","Proof","ON",62,246817,FALSE,0.811,-5.146,0,0.117,0.111,0,0.346,0.456,105.966,4,9,"global_dance_urban",0.44
65825,"3KVOfGrYVjoP1w8T2HVltm","BTS","Wings","2! 3!",64,272537,FALSE,0.928,-4.096,1,0.207,0.0257,0,0.1,0.601,169.847,4,9,"global_dance_urban",0.63
65830,"2sSqbdYfjFV9H01FjlqGQK","Jubin Nautiyal;Aakanksha Sharma;Jeet Gannguli","Rustom (Original Motion Picture Soundtrack)","Dhal Jaun Main",46,289044,FALSE,0.485,-6.695,0,0.0241,0.76,1.34e-06,0.0976,0.303,95.95,4,9,"global_dance_urban",0.67
65832,"1z0p8ODhL1aZFBengxPkZU","Vidyasagar;Udit Narayan;Shreya Ghoshal","Kuruvi (Original Motion Picture Soundtrack)","Thaen Thaen Thaen",46,238600,FALSE,0.808,-4.568,1,0.0435,0.115,0.000503,0.169,0.733,96.978,4,9,"global_dance_urban",0.58
65861,"3XZAvh2NCDQYHgJei35VQ1","Kep1er","DOUBLAST","Up!",73,192026,FALSE,0.932,-2.706,1,0.119,0.0205,4.31e-06,0.0326,0.918,124.006,4,9,"global_dance_urban",0.34
65868,"5btJjUxmhPK1cwdw0mnhRD","SECRET NUMBER","Love, Maybe (A Business Proposal OST Part.5)","Love, Maybe",66,185000,FALSE,0.726,-2.874,1,0.0446,0.518,0,0.116,0.453,171.97,4,9,"global_dance_urban",0.53
65871,"3ZVKzrWt3efdPVLmiYdr6M","Yuvan Shankar Raja;Ranjith Govind","Anjaan (Original Motion Picture Soundtrack)","Bang Bang Bang",44,250956,FALSE,0.87,-5.328,1,0.0463,0.0575,0.0238,0.225,0.656,115.016,4,9,"global_dance_urban",0.84
65895,"0c7FsioJmeZhNOeeBxoApq","Ilaiyaraaja;K. J. Yesudas;S. Janaki","Uyarndha Ullam (Original Motion Picture Soundtrack)","Yenge Yen Jeevane",45,299680,FALSE,0.377,-14.625,1,0.0282,0.628,9.51e-05,0.0294,0.81,88.734,3,9,"global_dance_urban",0.74
65909,"2gvlPqqngL3BppFCwLXnVc","Red Velvet","START-UP (Original Television Soundtrack) Pt. 1","Future",62,215880,FALSE,0.868,-3.073,1,0.04,0.438,0,0.148,0.552,100.005,4,9,"global_dance_urban",0.81
65915,"58t0hestQdlxOHdz85AUyI","Anuradha Paudwal;Udit Narayan","Lucky: No Time For Love","Jaan Meri Ja Rahi Sanam",45,344413,FALSE,0.466,-11.2,1,0.0294,0.705,4.66e-06,0.182,0.74,109.944,1,9,"global_dance_urban",0.68
65918,"5zHjZjhyibu8PF9RFSm5br","Bharan;Rahul Sukirana","Ayyo Devare - Ninna Nodutha","Ayyo Devare - Ninna Nodutha",42,252507,FALSE,0.797,-4.7,0,0.0343,0.55,0,0.314,0.692,159.948,4,9,"global_dance_urban",0.49
65921,"6boUblHda4QDKSGAM8wrxP","Dhanush","Pattas","Chill Bro",44,239989,FALSE,0.904,-4.223,1,0.247,0.18,0.000348,0.121,0.464,160.07,4,9,"global_dance_urban",0.27
65922,"1y6dEjheBdnopNo0xDXJ9P","Car, the garden","Alchemy of Souls, Pt. 1 (Original Television Soundtrack)","Scars leave beautiful trace",59,213946,FALSE,0.535,-6.676,0,0.03,0.49,0,0.0923,0.21,82.024,4,9,"global_dance_urban",0.27
65928,"7HjTSwnmkm6Q93H6MlTLB5","Anuradha Paudwal;Udit Narayan","Beta","Koyal Si Teri Boli",45,338840,FALSE,0.45,-10.871,0,0.128,0.799,1.37e-05,0.411,0.934,76.17,4,9,"global_dance_urban",0.64
65937,"7rXAo8EAnXAZFVBZ4NCGPN","Ilaiyaraaja;M. M. Manasi","Maari 2 (Original Motion Picture Soundtrack)","Maari’s Aanandhi",43,259591,FALSE,0.357,-9.917,0,0.0246,0.584,0.0151,0.15,0.313,98.004,3,9,"global_dance_urban",0.44
65955,"43X3q1VG5vn1njNJ6c599E","Jubin Nautiyal","Mann Uda Uda Jaye (From ""Dear Dia"")","Mann Uda Uda Jaye - From ""Dear Dia""",43,246000,FALSE,0.56,-6.385,0,0.0327,0.366,0,0.319,0.365,109.303,4,9,"global_dance_urban",0.67
65960,"1bt1DEAaMSDbKBzYWnaCS5","Sangeetha Rajeev","Thank You Maa","Thank You Maa",42,126147,FALSE,0.568,-9.323,1,0.0324,0.596,0.000994,0.147,0.475,122.026,4,9,"global_dance_urban",0.18
65971,"1zoyteFQmeUUqyOl2Xznpy","ENHYPEN","DIMENSION : DILEMMA","Tamed-Dashed",70,196170,FALSE,0.809,-3.869,0,0.0517,0.000253,3.33e-05,0.151,0.709,155.029,4,9,"global_dance_urban",0.63
65972,"45Be4Lnmu5fY9RdxV5vwVY","Yuvan Shankar Raja","Sarvam (Original Motion Picture Soundtrack)","Katrukkulle",43,262506,FALSE,0.594,-5.756,0,0.0306,0.419,0.00179,0.119,0.527,120.002,4,9,"global_dance_urban",0.46
65998,"19MRAxznRvejs0DNu8MhoC","Yuvan Shankar Raja;Priya Hemesh","Kazhugoo (Original Motion Picture Soundtrack)","Aathadi Manasudhan",43,309666,FALSE,0.476,-7.675,0,0.043,0.138,0.0523,0.0865,0.353,160.093,4,9,"global_dance_urban",0.63
67007,"2ldVpRwLjfUWCDqrjNQYWt","Daddy Yankee;Bad Bunny","Perreo en Halloween","X ÚLTIMA VEZ",3,192477,TRUE,0.855,-3.725,1,0.0554,0.0789,0.000167,0.108,0.573,90.04,4,9,"global_dance_urban",0.5
67015,"1v1nsB6TCXuhdC4QNP4aB4","Daddy Yankee;Bad Bunny","Feliz Cumpleaños con Perreo","Vuelve",3,279613,FALSE,0.531,-5.662,1,0.0321,0.196,0,0.119,0.199,130.025,4,9,"global_dance_urban",0.56
67039,"3AedlLCGKNhQdhtLzObIbR","Daddy Yankee","Queda poco para la PAES 2.0","Pasarela",0,193733,FALSE,0.907,-4.259,1,0.0453,0.101,0,0.332,0.737,121.048,4,9,"global_dance_urban",0.74
67047,"6TFUGAC1zk57FICwy1wZNW","Daddy Yankee;Natti Natasha;Becky G;Bad Bunny","Homecoming Latin Party","Dura - Remix",0,242160,FALSE,0.803,-3.035,1,0.0468,0.187,0,0.434,0.853,94.98,4,9,"global_dance_urban",0.71
67050,"6habFhsOp2NvshLv26DqMb","Luis Fonsi;Daddy Yankee","VIDA","Despacito",80,229360,FALSE,0.797,-4.787,1,0.153,0.198,0,0.067,0.839,177.928,4,9,"global_dance_urban",0.48
67060,"7K293fK5kJf9TP6HgMsyGw","Feid","Reggeaton Imperdible","Ferxxo 100",6,167760,FALSE,0.562,-3.378,0,0.0674,0.257,0,0.137,0.569,163.893,4,9,"global_dance_urban",0.69
67062,"467COmJuCIz4s7sorVviYj","Feid","FELIZ CUMPLEAÑOS","Feliz Cumpleaños Ferxxo",5,155960,FALSE,0.573,-5.501,1,0.0678,0.0863,0,0.305,0.563,94.999,4,9,"global_dance_urban",0.47
67078,"0vqgm9EiiiF9HubKsWtEyZ","Feid","Última Misión Reggaeton","Feliz Cumpleaños Ferxxo",0,155960,FALSE,0.573,-5.501,1,0.0678,0.0863,0,0.305,0.563,94.999,4,9,"global_dance_urban",0.5
67090,"2QczXDHtchuZSBVg8fliPn","Feid;Dalex","Halloween 2022 Perreo Vol. 3","Ron - Remix",3,187720,FALSE,0.685,-5.548,0,0.0599,0.27,0,0.318,0.925,82.027,4,9,"global_dance_urban",0.35
67093,"1gpKOLsFDK1Gga7wnDcNwT","Feid","Clásicos de ahora: Perreo","Prohibidox",0,166253,FALSE,0.801,-2.946,0,0.249,0.0451,0,0.0628,0.517,180.108,4,9,"global_dance_urban",0.74
67094,"35EHiyGqAffU5VUyrsuq3v","Feid;Nacho","Para entrar en calor","911",2,221760,FALSE,0.857,-3.748,1,0.105,0.0519,4.99e-05,0.142,0.581,102.998,4,9,"global_dance_urban",0.18
67098,"4w2ffrCVQm9X4ToegFseY2","J Balvin","Noche de Halloween Latino","Negro",3,182506,FALSE,0.907,-2.223,1,0.0884,0.0132,0.211,0.245,0.828,164.107,4,9,"global_dance_urban",0.73
67100,"29bZ3bs505KcwIVqWFOPBS","J Balvin;Bad Bunny","Clásicos de ahora: Perreo","LA CANCIÓN",0,242573,FALSE,0.646,-5.795,1,0.319,0.152,1.81e-05,0.108,0.429,176.088,4,9,"global_dance_urban",0.64
67105,"3r6f5UcqFtoAIAVuTMvy4v","J Balvin;Bad Bunny","Esto me suena a Farra","LA CANCIÓN",1,242573,FALSE,0.646,-5.795,1,0.319,0.152,1.81e-05,0.108,0.429,176.088,4,9,"global_dance_urban",0.3
67121,"2DyVUB1hwY3DCnvteT9Tuj","Feid;J Balvin","Del gusto de hermanos","Que Raro",2,230826,FALSE,0.844,-6.234,0,0.326,0.328,8.8e-06,0.555,0.745,171.867,4,9,"global_dance_urban",0.49
67159,"7KSGzwS26H4ACx4RihLpFf","J Balvin;Bad Bunny;Marciano Cantero","Frescura y Perreo","UN PESO",2,277106,FALSE,0.675,-7.125,0,0.212,0.125,0,0.0784,0.961,79.31,4,9,"global_dance_urban",0.55
67163,"3aASdbXPrR8U86sDuEbiOq","J Balvin;Khalid","noches de lluvia","Otra Noche Sin Ti",0,228920,FALSE,0.548,-7.564,0,0.164,0.0751,0.000234,0.145,0.441,94.036,4,9,"global_dance_urban",0.64
67165,"6dR1uxzRh6aewJ3WQg0GY6","J Balvin","Halloween 2022 Perreo Vol. 1","Rojo",5,151146,FALSE,0.595,-4.04,1,0.117,0.15,0.000106,0.0836,0.421,172.277,4,9,"global_dance_urban",0.62
67189,"22V0rqyOn48nni9e9Ct5mR","Anuel AA;KAROL G","Bájale como 7500","Secreto",2,258799,FALSE,0.803,-4.156,1,0.126,0.6,0.0085,0.136,0.706,91.982,4,9,"global_dance_urban",0.4
67200,"3ZFTkvIE7kyPt6Nu3PEa7V","Shakira;Wyclef Jean","Oral Fixation, Vol. 2 (Expanded Edition)","Hips Don't Lie (feat. Wyclef Jean)",84,218093,FALSE,0.824,-5.892,0,0.0707,0.284,0,0.405,0.758,100.024,4,9,"global_dance_urban",0.43
67210,"3U3WDXdwPyih1ZHawJyUWK","Jhayco;Bad Bunny","Halloween con perreito","CÓMO SE SIENTE - Remix",0,227520,TRUE,0.606,-8.871,0,0.0872,0.0946,0,0.119,0.304,92.988,4,9,"global_dance_urban",0.42
67212,"7041VLZqpEKPkK73N7WNbE","Jhayco;Anuel AA","Verano en Junio","Ley Seca",0,263666,FALSE,0.843,-3.718,1,0.0913,0.127,0,0.114,0.56,105.016,4,9,"global_dance_urban",0.61
67217,"3oxGJdepSlIwJxjyvtPxXT","Jhayco;J Balvin;Bad Bunny","Homecoming Latin Party","No Me Conoce - Remix",0,309120,FALSE,0.786,-3.837,0,0.0735,0.144,0,0.0928,0.575,91.992,4,9,"global_dance_urban",0.57
67223,"2slqPwgNcvx17V7RZN8u3f","Wisin & Yandel","Perreo Tenebroso Vol. 1","Síguelo",0,215920,FALSE,0.928,-4.431,0,0.297,0.527,0,0.143,0.609,130.029,4,9,"global_dance_urban",0.65
67225,"3dKlTiPC2NTfrnlmM43TuX","Wisin & Yandel","Perreo Tenebroso Vol. 2","Pam Pam",0,227280,FALSE,0.69,-6.373,1,0.114,0.121,0,0.249,0.735,95.025,4,9,"global_dance_urban",0.75
67230,"0bYsT1b741xstgFwe4WoKp","Wisin & Yandel","Noche de Halloween Latino","Hipnotízame",7,243386,FALSE,0.828,-3.972,1,0.139,0.289,0,0.434,0.571,79.992,4,9,"global_dance_urban",0.5
67231,"434VcYrm3FPRRiW4jw5nLb","Wisin & Yandel;Chris Brown;T-Pain","Fiesta portatil","Algo Me Gusta De Ti",2,274946,FALSE,0.769,-5.296,0,0.0325,0.00291,0,0.0598,0.237,127.949,4,9,"global_dance_urban",0.49
67238,"1v8HKXubkw9fpYfOJdmAc7","Wisin & Yandel","Homecoming Latin Party","Pegao",0,234546,FALSE,0.804,-4.752,1,0.259,0.537,0,0.342,0.807,96.041,4,9,"global_dance_urban",0.49
67253,"4nChyydft5jq1FpXKuXCCM","Jhayco;Bad Bunny","Reggaeton Mix Perreito","CÓMO SE SIENTE - Remix",0,227520,TRUE,0.606,-8.871,0,0.0872,0.0946,0,0.119,0.304,92.988,4,9,"global_dance_urban",0.63
67256,"6k0rozlo2pjajMJSV26YUE","Jhayco;Tainy","Halloween 2022 Perreo Vol. 1","Imaginaste",3,198613,FALSE,0.663,-5.799,1,0.244,0.11,0,0.302,0.583,179.971,4,9,"global_dance_urban",0.46
67257,"2krNOqdPZApb8To7F22h8t","Jhayco","Frescura y Perreo","Sensual Bebé",0,209146,TRUE,0.629,-6.09,1,0.0505,0.0268,0,0.114,0.104,97.066,4,9,"global_dance_urban",0.67
67259,"2jXvdJ0tDtbksFOK85Vie0","Jhayco;J Balvin;Bad Bunny","FELIZ CUMPLEAÑOS","No Me Conoce - Remix",2,309120,FALSE,0.786,-3.837,0,0.0735,0.144,0,0.0928,0.575,91.992,4,9,"global_dance_urban",0.59
67264,"7LtXmsv58ijM3k2dP6h6fR","Jhayco;Bad Bunny","Perreo Tenebroso Vol. 5","CÓMO SE SIENTE - Remix",0,227520,TRUE,0.606,-8.871,0,0.0872,0.0946,0,0.119,0.304,92.988,4,9,"global_dance_urban",0.52
67302,"6KRPT8ZY9m2NaWSh8s8mrn","Tainy;Alvaro Diaz;Feid","Perreo Tenebroso Vol. 1","A Mi También",0,171832,FALSE,0.644,-4.496,1,0.0523,0.344,1.55e-06,0.274,0.696,83.986,4,9,"global_dance_urban",0.74
67309,"4LwBxSuZQUJ6kKD1qbcQK7","Zion & Lennox;J Balvin","Tropical Vibes","Otra vez",3,209453,FALSE,0.772,-5.43,1,0.104,0.0559,0.000488,0.44,0.702,95.995,4,9,"global_dance_urban",0.4
67312,"23tKvchhAzfCJW8HkBlxf6","Don Omar","Fiesta Reggaeton 2010s","Vacilón",2,177293,FALSE,0.519,-9.483,0,0.0824,0.00814,0.141,0.311,0.685,82.983,4,9,"global_dance_urban",0.37
67313,"3PYW3j5X7x7xctZi10Mjga","Don Omar","Perreo Tenebroso Vol. 4","Pobre Diabla",0,255680,FALSE,0.787,-6.228,1,0.0525,0.217,0.0179,0.0835,0.771,91.993,4,9,"global_dance_urban",0.62
67316,"3nA4OeDfh5607uniaoEmTv","Don Omar;Plan B","Feliz Cumpleaños con Perreo","Hooka",2,238386,FALSE,0.859,-5.087,1,0.146,0.0431,0,0.822,0.845,170.047,4,9,"global_dance_urban",0.73
67336,"4Am7HvT1CHDBH5bIdat8Ll","Don Omar","Feliz Cumpleaños con Perreo","Hasta Abajo",1,233720,FALSE,0.885,-4.516,1,0.0636,0.351,3.68e-05,0.468,0.673,89.966,4,9,"global_dance_urban",0.68
67337,"6TzrZUKi2XFvGIBzqMGR7e","Don Omar","Esto me suena a Farra","Guaya Guaya",0,194013,FALSE,0.872,-2.117,1,0.143,0.0067,0.000193,0.136,0.696,92.025,4,9,"global_dance_urban",0.79
67339,"2tkuLIkwcEBPr6PICqAaf8","Don Omar","Feliz Cumpleaños con Perreo","Guaya Guaya",0,194013,FALSE,0.872,-2.117,1,0.143,0.0067,0.000193,0.136,0.696,92.025,4,9,"global_dance_urban",0.25
67341,"7c5gFNt49WZ1vHbVHT13Yz","Don Omar;Lucenzo","Summer Sweat","Danza Kuduro",2,198786,FALSE,0.917,-4.897,1,0.115,0.0773,0,0.065,0.888,130.04,4,9,"global_dance_urban",0.77
67357,"63aj87TQG6F3RVO5nbG2VQ","J Balvin;Skrillex","In Da Getto","In Da Getto",75,131065,FALSE,0.72,-3.126,1,0.0459,0.025,1.42e-05,0.0942,0.631,126.986,4,9,"global_dance_urban",0.49
67375,"3kYLBrFVrUE23aVRnIBkZM","TINI;Morat","Café en casa","Consejo de Amor",3,199720,FALSE,0.717,-6.712,1,0.102,0.194,0,0.101,0.646,83.869,4,9,"global_dance_urban",0.53
67387,"0bEKqlZOze95J2a2ICZL3F","Aitana","Halloween 2022 Pop Vol. 1","11 RAZONES",0,213179,FALSE,0.874,-3.937,1,0.0508,0.00599,0,0.214,0.348,166.011,4,9,"global_dance_urban",0.58
67389,"1TVf1ZYXnoAPf2tNBwpOEH","TINI;Alejandro Sanz","Dulce Balada","Un Beso en Madrid",0,144351,FALSE,0.619,-6.794,1,0.0767,0.305,0,0.413,0.349,87.387,4,9,"global_dance_urban",0.75
67395,"59fnZv0P6iK5M91MvlD0Zz","TINI;Sebastian Yatra","Para entrar en calor","Quiero Volver",1,183960,FALSE,0.83,-4.028,1,0.0599,0.207,0,0.0752,0.774,172.104,4,9,"global_dance_urban",0.45
67404,"6hqeoMeHQfrNiyYmuUMs6T","Brytiago;Jhayco","Perreo Tenebroso Vol. 2","Dispo",0,198813,FALSE,0.661,-6.254,0,0.0998,0.274,0,0.0854,0.434,89.998,4,9,"global_dance_urban",0.59
67414,"1nH805fC0AMjtHmxWxTaCC","Danna Paola","Halloween 2022 Perreo Vol. 3","XT4S1S",2,219320,FALSE,0.677,-4.163,0,0.0857,0.101,0,0.441,0.919,130.034,4,9,"global_dance_urban",0.68
67420,"6jVapl5VCINHCwvrVuZ4Pj","Danna Paola","Halloween 2022 Pop Vol. 1","Sodio",0,187373,FALSE,0.76,-4.8,0,0.0851,0.0662,0,0.143,0.414,86.762,4,9,"global_dance_urban",0.67
67422,"5mVW4nXaUzd8bRn0MWQb9H","Yandel;Sebastian Yatra;Manuel Turizo","Fiesta Reggaeton 2010s","En Cero",1,223586,FALSE,0.783,-4.788,1,0.0386,0.156,0,0.286,0.634,93.018,4,9,"global_dance_urban",0.63
67424,"3e8kegN6BoL8RpGSiSbxAD","Danna Paola","Halloween 2022 Pop Vol. 2","Agüita",1,219693,FALSE,0.955,-2.681,1,0.0348,0.00227,0.0406,0.413,0.824,122.984,4,9,"global_dance_urban",0.47
67428,"1zWsZqGND3kcUu8WgXVirO","Marc Anthony","Salsa x siempre","Nadie Como Ella",2,296026,FALSE,0.785,-6.099,0,0.0372,0.654,0,0.104,0.901,93.295,4,9,"global_dance_urban",0.69
67444,"28kat5VccKACzCXiQe25FK","Alejandro Sanz;Camila Cabello","Dulce Balada","Mi Persona Favorita",0,239972,FALSE,0.659,-7.511,1,0.116,0.538,0,0.0656,0.577,155.945,4,9,"global_dance_urban",0.63
67453,"3CpD9lnEHelRkBtsdktwHy","Luis Fonsi","Ya huele a buñuelos","Let It Snow",0,191333,FALSE,0.676,-6.475,1,0.0627,0.247,0,0.177,0.452,147.769,4,9,"global_dance_urban",0.75
67459,"1JxZ3cWdy0eTMzXAhM3UYa","Luis Fonsi;Manuel Turizo","Esto No Se Le Dedica A Cualquiera","Vacaciones",2,155440,FALSE,0.748,-4.044,1,0.0831,0.13,0,0.546,0.844,167.972,4,9,"global_dance_urban",0.44
67465,"1V23DFS7SiZDojkOipAkyJ","Luis Fonsi;Daddy Yankee;Justin Bieber","10's Music Grandi Successi","Despacito - Remix",1,230693,FALSE,0.812,-4.355,1,0.135,0.243,0,0.0742,0.834,89.01,4,9,"global_dance_urban",0.48
67476,"5h2KtePTFGLYjtNTy0cQ4c","Juanes","Pop x siempre","Esto No Acaba",0,161880,FALSE,0.657,-7.658,1,0.0386,0.4,5.89e-05,0.29,0.846,92.008,4,9,"global_dance_urban",0.66
67480,"1ihSSnA4d0dcxQouy7gtNJ","Juanes","Retro Baladas","Es Por Ti",0,251120,FALSE,0.761,-6.066,1,0.0263,0.176,3.63e-05,0.123,0.866,129.953,4,9,"global_dance_urban",0.65
67483,"09iCpaYbvahbcxv8GR0BfS","Juanes;Kali Uchis","Carrete con besties","El Ratico",0,166506,FALSE,0.689,-7.344,0,0.0511,0.111,0,0.0657,0.782,177.879,4,9,"global_dance_urban",0.33
67495,"3S7NB9yGDk4HjbHxkqzgK8","Juanes;Christian Nodal","Hora del taco sin auto","Tequila",1,159546,FALSE,0.688,-4.546,1,0.112,0.226,0,0.237,0.704,155.994,4,9,"global_dance_urban",0.5
67496,"5gPM0o7JslJXQydQkva5BJ","Marco Antonio Solís","Retro Baladas","¿A Dónde Vamos A Parar?",0,229626,FALSE,0.511,-4.728,1,0.0285,0.516,0.00526,0.0966,0.179,144.186,4,9,"global_dance_urban",0.47
67505,"5jspB5n5qIpgydm2ILgIg0","Lasso;Danna Paola","Halloween 2022 Pop Vol. 5","Subtítulos",0,192066,FALSE,0.791,-3.816,0,0.127,0.717,3.44e-06,0.0921,0.77,97.965,4,9,"global_dance_urban",0.46
67509,"5VelPjakTvwPBHjPhl2Igv","Chris Jedi;J Balvin;Ozuna;Arcangel","Halloween 2022 Pop Vol. 5","Ahora Dice",0,270493,FALSE,0.691,-5.414,1,0.158,0.255,0,0.129,0.427,143.982,4,9,"global_dance_urban",0.48
67526,"7vjlcbRM2OYf3hWijV4edb","Nelly Furtado","Almorzando solo","Maneater",0,265426,FALSE,0.721,-5.222,1,0.0508,0.0214,0.000341,0.335,0.66,132.763,4,9,"global_dance_urban",0.71
67529,"5Os2brRE8flEq52NpFBCUO","Nelly Furtado","Del gusto de mamá","Força",0,221306,FALSE,0.86,-5.065,1,0.0346,0.156,0.0181,0.127,0.543,122.906,4,9,"global_dance_urban",0.46
67530,"4ru0Gd5hfmIt1T7Bcdorzg","Nelly Furtado","De ese gran pop de los 00's","I'm Like A Bird",0,243160,FALSE,0.607,-5.113,1,0.0353,0.147,3.29e-06,0.227,0.614,89.654,4,9,"global_dance_urban",0.43
67535,"0l6b6fXyv5BHHoJizlq2De","Mon Laferte","Alternativo diferente latino","Zombie",0,215813,FALSE,0.468,-7.744,0,0.0549,0.69,0.0148,0.25,0.346,116.823,4,9,"global_dance_urban",0.51
67546,"71jFgtUBKrBuIO6jeUYu9J","Los Enanitos Verdes","Triste Hora","Mi Primer Dia Sin Ti",0,270640,FALSE,0.639,-5.553,1,0.0246,0.129,0,0.185,0.437,83.377,4,9,"global_dance_urban",0.47
67555,"1q0PYXTbDsirp2l74ng6pn","J Balvin;Skrillex","JOSE","In Da Getto",70,130666,FALSE,0.723,-3.142,1,0.0466,0.0177,2.61e-05,0.113,0.643,126.998,4,9,"global_dance_urban",0.48
67558,"637bsehtpL2oJruOEL6lZ7","Enrique Iglesias;Descemer Bueno;Gente De Zona","SEX AND LOVE (Deluxe)","Bailando - Spanish Version",55,243413,FALSE,0.777,-3.503,1,0.108,0.0426,3.68e-06,0.0451,0.961,91.017,4,9,"global_dance_urban",0.48
67570,"2Itt7WXHfg02UUHYBBuxmH","Sofía Reyes;Jason Derulo;De La Ghetto","Hits Hits Hits","1, 2, 3",1,201526,FALSE,0.895,-3.112,0,0.0587,0.165,0,0.0501,0.793,94.968,4,9,"global_dance_urban",0.5
67572,"5fb7B80PCu69Y2lTiyoInd","Sofía Reyes;Rita Ora;Anitta","Tropical Vibes","R.I.P.",0,187200,TRUE,0.751,-3.713,0,0.0711,0.18,0,0.0696,0.698,100.074,4,9,"global_dance_urban",0.55
67573,"5QMLTolS9JqMTqouRtbSWT","Cali Y El Dandee;Danna Paola","Regageton Para Niños","Nada",1,174026,FALSE,0.808,-2.737,1,0.061,0.0518,1.02e-05,0.0858,0.712,173.905,4,9,"global_dance_urban",0.43
67579,"77JnuzkgDssvr8Q5GQ39Eh","Cali Y El Dandee;Danna Paola","Verano en Junio","Nada",0,174026,FALSE,0.808,-2.737,1,0.061,0.0518,1.02e-05,0.0858,0.712,173.905,4,9,"global_dance_urban",0.49
67591,"0qU2ukOrwNTkA9mB6bb1DJ","David Bisbal;Sebastian Yatra","Para entrar en calor","A Partir De Hoy",0,196802,FALSE,0.847,-5.035,1,0.0552,0.188,0,0.378,0.515,163.942,4,9,"global_dance_urban",0.48
67592,"30JbQlyoAUUud1FjAq4KPn","La Oreja de Van Gogh","Éxitos del Pop en Español de los Años 2000","Rosas",0,237146,FALSE,0.691,-4.539,1,0.0268,0.655,2.77e-06,0.111,0.529,106.988,4,9,"global_dance_urban",0.66
67604,"2lnzGkdtDj5mtlcOW2yRtG","Shakira","Laundry Service","Whenever, Wherever",75,196160,FALSE,0.832,-4.862,0,0.0407,0.237,1.14e-05,0.203,0.871,107.657,4,9,"global_dance_urban",0.44
67609,"5DU0TdZSrSldWJd8Xtnh7C","Juan Magán;Maffio","Perreo Tenebroso Vol. 2","Tentándome",0,168746,FALSE,0.816,-4.824,0,0.0648,0.179,0,0.314,0.725,119.826,4,9,"global_dance_urban",0.43
67635,"76J20zoYp7GK7C6YahOM8V","Selena","Halloween 2022 Pop Vol. 5","Techno Cumbia",0,225720,FALSE,0.748,-6.337,1,0.0751,0.34,4.82e-06,0.0541,0.951,181.958,4,9,"global_dance_urban",0.45
67636,"02CXWW03gPcga4hBsuylGM","Selena;Barrio Boyzz","Halloween 2022 Pop Vol. 1","Donde Quiera Que Estés",0,270213,FALSE,0.936,-5.14,0,0.0549,0.0827,4.67e-05,0.148,0.932,89.605,4,9,"global_dance_urban",0.55
67645,"6dUUIDkS5ELSG3c6jAAdSN","Ricardo Montaner;Alejo Alvarez;Dandara Guinares;Elias Manuel Pardal;Emanuel Maximiliano Cerrudo;Julia Ferrón;Leonardo Jurado;Naiquen Galizio","La Voz 2022 (8vos - Episodio 3 / En Directo)","Quisiera - En Directo En La Voz / 2022",0,163080,FALSE,0.272,-20.331,1,0.0359,0.0497,0,0.889,0.301,123.388,4,9,"global_dance_urban",0.61
67648,"3y4AS6cTOQBTnEsTbOUtIg","Andrés Calamaro;Juanes;Niño Josele","Música para casa","Enganchate Conmigo",0,225616,FALSE,0.646,-9.274,0,0.0667,0.576,2.13e-05,0.0978,0.785,87.891,4,9,"global_dance_urban",0.6
67664,"0wnHWAY8fMWAeuBUQcVnzr","Mariah Angeliq","Clásicos de ahora: Perreo","Perreito",0,123680,TRUE,0.607,-3.599,1,0.0835,0.194,0.11,0.132,0.528,179.957,4,9,"global_dance_urban",0.39
67674,"6XcysCiXqxdBnNc06QQmw0","Kevin Roldan","FELIZ CUMPLEAÑOS","PPP",0,129332,FALSE,0.625,-6.83,1,0.13,0.383,3.33e-05,0.125,0.774,92.994,4,9,"global_dance_urban",0.47
67675,"5mGloFHrHDNGR1pY8iyxGn","Kevin Roldan","Frescura y Perreo","PPP",0,129332,FALSE,0.625,-6.83,1,0.13,0.383,3.33e-05,0.125,0.774,92.994,4,9,"global_dance_urban",0.49
67678,"5AwXAAPFy9Jxfx4ZwkPsJe","Kevin Roldan;Bryant Myers;Lyanno","Halloween 2022 Perreo Vol. 1","Hasta Abajo",0,229826,FALSE,0.671,-5.119,1,0.362,0.292,0,0.325,0.641,169.727,4,9,"global_dance_urban",0.42
67701,"2gam98EZKrF9XuOkU13ApN","Nelly Furtado;Timbaland","Loose","Promiscuous",82,242293,FALSE,0.97,-6.098,0,0.0506,0.0569,6.13e-05,0.154,0.868,114.328,4,9,"global_dance_urban",0.53
67711,"4YjKwvKBYxjoOo23PVWlxF","Alvaro Diaz","Alternativo diferente latino","Ramona Flowers",0,181240,FALSE,0.769,-6.532,1,0.0275,0.0776,6.84e-06,0.0754,0.76,138.001,4,9,"global_dance_urban",0.64
67722,"3X1d3Krb95sCtZ8ydVDFDY","Mariah Angeliq;Casper Magico","El perreo es el futuro","Lo Prohibido",0,202560,FALSE,0.679,-3.519,0,0.143,0.137,7.78e-05,0.0905,0.213,95.003,4,9,"global_dance_urban",0.54
67728,"3AVpTpnfKlzxeDKZHUauUq","Mariah Angeliq;Lele Pons","Esto me suena a Farra","Sucio Y Lento",0,222386,FALSE,0.758,-2.367,0,0.0718,0.37,0.000303,0.0861,0.96,175.951,4,9,"global_dance_urban",0.41
67744,"3Jq82Ej5Fzjo3f0RmlaipF","Thalia","Halloween 2022 Pop Vol. 5","Amarillo Azul",0,234440,FALSE,0.881,-8.491,1,0.0548,0.0298,0.0327,0.0484,0.974,129.025,4,9,"global_dance_urban",0.54
67745,"6FvZIDTCtmWC4KERBlLQ5f","Babasónicos","tardes tranqui","Como Eran Las Cosas",0,242520,FALSE,0.448,-9.099,1,0.0333,0.452,2.43e-05,0.0904,0.569,95.004,4,9,"global_dance_urban",0.42
67758,"1Y1TUKvMGwtEkJ0hMQFjuf","Alejo;Feid;ROBI","Frescura y Perreo","Pantysito",0,240413,TRUE,0.739,-5.395,0,0.0627,0.136,2.11e-06,0.162,0.631,97.993,4,9,"global_dance_urban",0.55
67770,"2GqmufsIytFAXE9sxz4m4S","J Alvarez;Sak Luke;DJ Valdi","Caribe Mix Reggaeton","Loka Loka",0,210093,FALSE,0.794,-4.167,0,0.0486,0.162,0,0.337,0.84,94.018,4,9,"global_dance_urban",0.59
67773,"0hjpo40L9XPirSdaJZOGB2","Lola Indigo;Maria Becerra","Bájale como 7500","DISCOTEKA",2,174801,FALSE,0.854,-5.462,1,0.0444,0.162,1.21e-06,0.0923,0.549,105.992,4,9,"global_dance_urban",0.53
67780,"2yjsLhI8323uXRgVU6d1j8","Lola Indigo;Danna Paola;Denise Rosenthal","El perreo es el futuro","Santería",0,184000,FALSE,0.892,-2.756,0,0.0664,0.025,0,0.188,0.826,105.003,4,9,"global_dance_urban",0.38
67782,"3C8crz63UpoyBdGXGUEH6q","Greeicy;Anitta","Perreo Tenebroso Vol. 5","Jacuzzi",0,184106,FALSE,0.736,-4.484,0,0.0669,0.0914,0,0.0542,0.941,93.008,4,9,"global_dance_urban",0.4
67787,"4icqZpqGF4ZKp0TP1QqsXc","Greeicy","Verano en Junio","Los Besos",0,202333,FALSE,0.752,-4.242,1,0.212,0.071,5.15e-06,0.0963,0.662,167.822,4,9,"global_dance_urban",0.53
67798,"3hmab22CAP8OxnVFPBUxXZ","Paulina Rubio","Halloween 2022 Pop Vol. 4","Sabor A Miel",0,212346,FALSE,0.507,-7.476,1,0.0275,0.419,2.27e-05,0.103,0.238,144.081,4,9,"global_dance_urban",0.5
67817,"5EnAvLC3Vx3Rns75y2JIRA","Chino & Nacho;Sixto Rein","Halloween 2022 Perreo Vol. 4","Vive La Vida",1,238733,FALSE,0.947,-2.152,0,0.0872,0.00778,0,0.195,0.893,123.023,4,9,"global_dance_urban",0.54
67821,"2RBA0rwuSGe0277I6Ei0cq","Nacho;Nicky Jam","Perreo Tenebroso Vol. 2","Mona Lisa",0,185386,FALSE,0.776,-4.405,1,0.0562,0.238,4.36e-06,0.0642,0.704,94.996,4,9,"global_dance_urban",0.61
67823,"64YIeuGEqrP3Gop8in7JU0","Nacho;Manuel Turizo","Perreo Tenebroso Vol. 2","Déjalo",0,202893,FALSE,0.796,-5.733,1,0.073,0.199,0,0.0577,0.683,95.003,4,9,"global_dance_urban",0.44
67824,"2qeeVh2igor03G1Sf2JPlB","Chino & Nacho","Queda poco para la PAES 2.0","Niña Bonita",0,217480,FALSE,0.924,-4.879,1,0.113,0.287,0,0.256,0.643,120.069,4,9,"global_dance_urban",0.54
67839,"69Jv0CiMlrpfjh9N2WFkr0","Chino & Nacho;Baroni","Perreo Tenebroso Vol. 4","You Make Me Feel (Higha)",0,315520,FALSE,0.726,-7.476,0,0.102,0.00686,0.00509,0.0443,0.517,104.985,4,9,"global_dance_urban",0.45
67843,"4PbiFd4s18OBMf7tXgtBUc","Nacho;Yandel;Bad Bunny;Mambo Kingz;DJ Luian","Reggeaton Imperdible","Báilame - Remix",1,217080,FALSE,0.866,-4.236,1,0.0496,0.248,5.29e-06,0.0696,0.71,96.013,4,9,"global_dance_urban",0.56
67848,"0xuFsAioeWRoVhFzGU4BwG","Emmanuel","Diversión para los peques","Busca Lo Más Vital",0,273640,FALSE,0.819,-7.343,1,0.0471,0.366,0,0.283,0.553,108.011,4,9,"global_dance_urban",0.61
67878,"39CGIEtrFLVo9wypDB5ABX","Lalo Ebratt;Juanes;Skinny Happy;Yera;Trapical","Halloween 2022 Perreo Vol. 4","Todo Bien",0,217090,FALSE,0.821,-4.212,0,0.0554,0.732,0,0.35,0.827,110.078,4,9,"global_dance_urban",0.52
67886,"0PF7SVd93G602xdi8SVyEz","Lalo Ebratt;Sebastian Yatra;Yera;Trapical Minds","Fiesta Reggaeton 2010s","Déjate Querer",1,202823,FALSE,0.792,-4.238,1,0.0483,0.028,0,0.0754,0.842,106.015,4,9,"global_dance_urban",0.65
67890,"3QIIbzoXj5xDv3JOEiXl40","Mijares","Fiesta temática 80s","Bella",0,257600,FALSE,0.875,-5.723,1,0.0376,0.0672,5.86e-05,0.962,0.454,91.125,4,9,"global_dance_urban",0.6
67899,"1Ix1m8dAJeXUFMCDGpP92R","Mijares","Halloween 2022 Pop Vol. 4","Para Amarnos Más",0,207800,FALSE,0.655,-9.322,1,0.036,0.0783,0.0105,0.106,0.284,140.368,4,9,"global_dance_urban",0.72
67901,"5vhrsx08dHh2QcVh1Rsiwt","BIA;J. Cole","LONDON (feat. J. Cole)","LONDON (feat. J. Cole)",70,250722,TRUE,0.671,-5.156,0,0.315,0.0225,0,0.0855,0.563,132.001,4,9,"global_dance_urban",0.55
67904,"1DoK3CdipMjplLk5LXUdcp","J Balvin;Willy William;Beyoncé","Mi Gente (feat. Beyoncé)","Mi Gente (feat. Beyoncé)",64,209733,FALSE,0.716,-6.36,0,0.0818,0.0223,0,0.231,0.469,105.021,4,9,"global_dance_urban",0.48
67906,"4DHDIdeayp8xvlyg22wREO","Natti Natasha;Becky G","Ram Pam Pam","Ram Pam Pam",69,200785,TRUE,0.813,-2.749,0,0.0777,0.305,0,0.278,0.924,97.018,4,9,"global_dance_urban",0.47
67907,"6i1g5ZRmJZAkDwBaUZ3f2i","Luar La L","L3tra","Caile",91,141340,TRUE,0.756,-4.948,1,0.448,0.298,3.75e-06,0.0852,0.461,121.737,3,9,"global_dance_urban",0.59
67921,"0Ty3wEwyel2QXCfgP3FojC","Moderatto;Danna Paola","Halloween 2022 Pop Vol. 5","Sólo Quédate En Silencio",0,234973,FALSE,0.643,-7.122,1,0.041,0.467,1.86e-06,0.0857,0.167,175.875,4,9,"global_dance_urban",0.53
67926,"1xwhDD7Ksuzs4bxVNCyYsX","Millonario","Trap y No Llores","Llegan Ya",55,191160,TRUE,0.628,-6.41,0,0.21,0.0666,1.19e-05,0.15,0.323,113.048,4,9,"global_dance_urban",0.63
67956,"6x4tKaOzfNJpEJHySoiJcs","Lou Bega","A Little Bit of Mambo","Mambo No. 5 (a Little Bit of...)",77,220293,FALSE,0.807,-6.752,0,0.408,0.103,0,0.306,0.892,174.06,4,9,"global_dance_urban",0.53
67957,"3rNe2VTczeYzTi6BT3dwKT","Don Omar","Guayar Pegao","Dile",51,206986,FALSE,0.744,-6.096,1,0.094,0.173,7.03e-05,0.0692,0.747,94.04,4,9,"global_dance_urban",0.69
67958,"13kyMXTpiIQlwLBMEyOBkI","KEVVO;J Balvin","Perreo Tenebroso Vol. 4","Billetes Azules",0,189506,TRUE,0.721,-4.928,1,0.108,0.132,0.00471,0.182,0.642,94.991,4,9,"global_dance_urban",0.27
67973,"0bWSUYv9RvJiMzPj1tc5QN","El Canto Del Loco","Éxitos del Pop en Español de los Años 2000","Besos",0,147466,FALSE,0.876,-4.564,1,0.0516,0.00806,7.41e-06,0.129,0.519,105.013,4,9,"global_dance_urban",0.41
67983,"6EgcCQ1Jq07linsih4Kk7W","El Canto Del Loco","Éxitos del Pop en Español de los Años 2000","Peter Pan",0,258613,FALSE,0.819,-3.576,1,0.0315,0.284,0,0.206,0.483,92.574,4,9,"global_dance_urban",0.66
67986,"5vOVMNYDam6F6jtemqnNX2","Antônio Carlos Jobim;Frank Sinatra","christmas but not christmas songs","The Girl From Ipanema",0,200360,FALSE,0.321,-14.418,1,0.0329,0.714,0.00345,0.101,0.549,133.537,4,9,"global_dance_urban",0.51
67989,"04GunTYlMUoEnc5pwzQANm","Charly García","Rock x siempre","Yendo De La Cama Al Living",0,283760,FALSE,0.433,-9.426,0,0.19,0.368,0.000312,0.13,0.572,80.115,4,9,"global_dance_urban",0.47
67991,"51koc72Mp0vRafJHGE21wK","Luciano Pereyra","Pop x siempre","Que Suerte Tiene El",0,202453,FALSE,0.651,-6.341,1,0.0569,0.172,0,0.119,0.632,96.004,4,9,"global_dance_urban",0.77
67994,"2panoBuJZ4gZWvMwycOoRO","Los Bunkers","Modo trabajación","Ángel Para Un Final",0,243160,FALSE,0.654,-3.858,0,0.0331,0.025,0,0.219,0.452,181.893,3,9,"global_dance_urban",0.56
68013,"4SGpb5hFrz394Fp4LcXGgt","Feid","Feliz Cumpleaños con Perreo","Feliz Cumpleaños Ferxxo",7,155960,FALSE,0.573,-5.501,1,0.0678,0.0863,0,0.305,0.563,94.999,4,9,"global_dance_urban",0.54
68022,"0FYD3N8NI3yQ8mKvIMDJol","Feid","El perreo es el futuro","Normal",0,171880,TRUE,0.56,-4.867,0,0.171,0.034,0,0.315,0.541,170.082,4,9,"global_dance_urban",0.61
68032,"5flnQRzZYpT7v7BvNoLsQd","Feid;Totoy El Frio","Frescura y Perreo","De Tanto Chimbiar",2,186066,FALSE,0.602,-6.628,1,0.168,0.108,0,0.246,0.628,90.035,4,9,"global_dance_urban",0.54
68038,"6Es8MOlBfFcCmHZhhLoroo","Feid;Totoy El Frio","Bájale como 7500","De Tanto Chimbiar",3,186066,FALSE,0.602,-6.628,1,0.168,0.108,0,0.246,0.628,90.035,4,9,"global_dance_urban",0.52
68041,"3S98gqCoHJfmr8QP0tWVL7","Feid","Halloween con perreito","Feliz Cumpleaños Ferxxo",0,155960,FALSE,0.573,-5.501,1,0.0678,0.0863,0,0.305,0.563,94.999,4,9,"global_dance_urban",0.63
68057,"2xABkRsg3JYfM7JCNg0Mao","J Balvin;Bad Bunny","Última Misión Reggaeton","QUE PRETENDES",0,222346,FALSE,0.791,-4.443,0,0.254,0.0275,0,0.362,0.933,92.603,4,9,"global_dance_urban",0.41
68063,"4S3KDmiZJQsd6uLPyvHxSO","J Balvin","Perreo Tenebroso Vol. 1","Cuando Tú Quieras",0,205120,FALSE,0.668,-5.063,1,0.199,0.361,0.0038,0.311,0.761,184.332,4,9,"global_dance_urban",0.53
68068,"6dR1uxzRh6aewJ3WQg0GY6","J Balvin","Halloween 2022 Perreo Vol. 1","Rojo",5,151146,FALSE,0.595,-4.04,1,0.117,0.15,0.000106,0.0836,0.421,172.277,4,9,"global_dance_urban",0.36
68070,"14MRXBE5YZoB8HRWf9Zn0I","J Balvin;Jay Wheeler","Esto No Se Le Dedica A Cualquiera","OTRO FILI",3,202546,FALSE,0.638,-5.925,1,0.106,0.275,0.000259,0.105,0.641,81.988,4,9,"global_dance_urban",0.6
68072,"49eU6cfKOpuh3DiuwNma5l","J Balvin","Del gusto de hermanos","Sigo Extrañándote",6,201280,FALSE,0.859,-4.232,0,0.21,0.154,0.000109,0.212,0.938,93.016,4,9,"global_dance_urban",0.53
68082,"4tKNaV5CxlztGumpxi5F9F","J Balvin;Pharrell Williams;BIA;Sky","Perreo Tenebroso Vol. 5","Safari",0,205600,FALSE,0.675,-4.281,1,0.32,0.531,3.17e-06,0.115,0.604,180.077,4,9,"global_dance_urban",0.52
68089,"56FjTokFXI8OJIkVeP7yGA","Feid","Clásicos de ahora: Perreo","Feliz Cumpleaños Ferxxo",0,155960,FALSE,0.573,-5.501,1,0.0678,0.0863,0,0.305,0.563,94.999,4,9,"global_dance_urban",0.58
68097,"7lTWdUAtKRdaRS0UbQD9y7","J Balvin","Noche de Halloween Latino","Morado",2,200666,FALSE,0.696,-3.838,0,0.0797,0.136,4.06e-05,0.0927,0.781,97.002,4,9,"global_dance_urban",0.36
68109,"2tgC51q7KZKdYEmrLDJJrA","J Balvin;Bad Bunny;Marciano Cantero","Perreo en Halloween","UN PESO",4,277106,FALSE,0.675,-7.125,0,0.212,0.125,0,0.0784,0.961,79.31,4,9,"global_dance_urban",0.29
68110,"2ldVpRwLjfUWCDqrjNQYWt","Daddy Yankee;Bad Bunny","Perreo en Halloween","X ÚLTIMA VEZ",3,192477,TRUE,0.855,-3.725,1,0.0554,0.0789,0.000167,0.108,0.573,90.04,4,9,"global_dance_urban",0.52
68123,"5vyRNIsjHH6pZu1dKBddOO","Daddy Yankee;Wisin & Yandel","Fiesta Reggaeton 2010s","Si Supieras",4,241880,FALSE,0.894,-1.681,0,0.115,0.291,0,0.104,0.623,184.018,4,9,"global_dance_urban",0.38
68140,"2x8gjYPcomasunXlQ4gA2i","Daddy Yankee;Divino","Perreo Tenebroso Vol. 1","Nada Ha Cambiao’",0,190000,TRUE,0.906,-3.658,0,0.11,0.0342,0,0.292,0.71,92.023,4,9,"global_dance_urban",0.66
68162,"0I3wA6Iy9HF8uW38es7Tb1","Daddy Yankee;Bad Bunny","Fiesta portatil","X ÚLTIMA VEZ",2,192477,TRUE,0.855,-3.725,1,0.0554,0.0789,0.000167,0.108,0.573,90.04,4,9,"global_dance_urban",0.49
68170,"5jXwDTzWWPK4AzJwHEHdkQ","Daddy Yankee;Myke Towers;Jhayco","Frescura y Perreo","SÚBELE EL VOLUMEN",2,223366,TRUE,0.623,-4.056,1,0.0801,0.0219,0,0.0812,0.614,101.036,4,9,"global_dance_urban",0.46
68171,"2qoKPCtY8GuiSIVO1t5XWB","Anuel AA;KAROL G","Reggeaton Imperdible","Secreto",1,258799,FALSE,0.803,-4.156,1,0.126,0.6,0.0085,0.136,0.706,91.982,4,9,"global_dance_urban",0.46
68174,"20vLGVDLfbzdh3vbSpSuj8","Daddy Yankee;Wisin & Yandel","Hora del taco sin auto","Si Supieras",3,241880,FALSE,0.894,-1.681,0,0.115,0.291,0,0.104,0.623,184.018,4,9,"global_dance_urban",0.29
68179,"3ufMt1JWzgGeJ1rvGjeGbX","Daddy Yankee","Feliz Cumpleaños con Perreo","RUMBATÓN",1,248768,FALSE,0.909,-4.034,0,0.0396,0.0471,0,0.35,0.922,95.004,4,9,"global_dance_urban",0.27
68185,"3iJDmx2BxUCXgjatgYfhoe","Anuel AA;KAROL G","El perreo es el futuro","Secreto",0,258799,FALSE,0.803,-4.156,1,0.126,0.6,0.0085,0.136,0.706,91.982,4,9,"global_dance_urban",0.38
68223,"00PBSElFPJbnIcFS7orAm2","Jhayco","Frescura y Perreo","Christian Dior",1,147133,TRUE,0.718,-5.62,0,0.0694,0.226,1.99e-06,0.108,0.427,92.028,4,9,"global_dance_urban",0.29
68260,"7LtXmsv58ijM3k2dP6h6fR","Jhayco;Bad Bunny","Perreo Tenebroso Vol. 5","CÓMO SE SIENTE - Remix",0,227520,TRUE,0.606,-8.871,0,0.0872,0.0946,0,0.119,0.304,92.988,4,9,"global_dance_urban",0.52
68274,"1Px7xuvKUtX8ctQl2tcjZz","Jhayco;Anuel AA","Clásicos de ahora: Perreo","Ley Seca",0,263666,FALSE,0.843,-3.718,1,0.0913,0.127,0,0.114,0.56,105.016,4,9,"global_dance_urban",0.36
68275,"3nA4OeDfh5607uniaoEmTv","Don Omar;Plan B","Feliz Cumpleaños con Perreo","Hooka",2,238386,FALSE,0.859,-5.087,1,0.146,0.0431,0,0.822,0.845,170.047,4,9,"global_dance_urban",0.39
68289,"1BklyWf82TLsq3ZjwGiuSC","Jhayco;Mariah Angeliq;Eq","Perreo Tenebroso Vol. 3","Costear - Remix",0,224506,FALSE,0.505,-7.569,1,0.0641,0.105,0,0.109,0.36,149.015,4,9,"global_dance_urban",0.46
68302,"5fwSHlTEWpluwOM0Sxnh5k","Farruko","Pepas","Pepas",86,287120,TRUE,0.766,-3.955,1,0.0343,0.00776,6.98e-05,0.128,0.442,130.001,4,9,"global_dance_urban",0.45
68336,"1YxJ0LwE6HQM8COctgjZVo","Don Omar","Perreo Tenebroso Vol. 4","Guaya Guaya",0,194013,FALSE,0.872,-2.117,1,0.143,0.0067,0.000193,0.136,0.696,92.025,4,9,"global_dance_urban",0.58
68348,"4B8RTAHSPfYpV222GsmEjq","Don Omar","Fiesta portatil","Zumba",2,263973,FALSE,0.891,-3.494,0,0.0404,0.00175,0.0146,0.138,0.828,124.981,4,9,"global_dance_urban",0.29
68350,"2BEcap3xJtmiPaHKyfQi4e","Rvssian;Rauw Alejandro;Chris Brown","Nostálgico","Nostálgico",80,209883,TRUE,0.846,-3.425,0,0.0489,0.166,1.74e-06,0.235,0.604,98.026,4,9,"global_dance_urban",0.42
68371,"5d6cQDjQFHKdUamJwXMlk8","Chris Jedi;Anuel AA;Chencho Corleone;Ñengo Flow","FELIZ CUMPLEAÑOS","La Llevo Al Cielo",2,254920,TRUE,0.845,-3.809,0,0.135,0.105,1.14e-05,0.172,0.769,170.023,4,9,"global_dance_urban",0.32
68383,"3wg5msLliZtdraqMNj3SSm","Tony Dize;Yandel","Halloween con perreito","Permitame",0,185013,FALSE,0.669,-6.974,1,0.148,0.0291,0,0.159,0.904,214.024,4,9,"global_dance_urban",0.31
68385,"16WngPBW0UBCNILvwPjldQ","Tony Dize;Yandel","Última Misión Reggaeton","Permitame",0,185013,FALSE,0.669,-6.974,1,0.148,0.0291,0,0.159,0.904,214.024,4,9,"global_dance_urban",0.78
68393,"77JnuzkgDssvr8Q5GQ39Eh","Cali Y El Dandee;Danna Paola","Verano en Junio","Nada",0,174026,FALSE,0.808,-2.737,1,0.061,0.0518,1.02e-05,0.0858,0.712,173.905,4,9,"global_dance_urban",0.51
68397,"2awk2br4XeJn2L6Dl9stuj","Cali Y El Dandee;Reik","Halloween 2022 Perreo Vol. 5","Borracho De Amor",1,175640,FALSE,0.754,-2.155,1,0.116,0.0578,0,0.0993,0.828,90.064,4,9,"global_dance_urban",0.38
68405,"37Vpwl1B9rV95igWTpDiUp","Alvaro Diaz","Homecoming Latin Party","LENTITO",0,203546,FALSE,0.803,-4.953,1,0.273,0.0392,4.71e-05,0.0973,0.339,108.049,4,9,"global_dance_urban",0.44
68408,"3TXrdXNa4RSLeGywoYrVUU","Alvaro Diaz;Rauw Alejandro","FELIZ CUMPLEAÑOS","Problemón",0,193013,FALSE,0.737,-3.727,0,0.064,0.275,7.58e-06,0.137,0.369,91.99,4,9,"global_dance_urban",0.49
68421,"4rlYrov7VH5lsLQklkdoFt","Mariah Angeliq","Halloween 2022 Perreo Vol. 5","Miénteme",0,211693,FALSE,0.82,-4.511,0,0.127,0.0712,0,0.132,0.43,100.064,4,9,"global_dance_urban",0.5
68423,"7b7U1UbBVxh6T7hYfYoJjY","Alejo;Feid;ROBI","Feliz Cumpleaños con Perreo","Pantysito",1,240413,TRUE,0.739,-5.395,0,0.0627,0.136,2.11e-06,0.162,0.631,97.993,4,9,"global_dance_urban",0.47
68425,"1thR2sfJj6FasYaXHQ98e4","Juan Magán;Mala Rodríguez","Perreo Tenebroso Vol. 3","Usted",0,233746,FALSE,0.826,-4.093,1,0.0625,0.017,0,0.285,0.343,104.701,4,9,"global_dance_urban",0.57
68439,"3lOFofBlwZF66FMjH2AcuC","Cali Y El Dandee;Juan Magán;Sebastian Yatra","Queda poco para la PAES 2.0","Por Fin Te Encontré",0,250836,FALSE,0.822,-3.679,1,0.212,0.0493,0,0.193,0.837,179.994,4,9,"global_dance_urban",0.48
68445,"6nGVNcm1jBvgeNmYcxWhW7","Tito ""El Bambino"";Beenie Man;Ines","Halloween con perreito","Flow Natural",0,173866,FALSE,0.789,-5.498,1,0.0661,0.121,0,0.328,0.826,101.037,4,9,"global_dance_urban",0.55
68458,"2q2atJsGhvwWiMeeDAyztu","Kevin Roldan;Bryant Myers;Lyanno","Perreo Tenebroso Vol. 5","Hasta Abajo",0,229826,FALSE,0.671,-5.119,1,0.362,0.292,0,0.325,0.641,169.727,4,9,"global_dance_urban",0.3
68460,"1ZncGj6fmxAvJka0i86ONx","Mariah Angeliq","Feliz Cumpleaños con Perreo","La Tóxica",0,171280,TRUE,0.723,-4.761,0,0.268,0.0149,7.78e-05,0.0952,0.724,91.761,4,9,"global_dance_urban",0.34
68466,"0wnHWAY8fMWAeuBUQcVnzr","Mariah Angeliq","Clásicos de ahora: Perreo","Perreito",0,123680,TRUE,0.607,-3.599,1,0.0835,0.194,0.11,0.132,0.528,179.957,4,9,"global_dance_urban",0.34
68475,"3wtXp02KWZCqsZGWRZxNM6","Kevin Roldan","Perreo en Halloween","PPP",1,129332,FALSE,0.625,-6.83,1,0.13,0.383,3.33e-05,0.125,0.774,92.994,4,9,"global_dance_urban",0.36
68479,"5z9pctgt4r9s4Ih99wmbzc","Mariah Angeliq;Guaynaa","Feliz Cumpleaños con Perreo","Taxi",0,173653,FALSE,0.796,-3.918,0,0.125,0.0627,0,0.166,0.701,180.069,4,9,"global_dance_urban",0.65
68482,"26op06vMM21RB0hej3b0lG","Mariah Angeliq;Guaynaa","Halloween 2022 Perreo Vol. 1","Taxi",0,173653,FALSE,0.796,-3.918,0,0.125,0.0627,0,0.166,0.701,180.069,4,9,"global_dance_urban",0.62
68500,"47EiUVwUp4C9fGccaPuUCS","Bad Bunny;Jhayco","DÁKITI","DÁKITI",83,205090,TRUE,0.573,-10.059,0,0.0544,0.401,5.22e-05,0.113,0.145,109.928,4,9,"global_dance_urban",0.47
68501,"79HZAZNnOE97rb2hnI0XQr","Rauw Alejandro;Lyanno;Brray","LOKERA","LOKERA",91,195294,FALSE,0.828,-2.657,0,0.0452,0.21,5.91e-06,0.103,0.58,102.019,4,9,"global_dance_urban",0.6
68510,"52AHKfP6qQ3feLjPCDTiRI","Ozuna;Pedro Capó","OzuTochi","Mar Chiquita",62,204413,FALSE,0.76,-4.628,0,0.0421,0.304,1.79e-05,0.0656,0.668,98.015,4,9,"global_dance_urban",0.62
68514,"41oY4WCTj5kccfesTVFnvN","Bad Bunny;Jhayco","Un Verano Sin Ti","Tarot",91,237894,TRUE,0.684,-3.971,0,0.0419,0.0225,0,0.658,0.419,114.011,4,9,"global_dance_urban",0.66
68515,"2snbAel9GoxA6i6iH0Wvw9","Ozuna","OzuTochi","Te Pienso",66,147760,FALSE,0.533,-7.409,1,0.098,0.117,0,0.305,0.676,163.733,4,9,"global_dance_urban",0.37
68517,"07oas8KpAMIkwuetf81Zen","Ozuna;Chencho Corleone;Arcangel;J Balvin;Randy","OzuTochi","El Cel",63,287813,FALSE,0.799,-5.205,1,0.162,0.0796,0.00709,0.0928,0.945,165.908,4,9,"global_dance_urban",0.36
68519,"4ZlHgEGwZb3PCq0OWFbhcO","Ozuna","OzuTochi","Kotodama",63,188533,FALSE,0.694,-3.241,1,0.0716,0.156,0.0188,0.3,0.597,93.025,4,9,"global_dance_urban",0.6
68543,"7oMBY3VmIxqNVeZ7yneYuN","Chino & Nacho","Perreo Tenebroso Vol. 2","Me Voy Enamorando",0,235720,FALSE,0.912,-3.411,1,0.0685,0.0533,0,0.392,0.511,99.952,4,9,"global_dance_urban",0.28
68547,"69Jv0CiMlrpfjh9N2WFkr0","Chino & Nacho;Baroni","Perreo Tenebroso Vol. 4","You Make Me Feel (Higha)",0,315520,FALSE,0.726,-7.476,0,0.102,0.00686,0.00509,0.0443,0.517,104.985,4,9,"global_dance_urban",0.64
68553,"4tYFy8ALRjIZvnvSLw5lxN","Bad Bunny;Rauw Alejandro","Un Verano Sin Ti","Party",90,227628,FALSE,0.799,-5.389,1,0.0897,0.0151,0.000543,0.242,0.471,97.013,4,9,"global_dance_urban",0.58
68561,"13kyMXTpiIQlwLBMEyOBkI","KEVVO;J Balvin","Perreo Tenebroso Vol. 4","Billetes Azules",0,189506,TRUE,0.721,-4.928,1,0.108,0.132,0.00471,0.182,0.642,94.991,4,9,"global_dance_urban",0.45
68567,"4jkHYYFyPCil3x39Ip9Rro","Ecko;Lyanno","Trap x siempre","Como Antes",0,182346,FALSE,0.584,-6.303,0,0.107,0.0639,1.08e-06,0.199,0.891,180.082,4,9,"global_dance_urban",0.49
68578,"02yEhcqA7tqfca3gwPxXdF","Nacho;Wisin;Noriel","Perreo Tenebroso Vol. 3","No Te Vas - Remix",0,227226,FALSE,0.764,-5.447,1,0.0954,0.0646,2.45e-06,0.0974,0.803,93.995,4,9,"global_dance_urban",0.53
68580,"4ELcoBwvEubDVAgsSXYiyf","Nacho;Nicky Jam","Halloween 2022 Perreo Vol. 1","Mona Lisa",0,185386,FALSE,0.776,-4.405,1,0.0562,0.238,4.36e-06,0.0642,0.704,94.996,4,9,"global_dance_urban",0.48
68584,"1p3RZNCZRNeZVDCPfTlnEU","Nacho;Noriel","Halloween 2022 Perreo Vol. 3","Emborráchate",0,207800,FALSE,0.843,-4.645,0,0.0481,0.0204,7.03e-06,0.0885,0.822,104.992,4,9,"global_dance_urban",0.32
68598,"7de3XY2dWCowu7j5NxO2PV","Ñejo & Dalmata","Perreo Tenebroso Vol. 2","Pasarela",0,227466,FALSE,0.821,-6.143,1,0.0596,0.0985,5.84e-06,0.178,0.526,95.004,4,9,"global_dance_urban",0.2
68603,"2XIc1pqjXV3Cr2BQUGNBck","Bad Bunny;ROSALÍA","EL ÚLTIMO TOUR DEL MUNDO","LA NOCHE DE ANOCHE",82,203200,FALSE,0.618,-4.892,1,0.286,0.0303,0,0.0866,0.391,81.993,4,9,"global_dance_urban",0.42
68605,"4fSIb4hdOQ151TILNsSEaF","Rauw Alejandro","Todo De Ti","Todo De Ti",82,199604,TRUE,0.718,-3.605,0,0.0506,0.31,0.000163,0.0932,0.342,127.949,4,9,"global_dance_urban",0.5
68606,"2Q4MRMnSAMckugCtR5jgXT","Alvaro Diaz;Rauw Alejandro","Problemón","Problemón",71,193013,FALSE,0.737,-3.727,0,0.064,0.275,7.58e-06,0.137,0.369,91.99,4,9,"global_dance_urban",0.42
68610,"4DHDIdeayp8xvlyg22wREO","Natti Natasha;Becky G","Ram Pam Pam","Ram Pam Pam",69,200785,TRUE,0.813,-2.749,0,0.0777,0.305,0,0.278,0.924,97.018,4,9,"global_dance_urban",0.41
68616,"2iHjPGTXFJECERi5oucgWQ","Harry Nach","Moods","Poppy",49,151639,TRUE,0.835,-6.356,1,0.207,0.355,0.00118,0.447,0.715,124.103,4,9,"global_dance_urban",0.29
68620,"5l78PGbrC8CPSIEMlhGNR4","King Savagge","Discotete","Discotete",51,188750,TRUE,0.743,-5.099,0,0.189,0.0918,3.71e-06,0.0817,0.881,96.084,4,9,"global_dance_urban",0.36
68623,"5jDId3iv4Jrzd9aeCJZjOO","Joey Montana;Lalo Ebratt","Perreo Tenebroso Vol. 3","No Te Va",0,204880,FALSE,0.934,-1.223,0,0.078,0.17,0.000121,0.134,0.647,96.983,4,9,"global_dance_urban",0.31
68628,"35dSvZeoNxzvIQ6D5UC4Lo","Joey Montana","Queda poco para la PAES 2.0","La Melodía",0,219103,FALSE,0.835,-5.35,1,0.0284,0.226,2.94e-06,0.293,0.76,116.991,4,9,"global_dance_urban",0.25
68629,"6F1izKHk6MUbau13IUn28s","Luny Tunes;Don Omar;Sharlene;Maluma","Carrete con besties","La Fila",0,203760,FALSE,0.931,-1.483,0,0.079,0.111,0,0.273,0.574,118.069,4,9,"global_dance_urban",0.34
68631,"5fLunXV4vxS9HDpnUFS1za","Joey Montana;Lalo Ebratt","Hora del taco sin auto","No Te Va",0,204880,FALSE,0.934,-1.223,0,0.078,0.17,0.000121,0.134,0.647,96.983,4,9,"global_dance_urban",0.41
68632,"4rCFiYk6EtafNSfr7cvqQo","Joey Montana;De La Ghetto","Del gusto de hermanos","Moribundo",0,243666,FALSE,0.824,-3.785,1,0.0407,0.0354,0.00245,0.495,0.604,92.989,4,9,"global_dance_urban",0.33
68678,"0fRsJIT0OkpN0o2nCu0hAF","Dvice;La Fortaleza Real;Juanka;Jehza","Dembow","Dembow",46,207214,TRUE,0.764,-5.649,0,0.0558,0.0353,0.000557,0.12,0.695,170.018,4,9,"global_dance_urban",0.33
68680,"6obKfbBp4fdgUMppwgg837","Dvice","Necesito de Ti","Necesito de Ti",45,193010,TRUE,0.814,-3.623,0,0.0889,0.0829,0,0.31,0.937,91.015,4,9,"global_dance_urban",0.42
68687,"1npcpOYiEc29qN5UavSjGL","Hector & Tito","Halloween 2022 Perreo Vol. 4","Felina",1,216426,FALSE,0.93,-6.497,1,0.0734,0.0233,0.014,0.075,0.732,92.989,4,9,"global_dance_urban",0.43
68716,"5CzixCxDkRXX9mScCmah8O","Bad Bunny","Un Verano Sin Ti","Un Ratito",87,176936,FALSE,0.546,-7.094,0,0.0532,0.305,4.55e-05,0.122,0.222,93.05,4,9,"global_dance_urban",0.42
68717,"1bFgMkoazsyZGSflpCzYm6","Farruko;Tiësto","Pepas (Tiësto Remix)","Pepas - Tiësto Remix",70,223384,TRUE,0.688,-4.378,1,0.0501,0.00215,0.107,0.088,0.387,130.026,4,9,"global_dance_urban",0.67
68718,"7gcMKL3lnDxsp4bIXyv6Zk","Daddy Yankee","Shaky Shaky","Shaky Shaky",65,234320,FALSE,0.626,-4.228,0,0.292,0.076,0,0.0631,0.873,88.007,4,9,"global_dance_urban",0.4
68720,"2GPCE96x9Go6acdDt8ex6p","J Balvin;Dua Lipa;Bad Bunny;Tainy","Future Nostalgia (The Moonlight Edition)","Un Día (One Day)",65,231815,FALSE,0.634,-10.599,0,0.0617,0.00547,0,0.129,0.432,168.136,4,9,"global_dance_urban",0.59
68723,"2C2TGgFzrTRIOdQS1vUN5h","J Balvin","Energía","Ginza",70,171093,FALSE,0.809,-6.406,0,0.0876,0.208,0.0013,0.0804,0.825,101.965,4,9,"global_dance_urban",0.45
68749,"2mkyXUPD2ndw3hf8Gk6gFP","Huichol Musical","Mañana Que Ya No Estés","Mañana Que Ya No Estés",45,201770,FALSE,0.495,-5.128,1,0.0425,0.156,0,0.125,0.846,168.023,3,9,"global_dance_urban",0.48
68758,"6MJUCumnQsQEKbCy28tbCP","Daddy Yankee;Anuel AA","Adictiva","Adictiva",70,207853,FALSE,0.771,-3.206,0,0.0563,0.291,5.62e-05,0.172,0.701,99.038,4,9,"global_dance_urban",0.26
68785,"0YoNL20XORC4ZuxlRLu3cM","Young Cister;Duki","LO MAS XULO DE TU INSTA","DOLCE",42,242006,FALSE,0.656,-4.009,0,0.0491,0.0678,4.92e-06,0.17,0.469,92.02,4,9,"global_dance_urban",0.18
68789,"5F1KlBhTmtwHY0qItKsEEg","Jairo Vera","Se Canso","Se Canso",43,195274,FALSE,0.505,-8.134,0,0.0515,0.118,0,0.249,0.62,87.052,4,9,"global_dance_urban",0.39
68795,"35et0G7aJVzE52TzK50Jg7","Carlitos Junior;Yiordano Ignacio;BlackRoy","Desacatao (Remix)","Desacatao (Remix)",43,276228,FALSE,0.785,-7.13,1,0.048,0.331,0,0.113,0.887,127.017,4,9,"global_dance_urban",0.63
68801,"7CtbxAGq2P0jtYh6SH9DMR","Tainy;J Balvin","The SpongeBob Movie: Sponge On The Run (Original Motion Picture Soundtrack)","Agua (with J Balvin)",69,159665,FALSE,0.651,-5.421,0,0.266,0.167,0,0.177,0.569,100.094,4,9,"global_dance_urban",0.46
68809,"23WI5V2eD4EyGKxSl7Pyeq","Chino & Nacho;Daddy Yankee","Andas En Mi Cabeza","Andas En Mi Cabeza",74,247493,FALSE,0.954,-1.87,1,0.13,0.0244,0,0.111,0.556,104.114,4,9,"global_dance_urban",0.71
68811,"1m69ELEgE6k5ZWsap40ozt","Ozuna","Odisea","Se Preparó",75,188080,FALSE,0.821,-4.233,1,0.0852,0.222,9.6e-06,0.311,0.693,171.077,4,9,"global_dance_urban",0.53
68812,"4HYDUMY0xSpeBr0AMY9cUz","Jay Wheeler;DJ Nelson;Myke Towers","Platonicos","La Curiosidad",80,219048,FALSE,0.677,-4.798,0,0.136,0.269,0.000917,0.108,0.68,90.013,4,9,"global_dance_urban",0.52
68829,"5EslUzaxGTmgaoYGXkbhLa","Franky Style","Detrás Del Dólar","Detrás Del Dólar",41,173793,TRUE,0.57,-9.512,0,0.189,0.357,0.014,0.0984,0.562,115.979,4,9,"global_dance_urban",0.67
68840,"7ntJVBC11rBSPyGowYV1qz","Canticuénticos","A Cocochito","¡Qué Suerte, Qué Risa!",42,159807,FALSE,0.422,-7.933,1,0.0475,0.836,0,0.105,0.573,69.8,4,9,"global_dance_urban",0.21
68845,"6hufSKKiNAOUdS5JVym6hu","31 Minutos","31 Canciones de Amor y una Canción de Guaripolo","Nunca Me He Sacado un 7 - Michael Astudillo Jr",41,120600,FALSE,0.686,-6.469,1,0.103,0.63,0,0.0955,0.938,96.967,4,9,"global_dance_urban",0.49
68860,"4d4ZXH4dr5bYfgErHiZCX2","Bad Bunny","Un Verano Sin Ti","Dos Mil 16",87,208615,FALSE,0.67,-6.534,1,0.0506,0.123,1.92e-06,0.128,0.495,130.058,3,9,"global_dance_urban",0.27
68861,"7jzJd9ZuHifdJzb64wBLKZ","DrefQuila","To' Tu Size","To' Tu Size",41,176031,FALSE,0.562,-6.762,0,0.0646,0.573,0,0.202,0.528,128.013,4,9,"global_dance_urban",0.59
68863,"30W8VKHrAZmHzObnwAoc1u","Mora;Sech","MICRODOSIS","TUS LÁGRIMAS",80,174482,TRUE,0.714,-4.898,1,0.252,0.181,1e-06,0.111,0.448,173.963,4,9,"global_dance_urban",0.45
68877,"6CXNaNAwb4E59DJr1M4tcd","Neo Pistea;0-600;C.R.O;Mike Southside;Coqeéin Montana","Tumbando El Club","Tumbando El Club",40,315737,TRUE,0.781,-3.93,0,0.0533,0.369,7.22e-05,0.0982,0.698,121.95,4,9,"global_dance_urban",0.24
68880,"3kQm6t1V0dy7xdhRXVzWRd","Galee Galee;Cris Mj;Bstk Prod","Toy Con la Bendición","Toy Con la Bendición",41,244788,TRUE,0.522,-11.038,0,0.214,0.384,8.62e-05,0.117,0.497,103.935,4,9,"global_dance_urban",0.58
68894,"3BoIHWjO48jLcdFby2P8D3","Kinky","Kinky (Remastered)","Mas - Remastered",42,260426,FALSE,0.803,-6.641,0,0.0477,0.433,0.13,0.112,0.707,106.376,4,9,"global_dance_urban",0.43
68901,"2tFwfmceQa1Y6nRPhYbEtC","Jhayco;Bad Bunny","CÓMO SE SIENTE (Remix)","CÓMO SE SIENTE - Remix",82,227520,TRUE,0.606,-8.871,0,0.088,0.0946,0,0.119,0.304,92.988,4,9,"global_dance_urban",0.41
68946,"1zIEjkEd2awwjVTxqPPecY","Kinky","Kinky (Remastered)","Ejercicio #16 - Remastered",40,261813,FALSE,0.873,-7.559,0,0.0752,0.0432,0.0103,0.309,0.801,122.163,4,9,"global_dance_urban",0.64
68957,"4FvJysAX0y4TfHE9CIprrx","DELLAFUENTE;Rvfv","K alegría","K alegría",70,159215,FALSE,0.787,-5.472,0,0.0964,0.104,0.0161,0.0654,0.88,110.02,4,9,"global_dance_urban",0.3
68967,"2IzV2SPZQLadtA46ni3ICq","Zion & Lennox;Maria Becerra","Berlin","Berlin",81,246061,FALSE,0.766,-4.237,1,0.0422,0.18,1.53e-06,0.164,0.846,121.008,4,9,"global_dance_urban",0.22
68969,"493Rk3iS7rs8uPfpnfm95u","Farruko;Victor Cardenas;Dj Adoni","El Incomprendido","El Incomprendido",71,267546,TRUE,0.841,-3.19,1,0.135,0.113,0,0.466,0.541,128.019,4,9,"global_dance_urban",0.47
68976,"3xCgINt2wbb8a4sErj2ysA","Big Soto","The Good Trip","Loquera",39,181000,TRUE,0.595,-10.232,0,0.192,0.358,0,0.236,0.717,140.04,4,9,"global_dance_urban",0.37
68989,"4HSvXHtHuFIu6b7ZjXn4md","31 Minutos","31 Minutos","Calcetín Con Rombos Man",39,40893,FALSE,0.941,-5.453,0,0.0802,0.0395,0.906,0.0791,0.765,171.764,4,9,"global_dance_urban",0.34
68992,"4mRDHNAFzVK2UvdzZaB5fA","Simon la Letra","Pa las Babys","Me Guille",39,194285,FALSE,0.735,-6.028,0,0.038,0.565,0,0.124,0.591,104.985,4,9,"global_dance_urban",0.71
68995,"7atsDzqc41OAtNHiovTmI1","Panam y Circo","CD9: A Jugar Con Panam","Mimo a Mi Mamá",39,152746,FALSE,0.499,-6.642,1,0.0441,0.304,0,0.0997,0.802,124.842,3,9,"global_dance_urban",0.59
70004,"31RIphTQ9y4zStkH5xRWgW","Jay Chou","11月的蕭邦","一路向北",60,294240,FALSE,0.617,-6.252,1,0.0273,0.0133,5.95e-05,0.116,0.3,133.917,4,5,"singer_early_pop",0.75
70008,"1qC4WWHjOBmldotqL15dnD","Lu Han;Kris Wu","咖啡 (LH x KW)","咖啡 (LH x KW)",46,194683,FALSE,0.595,-5.926,1,0.0416,0.0447,0,0.107,0.326,95.015,4,5,"singer_early_pop",0.56
70010,"32nainF4TXsMpuFOGCkzzM","Jay Chou","11月的蕭邦","夜曲",59,226773,FALSE,0.649,-5.869,1,0.0451,0.285,0.0585,0.226,0.6,86.985,4,5,"singer_early_pop",0.75
70014,"6jNy9WM3zyvG9E5bdVALl8","告五人","好不容易","好不容易 (《華燈初上》片尾曲)",65,295466,FALSE,0.543,-5.938,0,0.0345,0.313,2.1e-05,0.268,0.166,173.652,4,5,"singer_early_pop",0.79
70037,"72OVnXDzugvrCU25lMi9au","WeiBird","如果可以 (電影""月老""主題曲)","如果可以 - 電影""月老""主題曲",71,274400,FALSE,0.54,-6.368,1,0.029,0.241,0,0.351,0.372,74.969,4,5,"singer_early_pop",0.56
70062,"2orBsWiDd6DU46nacvAd6Y","Tanya Chua","Nightglow (崩壞3印象曲)","Nightglow - 崩壞3印象曲",50,183468,FALSE,0.537,-6.162,0,0.0331,0.356,4.47e-06,0.0729,0.167,147.808,4,5,"singer_early_pop",0.71
70068,"36okEwTBuhG9dIOqCd0B2P","Jay Chou","范特西","愛在西元前",55,234253,FALSE,0.681,-8.266,1,0.0339,0.177,2.68e-05,0.122,0.723,126.811,4,5,"singer_early_pop",0.71
70080,"4x9retP0JqKa35zZZhNhNS","Faye Wong","如愿","如愿",56,265383,FALSE,0.316,-9.449,0,0.0314,0.614,5.85e-06,0.0896,0.0978,132.882,4,5,"singer_early_pop",0.7
70093,"2AllsVsmrJkEwXPXwDBCQu","Eason Chan","Shall We Dance? Shall We Talk!","單車",57,211251,FALSE,0.35,-10.591,1,0.0284,0.754,0,0.0743,0.307,130.067,4,5,"singer_early_pop",0.6
70098,"2DPtlExz5RsBadugc6KODG","William So","秋日思念絮語","愛一個人好難",0,295960,FALSE,0.526,-10.314,1,0.0462,0.702,0,0.151,0.329,78.192,4,5,"singer_early_pop",0.69
70101,"6W2tmkeuHKaedHhdTPnyVs","Jay Chou","魔杰座","說好的幸福呢",58,254720,FALSE,0.473,-7.958,0,0.0282,0.345,0,0.134,0.24,117.61,4,5,"singer_early_pop",0.62
70103,"0YgvF6fNWydNGzCY3pzK4Y","JJ Lin","第二天堂","江南",57,265000,FALSE,0.517,-9.433,0,0.0371,0.75,0,0.315,0.404,120.021,4,5,"singer_early_pop",0.42
70108,"4eLCzybaneILH1zBkwwQyZ","Jay Chou","杰倫","龍捲風",54,248160,FALSE,0.557,-6.585,1,0.0314,0.681,0,0.102,0.544,143.945,4,5,"singer_early_pop",0.53
70115,"7aGklaoRXNcuufJQGsly0X","Jay Chou","八度空間","回到過去",54,231466,FALSE,0.459,-7.017,1,0.0295,0.843,0,0.0851,0.187,170.154,4,5,"singer_early_pop",0.71
70123,"0A2ThtXfxrXAiU1fz6wHst","Z.TAO","T.A.O","捨不得",34,236911,FALSE,0.521,-7.908,1,0.0307,0.0622,0,0.0891,0.343,134.024,4,5,"singer_early_pop",0.59
70142,"5oL7vOxCz2eJKAX6G4Yluh","Fish Leong","別再為他流淚","情歌",57,260093,FALSE,0.411,-5.623,1,0.0374,0.747,0,0.342,0.364,139.914,4,5,"singer_early_pop",0.68
70143,"56UzFYxgkvxU188BsCKBOc","JJ Lin","她說","當你",59,249248,FALSE,0.476,-7.131,1,0.028,0.739,0,0.103,0.365,133.964,4,5,"singer_early_pop",0.6
70153,"0TDnUtKMOJruB90aDEMsDR","Jay Chou","依然范特西","聽媽媽的話",55,263973,FALSE,0.64,-6.615,1,0.0287,0.391,6.52e-05,0.11,0.595,92.989,4,5,"singer_early_pop",0.83
70155,"4MNuUPVgAALVneM0kughvi","Jay Chou","11月的蕭邦","黑色毛衣",52,249573,FALSE,0.48,-7.425,0,0.0309,0.737,0,0.15,0.273,118.022,4,5,"singer_early_pop",0.71
70162,"4mronxcllhfyhBRqyZi8kU","Steve Chou","Transfer","黃昏",55,344200,FALSE,0.511,-9.836,0,0.0291,0.122,0,0.279,0.113,78.045,4,5,"singer_early_pop",0.79
70166,"2wxSjPX7frBeeTaoqvhU10","Zhang Zhen Yue","OK","小宇",48,227554,FALSE,0.373,-9.417,1,0.0286,0.715,0.000193,0.108,0.353,90.035,4,5,"singer_early_pop",0.85
70172,"3aawXLnJpcDVXCl1UUksAW","Eason Chan","認了吧","淘汰",56,285000,FALSE,0.551,-5.483,1,0.0295,0.192,0,0.302,0.206,117.978,4,5,"singer_early_pop",0.7
70179,"2uY8mN0tdlmy9E1zuHmWOh","G.E.M.","你不是第一個離開的人","你不是第一個離開的人",59,200287,FALSE,0.296,-7.761,0,0.0376,0.653,0,0.11,0.157,81.312,5,5,"singer_early_pop",0.81
70182,"5l94Up12BJSjhH7Mhr2ji4","Faye Wong","唱遊","紅豆",55,256026,FALSE,0.408,-10.609,1,0.0317,0.27,6.53e-06,0.26,0.17,111.821,4,5,"singer_early_pop",0.7
70194,"1lovdi4qoB4Gc1NsnF8mN8","詹雅雯","詹雅雯 女人夢","有你的城市",31,260720,FALSE,0.48,-5.447,0,0.0299,0.414,0,0.605,0.328,84.138,3,5,"singer_early_pop",0.69
70195,"2VEt42QSQxILgEf9B50xxm","理想混蛋","不是因為天氣晴朗才愛你","不是因為天氣晴朗才愛你",63,240753,FALSE,0.271,-13.185,1,0.0347,0.753,1.23e-06,0.0883,0.399,135.783,4,5,"singer_early_pop",0.69
70203,"7JX2ClsnxN9GirkOezr01O","G.E.M.","喜歡你 - Single","喜歡你",56,239010,FALSE,0.755,-6.334,1,0.0885,0.143,0,0.254,0.342,156.152,4,5,"singer_early_pop",0.88
70213,"4wRYpv96z3nmsiC9f3BdWh","LaLa Hsu","徐佳瑩LaLa首張創作專輯","一樣的月光",54,240386,FALSE,0.575,-5.787,1,0.0302,0.249,0,0.0855,0.236,135.999,4,5,"singer_early_pop",0.58
70221,"5geqxGTn2dFte1KywqcXYq","Eason Chan","認了吧","愛情轉移(國)",54,259986,FALSE,0.481,-8.072,1,0.0309,0.709,0,0.48,0.357,105.255,4,5,"singer_early_pop",0.6
70224,"1J707Wskr4x6JO9QwhiCm4","守夜人","使者","我睡不著",58,199586,FALSE,0.227,-12.27,1,0.0292,0.781,1.12e-06,0.101,0.0987,145.914,4,5,"singer_early_pop",0.78
70228,"53yiHIP3ptxWtT4ambRcgb","TRASH","Holy Trip!","終究還是因為愛",62,285222,FALSE,0.8,-5.203,1,0.0587,0.0253,2.22e-06,0.125,0.182,126.027,4,5,"singer_early_pop",0.78
70231,"35B0D3BnZfxl0mA3KkstVK","JJ Lin","""和自己對話"" 實驗專輯","關鍵詞",54,210266,FALSE,0.452,-8.628,1,0.031,0.824,0,0.135,0.327,135.885,4,5,"singer_early_pop",0.78
70241,"0WzdHebEnoKHlTxq5x2e67","Mayday;Cheer Chen","離開地球表面","私奔到月球",54,226786,FALSE,0.681,-4.501,1,0.0556,0.376,0,0.0768,0.616,184.274,4,5,"singer_early_pop",0.56
70267,"6ufjxyxCJeYKw82FoaLjfd","Evan Yo","蔡旻佑首張創作專輯 19","我可以",56,266920,FALSE,0.424,-5.567,1,0.0274,0.627,0,0.0912,0.154,132.817,4,5,"singer_early_pop",0.6
70275,"7oOfvZDUqhiJd9OC2Tq8Nh","Kelly Yu","尚未界定","體面",58,282770,FALSE,0.465,-8.483,1,0.0337,0.421,0.000278,0.109,0.205,169.845,4,5,"singer_early_pop",0.88
70277,"6CnvWizSE8b1xgJAu427uB","G.E.M.","GLORIA","GLORIA",53,244986,FALSE,0.61,-6.722,1,0.0528,0.0449,0.000535,0.0964,0.254,139.885,4,5,"singer_early_pop",0.88
70289,"6vrCbsFmcfjrvf6GpJDRh4","詹雅雯","想厝的人","是真的",28,239420,FALSE,0.327,-10.809,0,0.0283,0.6,0,0.0534,0.788,107.989,4,5,"singer_early_pop",0.65
70295,"4suzoFA0XOUoF56mpkUcOp","詹雅雯","詹雅雯 女人夢","一個人的心事",28,253586,FALSE,0.552,-5.648,1,0.0289,0.234,2.77e-06,0.158,0.286,127.794,4,5,"singer_early_pop",0.6
70300,"3z4leqkfSaXQPAyGwQruTe","Faye Wong","匆匆那年","匆匆那年",51,241000,FALSE,0.343,-10.475,0,0.0301,0.954,0.00112,0.113,0.401,127.977,3,5,"singer_early_pop",0.63
70308,"71hsztLKPH2en9IAZHqAvv","Jeric","LOVE YOU MORE (愛你多一些)","LOVE YOU MORE (愛你多一些)",28,220333,FALSE,0.51,-9.892,0,0.0393,0.594,0,0.125,0.607,124.018,4,5,"singer_early_pop",0.7
70310,"1Y0fRLWX9rLGccCCRFGzXf","Bii","無畏的明天","無畏的明天",27,215374,FALSE,0.749,-4.326,1,0.038,0.018,1.87e-05,0.176,0.324,119.98,4,5,"singer_early_pop",0.72
70325,"5OZeRuBBRpEY13BagcAOLJ","JJ Lin","JJ林俊傑100天","背對背擁抱",54,234890,FALSE,0.564,-4.787,1,0.0333,0.644,0,0.226,0.349,129.549,4,5,"singer_early_pop",0.69
70330,"69lAYqbyHL1A0gctdLd9WV","JJ Lin","JJ陸","醉赤壁",54,281533,FALSE,0.449,-7.771,0,0.0271,0.48,0,0.0806,0.451,82.041,4,5,"singer_early_pop",0.69
70338,"4D0KlK4Fl8lotvsoys1bYQ","Andrew Tan","再愛一遍‧天后陳勢安","天后",56,289400,FALSE,0.643,-5.903,1,0.0309,0.199,0,0.0917,0.286,160.044,4,5,"singer_early_pop",0.87
70351,"29WAoBFCndvO78qMdDwNUl","Jay Chou","跨時代","我落淚˙情緒零碎",49,256146,FALSE,0.668,-8.51,1,0.0267,0.177,1.79e-05,0.397,0.454,133.943,4,5,"singer_early_pop",0.84
70371,"2D16XoL2mqc6pegiZOaJY7","林志炫","魔道祖师动画原声带","醉梦前尘",40,271642,FALSE,0.489,-9.838,0,0.0511,0.193,2.11e-06,0.138,0.254,79.998,4,5,"singer_early_pop",0.72
70374,"4eNeCUAnq5XuXwGanJb8qi","F.I.R.","飛兒樂團","你的微笑",52,261493,FALSE,0.929,-3.99,0,0.0389,0.0179,0,0.123,0.717,123.997,4,5,"singer_early_pop",0.71
70377,"0cONHWTIfgEpAuVwbbwGgc","Jolin Tsai","Ugly Beauty","怪美的",50,182343,FALSE,0.625,-7.43,0,0.18,0.0264,2.03e-06,0.122,0.58,97.985,4,5,"singer_early_pop",0.82
70399,"3dGkfiu2IKSWZRfmBoUxvV","高爾宣 OSN;Vicky Chen","#osnrap","Without You - Acoustic Version",54,204155,FALSE,0.715,-3.333,1,0.0478,0.59,0,0.0624,0.573,153.894,4,5,"singer_early_pop",0.55
70412,"3FjFvxzRbOZNBHL4v99tNF","Steve Chou","星空下的傳說","寂寞沙洲冷",44,277333,FALSE,0.498,-5.996,1,0.0459,0.351,0,0.181,0.665,119.979,4,5,"singer_early_pop",0.55
70425,"4JWkwVmwGwld0nWZJTsvgA","JJ Lin","新地球 - 人 (Special Edition)","浪漫血液",48,272529,FALSE,0.58,-4.802,1,0.0313,0.461,0,0.0986,0.22,135.821,4,5,"singer_early_pop",0.32
70457,"3kriYj6FUKtGWJBdnR7jOi","Jay Chou","七里香","止戰之殤",47,274906,FALSE,0.725,-6.677,0,0.0447,0.483,9.02e-05,0.109,0.337,88.956,4,5,"singer_early_pop",0.86
70458,"1n3TbqMfvALAI0BjtiF6Lt","A-do","天黑","他一定很愛你",54,210771,FALSE,0.507,-6.162,1,0.0304,0.459,0,0.122,0.151,101.943,4,5,"singer_early_pop",0.8
70476,"2bLphDJvGyfjPbmxs7V4rX","理想混蛋 雞丁","底片裡的夏卡爾","習慣不習慣",60,300215,FALSE,0.436,-7.85,1,0.037,0.738,0,0.174,0.426,129.667,4,5,"singer_early_pop",0.8
70481,"5zvh2f3B9GPqJyg2A1ll2p","Boon Hui Lu","Be Your Sunshine","Be Your Sunshine",28,215179,FALSE,0.497,-9.449,1,0.0356,0.0445,0,0.0771,0.358,138.912,4,5,"singer_early_pop",0.87
70487,"5UgEQZEqCBogjiEEGnZzu7","陳中;邱芸子","陳中+邱芸子情歌對唱","情難斷夢袂醒",26,263933,FALSE,0.554,-8.272,1,0.0313,0.148,0.00234,0.0877,0.519,135.977,4,5,"singer_early_pop",0.44
70492,"52iiHWnWlRaYwUobhKGXW3","Wang Feng","生无所求 (Life Asks For Nothing)","存在",54,284466,FALSE,0.631,-4.851,1,0.045,0.00771,0,0.398,0.325,57.024,4,5,"singer_early_pop",0.55
70497,"47qkmo2smLRBNlbzDEwZHS","Christine Fan;Angela Chang","一比一","如果的事",52,228520,FALSE,0.469,-7.668,1,0.0293,0.828,0,0.198,0.558,129.959,4,5,"singer_early_pop",0.56
70507,"4IkQXb1IdIziAJmO3FODo7","Eason Chan","是但求其愛","是但求其愛",49,269000,FALSE,0.272,-9.536,1,0.0434,0.94,0.00337,0.301,0.253,181.863,4,5,"singer_early_pop",0.72
70536,"7FCcXT2jtQ7ELAjXxo0sLP","Andy Lau","如果你是我的傳說","難免有錯",26,334853,FALSE,0.409,-10.092,1,0.0296,0.696,1.73e-06,0.163,0.102,126.672,4,5,"singer_early_pop",0.52
70538,"6y7k84V92mO8x70SugJi1c","Feng Ze","你不用知道","你不用知道",24,233944,FALSE,0.461,-6.847,1,0.0269,0.605,0,0.355,0.496,127.911,4,5,"singer_early_pop",0.66
70554,"6fADwOnsMmCM70OAxDF3fc","MC HotDog","差不多先生","差不多先生",47,266544,FALSE,0.879,-4.229,0,0.455,0.379,0.00296,0.183,0.507,175.973,4,5,"singer_early_pop",0.58
70560,"0OOIgBn2ba6BQLInoUuZnj","Jeff Chang","絕對收藏張信哲","愛如潮水",53,270640,FALSE,0.493,-9.53,1,0.033,0.15,1.12e-06,0.161,0.24,133.988,4,5,"singer_early_pop",0.67
70561,"5wD5rhGxsm05FqHptqLOyd","JJ Lin","曹操","曹操",50,242000,FALSE,0.72,-4.497,0,0.0304,0.00276,0,0.0866,0.415,143.91,4,5,"singer_early_pop",0.63
70575,"7BYMjh3vWnHU4IFyfZdIDO","Jay Chou","Mojito","Mojito",49,185008,FALSE,0.595,-7.726,1,0.0277,0.476,0,0.278,0.8,115.004,4,5,"singer_early_pop",0.91
70580,"7GzW0v56ydmnzcScC196Lz","李炳文","關不掉的聲音","昨夜的渡輪上",25,220840,FALSE,0.345,-10.199,0,0.0268,0.749,0,0.11,0.168,107.625,4,5,"singer_early_pop",0.63
70593,"2235lJiLKdnYLv7Sn0nXib","Mixer","聆聽花開的聲音","聲音",25,262790,FALSE,0.795,-9.131,1,0.052,0.00197,2.58e-05,0.0972,0.382,128.951,4,5,"singer_early_pop",0.75
70595,"58FOSUw4WME3snnfjHbHkY","Jody Chiang","台灣民謠, Vol. 3","黃昏思鄉",24,205813,FALSE,0.48,-8.014,1,0.0396,0.466,1.17e-06,0.184,0.549,176.316,4,5,"singer_early_pop",0.75
70616,"69enveIq3omEiYFovEBhXv","No Party For Cao Dong","醜奴兒","在",43,280280,TRUE,0.403,-12.384,1,0.0343,0.0166,0.0697,0.213,0.227,79.842,4,5,"singer_early_pop",0.92
70626,"7fIP72hHPvNFI8XPYsxwQ9","Angela Chang","歐若拉","歐若拉",49,259160,FALSE,0.77,-4.557,1,0.0588,0.0927,0,0.277,0.651,170.001,4,5,"singer_early_pop",0.53
70634,"64HMLLB30Tlt8bW9AcImL0","楊芳儀;徐曉菁","楊芳儀 徐曉菁 重唱專輯","就要揮別",25,205613,FALSE,0.419,-10.786,1,0.033,0.745,0.000577,0.0911,0.542,141.256,4,5,"singer_early_pop",0.53
70656,"6Q1Ekf6C8V0e7aOCymgscs","Patrick Brasca;8lak;Hosea","燥熱","Don't Wanna Lie (feat. 8lak & Hosea)",44,175144,FALSE,0.528,-10.286,1,0.0453,0.249,7.24e-05,0.126,0.292,82.508,4,5,"singer_early_pop",0.79
70658,"1wAiIIAskptjT45tgR35ad","Jay Chou","跨時代","雨下一整晚",46,254480,FALSE,0.408,-9.413,1,0.0257,0.658,0,0.0947,0.389,80.001,4,5,"singer_early_pop",0.79
70661,"7oRpNoAsvWrBM69Vv2vK0x","Yoga Lin","THE GREAT YOGA演唱會數位Live精選","成全 - Live",43,309801,FALSE,0.491,-7.561,1,0.0288,0.0731,0,0.926,0.14,80.04,4,5,"singer_early_pop",0.9
70673,"6IiNb2jhlDKd2djOqfw6v3","Xian Zi","電視劇《陪你到世界之巔》音樂原聲帶","天空之外 (電視劇《陪你到世界之巔》片尾曲)",38,297948,FALSE,0.508,-6.993,1,0.033,0.275,1.72e-06,0.106,0.166,80.045,4,5,"singer_early_pop",0.64
70698,"4K3Iu3WLo19LIkfcpfldQL","魏嘉瑩 Arrow Wei;WONFU","我很好","出來面對",24,217021,FALSE,0.803,-5.962,1,0.124,0.312,0,0.0879,0.891,127.992,4,5,"singer_early_pop",0.53
70703,"5QRizvMkGznUDYropgzLeJ","A-Lin","天若有情 (電視劇「錦繡未央」主題曲)","天若有情 - 電視劇「錦繡未央」主題曲",46,257254,FALSE,0.477,-9.151,1,0.041,0.917,0,0.117,0.496,168.691,4,5,"singer_early_pop",0.58
70713,"1WHzHtbCV4OoB0TLgG7eMD","Waa Wei","藏著並不等於遺忘","彼個所在",49,307866,FALSE,0.394,-8.307,1,0.0298,0.669,8.91e-05,0.0764,0.285,139.859,4,5,"singer_early_pop",0.53
70714,"0cEgQ9BNWCdNjInzhHa80k","Naiwen Yang","ZERO","未接來電",47,281039,FALSE,0.493,-9.267,1,0.0269,0.761,1.05e-06,0.0999,0.175,74.986,4,5,"singer_early_pop",0.52
70720,"4pNE1ktA0ConNsXzSljQSQ","阿吉仔","太平輪","男人淚",23,256320,FALSE,0.616,-4.981,0,0.0287,0.396,0,0.139,0.525,74.932,4,5,"singer_early_pop",0.6
70724,"1Og1e0fnFgZpa0XiBv6GzE","Gigi Leung","Fireworks","灰姑娘",43,214200,FALSE,0.526,-7.892,1,0.0334,0.718,0,0.102,0.352,145.941,4,5,"singer_early_pop",0.8
70728,"6QXt5huHJcskXyrLIryrhw","G.E.M.","夜的盡頭","夜的盡頭",50,281795,FALSE,0.75,-5.521,1,0.0419,0.00642,0.0145,0.123,0.303,132.021,4,5,"singer_early_pop",0.67
70730,"6zbBfKc4ghXAGtzuXAQptf","Hebe Tien","無人知曉","懸日",50,277800,FALSE,0.216,-11.18,1,0.0331,0.905,2.5e-06,0.0991,0.309,82.941,4,5,"singer_early_pop",0.82
70731,"2Dd9EXYXI2NNrLG61OtWQv","Sam Lee","絕對痴心.手放開","手放開",55,265156,FALSE,0.618,-5.156,1,0.0366,0.31,0,0.106,0.458,111.943,4,5,"singer_early_pop",0.56
70739,"5rVIzgpuc6eIubjIcLm0NJ","G.E.M.","啓示錄","FIND YOU",47,256112,FALSE,0.708,-5.701,1,0.0531,0.0877,0.0107,0.129,0.469,159.874,3,5,"singer_early_pop",0.71
70756,"33LJXFLqeifw9YxsVoeOgM","JJ Lin","對的時間點","對的時間點",53,242613,FALSE,0.493,-7.23,0,0.0307,0.65,0,0.0857,0.238,82.344,4,5,"singer_early_pop",0.62
70760,"1hzG75FpGksAvkeSg6SDj6","Eason Chan","rice & shine","你給我聽好",50,288400,FALSE,0.356,-11.524,1,0.0362,0.891,0,0.115,0.431,96.798,4,5,"singer_early_pop",0.73
70766,"4fqyQqb0rhS5NrCNO2955F","蔡秋鳳","拚輸贏","粉紅色的腰帶",23,201191,FALSE,0.561,-6.697,0,0.0354,0.291,4.18e-06,0.138,0.382,80.679,4,5,"singer_early_pop",0.56
70767,"1TyCWL2O5xJqiiFT7UN7SZ","Penny Tai","你要的愛 (心動版)","你要的愛 - 心動版",53,235743,FALSE,0.382,-8.009,1,0.0344,0.795,1.1e-06,0.11,0.463,81.863,4,5,"singer_early_pop",0.57
70769,"4OukDE7pBKhCV4YYeYhnjq","Olivia Ong","A Girl Meets Bossanova","Fly Me to the Moon",46,186133,FALSE,0.38,-10.874,1,0.0317,0.934,0.000693,0.103,0.232,114.854,4,5,"singer_early_pop",0.7
70781,"4PCmMdXT9Ys5jJCOO0qEcf","Cosmos People","宇宙人同名專輯","Hey",23,351800,FALSE,0.764,-5.79,1,0.0419,0.0538,4.28e-05,0.125,0.751,135.038,4,5,"singer_early_pop",0.68
70810,"6vJ97QouNlvgs74MMhxdvw","Tanya Chua","陌生人","無底洞",49,242693,FALSE,0.436,-9.564,1,0.0365,0.827,4.38e-05,0.0848,0.316,122.066,4,5,"singer_early_pop",0.69
70811,"1wTzT7AETrZvHw9HgQiogj","Jay Chou","十二新作","哪裡都是你",46,279040,FALSE,0.593,-7.074,1,0.0263,0.153,1.35e-06,0.111,0.158,131.928,4,5,"singer_early_pop",0.85
70813,"3Sk5vML32xkCFsysfuvNYl","Cheer Chen","喜歡你 電影原聲帶","我喜歡上你時的内心活動",43,205973,FALSE,0.333,-10.876,1,0.0359,0.765,0.000114,0.0947,0.297,145.245,4,5,"singer_early_pop",0.58
70829,"2bkrZWJ7JRXPOal7pWiyDO","LaLa Hsu","理想人生","你敢不敢",56,235760,FALSE,0.602,-6.307,1,0.0264,0.351,0,0.0613,0.187,91.997,4,5,"singer_early_pop",0.75
70844,"4L7fdDNe0FDcdJg4U6t8YD","姚蘇蓉","姚蘇蓉, Vol. 1 (國語珍藏版精選)","負心的人",24,222533,FALSE,0.241,-12.02,1,0.0425,0.97,0.00183,0.218,0.434,75.134,4,5,"singer_early_pop",0.55
70850,"2LoGv4HSbilp1SVoQ10Qw6","ØZI;9m88","ØZI: The Album","Black Out (feat. 9m88)",52,237406,FALSE,0.559,-8.735,1,0.124,0.556,0,0.101,0.794,100.056,4,5,"singer_early_pop",0.78
70854,"0RstD1ThE5VUie4RU8d5Jk","Joker Xue","被人 Facade","被人 Facade",39,248160,FALSE,0.398,-9.06,1,0.0713,0.777,0,0.0981,0.108,111.922,4,5,"singer_early_pop",0.55
70867,"4Uicbo4zLr3wYFIgHMY9GA","Wang Feng","生無所求2011演唱會 (Live)","怒放的生命",46,283840,FALSE,0.845,-5.261,1,0.0419,0.0374,0,0.991,0.383,92.867,4,5,"singer_early_pop",0.66
70873,"47XdwDslZ1b2LpS6JsCmOQ","Victor Wong","門沒鎖","門沒鎖",42,236573,FALSE,0.854,-6.009,1,0.0465,0.28,0,0.0668,0.961,124.031,4,5,"singer_early_pop",0.67
70875,"6JIysoFg1r4BNVxGFJxNkp","Jolin Tsai","MUSE","我",50,246688,FALSE,0.38,-10.745,1,0.0305,0.867,0,0.118,0.233,111.899,4,5,"singer_early_pop",0.54
70885,"4yyHYUoZqQLDITFi2a2GFh","Eason Chan","EasON AIR","無底洞 - Live at EasON AIR",43,272873,FALSE,0.497,-9.759,1,0.039,0.278,1.46e-06,0.255,0.378,120.031,4,5,"singer_early_pop",0.51
70895,"1eqeDeOm0TsjS3j3vlSan2","吳青峰;Lisa Ono","馬拉美的星期二","(......棕髮少女)(feat. 小野麗莎)",40,219925,FALSE,0.592,-8.56,1,0.0352,0.0426,0.0385,0.0957,0.202,88.012,4,5,"singer_early_pop",0.7
70913,"6knFPSglS3xfSleqy7XbNS","李凱馨","I'm Happy","I'm Happy",36,251250,FALSE,0.437,-7.586,1,0.0287,0.607,0,0.101,0.163,119.927,4,5,"singer_early_pop",0.74
70915,"5POo0zRDYRZhU0SMs49Rfo","Sodagreen","夏 / 狂熱","他夏了夏天",40,304600,FALSE,0.683,-6.509,1,0.0304,0.136,0,0.0904,0.746,124.982,4,5,"singer_early_pop",0.73
70916,"7gwZ37Vng40BDAKuiBMsAZ","OHMYMEITING","邁向三十","懸 - 不插電版",50,222000,FALSE,0.215,-10.603,1,0.0406,0.857,0,0.122,0.318,142.926,4,5,"singer_early_pop",0.76
70942,"3nYwUD6gKNW1cgvMUQfow5","Teresa Teng","天國的情人 - 鄧麗君逝世十周年紀念聲影存集","一個小心願",22,179226,FALSE,0.453,-7.498,1,0.0354,0.133,0.00451,0.143,0.502,120.779,4,5,"singer_early_pop",0.72
70946,"2wso0v7nIbeOnMf078XSVQ","Stefanie Sun","同名專輯 (Remastered)","天黑黑 - Remastered",46,237066,FALSE,0.223,-12.484,1,0.0409,0.939,1.94e-05,0.121,0.394,109.388,4,5,"singer_early_pop",0.72
70949,"2WZL4uQs6kOF0gpiSfyD2e","吳青峰;Jasmine Sokko","馬拉美的星期二","(......侏儒之舞)(feat. Jasmine Sokko)",39,212989,FALSE,0.684,-7.302,1,0.0506,0.0137,0,0.0922,0.357,115.965,4,5,"singer_early_pop",0.67
70957,"7IXUkWlTdwzjIhDisSsCK1","Leehom Wang","王力宏 火力全開新歌加精選","依然愛你",50,246237,FALSE,0.385,-10.06,1,0.0661,0.828,0,0.126,0.358,147.954,4,5,"singer_early_pop",0.64
70962,"5ZFN0GcP1IA5jUp9kf1X03","Jolin Tsai;David Tao","唯舞獨尊演唱會鮮聽版&特別混音專輯","今天妳要嫁給我",47,272066,FALSE,0.562,-7.143,1,0.0294,0.312,0,0.0928,0.666,90.987,4,5,"singer_early_pop",0.85
70964,"0lcydXw6rb39UXNAzcPvvp","Kimberley Chen","我可以不在乎的你 (電視劇《親愛的, 熱愛的》插曲)","我可以不在乎的你 (電視劇《親愛的, 熱愛的》插曲)",37,288000,FALSE,0.318,-11.278,1,0.0369,0.421,1.8e-06,0.14,0.161,119.7,4,5,"singer_early_pop",0.85
70966,"4OblvF5kprg3UJJQ2IitXz","BY2","数到五","数到五",43,236000,FALSE,0.537,-7.823,0,0.0514,0.721,0,0.104,0.253,127.406,4,5,"singer_early_pop",0.69
70983,"22BegAlT6OlfSPxyzKKFAv","梁文福","好與不好之外","說时依旧",21,255093,FALSE,0.461,-8.007,1,0.0299,0.892,0.00709,0.348,0.16,78.274,4,5,"singer_early_pop",0.73
70984,"34gMU2izFmC3QtxKgoE3v2","Della","愛到不要命","有什麼不敢面對",21,229588,FALSE,0.307,-11.794,1,0.0332,0.845,0,0.128,0.303,127.919,4,5,"singer_early_pop",0.34
70985,"7dsU5xLqVQn4nrqg1TtHWF","阿吉仔","也罷","也罷",22,233405,FALSE,0.507,-6.662,0,0.0252,0.498,2.43e-05,0.33,0.355,81.955,4,5,"singer_early_pop",0.73
70995,"6DciesvPUaObQgY4YI4m8s","Andrew Tan","天后","沿着月光",21,260453,FALSE,0.561,-5.996,1,0.028,0.655,0,0.167,0.356,130.012,4,5,"singer_early_pop",0.53
70998,"63WCEt2C8EUDUvQlCLpHkz","Bii","Be Better","除不盡的傷悲 - 電視劇《我是顧家男》片尾曲",22,281413,FALSE,0.725,-6.29,1,0.0539,0.136,0,0.164,0.339,171.826,4,5,"singer_early_pop",0.59
71002,"0WSa1sucoNRcEeULlZVQXj","Bring Me The Horizon","Sempiternal (Expanded Edition)","Can You Feel My Heart",81,228146,TRUE,0.859,-2.827,0,0.0595,0.00201,0.194,0.387,0.354,170.527,5,15,"underground_heavy_hybrid",0.45
71027,"1c9MeAa2tLEoZl5osXf5Ts","Red Hot Chili Peppers","Kick It","Fire - Remastered",1,123800,TRUE,0.986,-1.795,0,0.152,0.00482,0,0.295,0.263,105.83,4,15,"underground_heavy_hybrid",0.57
71035,"1kdumEk4vjB6LTjtp59YdL","Bon Jovi","80s Bangers Vol. 2","Bad Medicine",1,316520,FALSE,0.982,-2.129,1,0.0368,0.0206,0,0.0807,0.792,118.668,4,15,"underground_heavy_hybrid",0.41
71038,"3CKJz2XmcRBskVxbN3pit2","Slipknot","Metal","Duality",0,252613,FALSE,0.982,-3.026,0,0.168,0.000237,0.000301,0.204,0.194,143.79,4,15,"underground_heavy_hybrid",0.29
71039,"0FrFqoPT7JB0ezIU9g2OLC","Deftones","Metal","Ohms",0,250222,FALSE,0.978,-2.64,1,0.117,0.000108,0.0241,0.117,0.371,173.097,3,15,"underground_heavy_hybrid",0.43
71044,"0v8tmDMQrTMavluubqAJo4","Red Hot Chili Peppers","80s Bangers Vol. 2","Higher Ground - Remastered",1,202053,FALSE,0.979,-3.504,0,0.133,0.00142,0.00686,0.0944,0.394,140.408,4,15,"underground_heavy_hybrid",0.5
71045,"5HNau9WX6OmX2PcBn3n24r","Red Hot Chili Peppers","20's Rock","Black Summer",0,232412,FALSE,0.682,-5.071,1,0.0295,0.0267,0.000669,0.109,0.351,105.542,4,15,"underground_heavy_hybrid",0.33
71047,"47dUWyurHWefCpINwcvit2","Red Hot Chili Peppers","Pop Hits Now","Black Summer",0,232412,FALSE,0.682,-5.071,1,0.0295,0.0267,0.000669,0.109,0.351,105.542,4,15,"underground_heavy_hybrid",0.28
71055,"0v1XpBHnsbkCn7iJ9Ucr1l","Bon Jovi","Crush","It's My Life",80,224493,FALSE,0.913,-4.063,0,0.0466,0.0263,1.35e-05,0.347,0.544,119.992,4,15,"underground_heavy_hybrid",0.34
71061,"4kLIAQN2z1Uh0NvpNgz6jF","KISS","Rock & Halloween","Rock And Roll All Nite",1,175853,FALSE,0.926,-6.205,1,0.162,0.0191,0,0.651,0.686,144.8,4,15,"underground_heavy_hybrid",0.62
71064,"3tqEDIkPhrv2AgXjQHKIwj","Disturbed","Rock Brandneu","Hey You",1,268481,FALSE,0.982,-3.496,1,0.0727,4.72e-05,4.28e-05,0.0447,0.507,103.033,4,15,"underground_heavy_hybrid",0.42
71069,"6buVxRwPapLwrXwIsTiSfm","Disturbed","Metal","Hey You",0,268481,FALSE,0.982,-3.496,1,0.0727,4.72e-05,4.28e-05,0.0447,0.507,103.033,4,15,"underground_heavy_hybrid",0.43
71073,"69DkySvtBDM4Czz2lHx6gw","Scorpions","Artsy & Colourful","Wind Of Change",0,311240,FALSE,0.63,-7.392,1,0.0329,0.078,0,0.104,0.211,151.627,4,15,"underground_heavy_hybrid",0.5
71086,"29RiulWABWHcTRLkDqVCl1","Korn","Metal","Rotting in Vain",0,213000,TRUE,0.946,-4.792,1,0.0602,0.000121,2.53e-05,0.359,0.31,106.276,4,15,"underground_heavy_hybrid",0.5
71087,"5jTnpbclNqXTV4trZSjoJE","Shinedown","20's Rock","Planet Zero",0,222738,FALSE,0.964,-2.967,1,0.112,2.35e-05,0.000875,0.473,0.212,157.925,4,15,"underground_heavy_hybrid",0.53
71092,"6jmbmsPYXhA0HHQ7LSxvyD","Shinedown","Metal Lives!","Planet Zero",0,222738,FALSE,0.964,-2.967,1,0.112,2.35e-05,0.000875,0.473,0.212,157.925,4,15,"underground_heavy_hybrid",0.59
71100,"0nLiqZ6A27jJri2VCalIUs","Metallica","Metallica","Nothing Else Matters",80,388266,FALSE,0.362,-11.218,0,0.0263,0.0458,6.01e-06,0.075,0.158,142.352,3,15,"underground_heavy_hybrid",0.38
71101,"2DlHlPMa4M17kufBvI2lEN","System Of A Down","Toxicity","Chop Suey!",83,210240,FALSE,0.934,-3.908,0,0.119,0.000278,0.0015,0.132,0.287,127.066,4,15,"underground_heavy_hybrid",0.57
71119,"5SqrY9AWeRXqwgLCnLO2A0","Evanescence","Halloween 2022","Bring Me To Life",0,235893,FALSE,0.943,-3.188,0,0.107,0.00721,2.06e-06,0.242,0.298,189.985,4,15,"underground_heavy_hybrid",0.52
71121,"6Jb8PXvsr5VGF0kewMXmaQ","Marilyn Manson","Twisted Halloween Hits","I Put A Spell On You",0,216735,TRUE,0.801,-5.894,0,0.0733,0.00119,0.513,0.23,0.408,96.875,3,15,"underground_heavy_hybrid",0.4
71128,"7nW4aS5AeIP0jfoY8ZvlsL","Evanescence","Kick It","Bring Me To Life",0,235893,FALSE,0.943,-3.188,0,0.107,0.00721,2.06e-06,0.242,0.298,189.985,4,15,"underground_heavy_hybrid",0.45
71137,"0ttfJZcKq7E7NcIldlogbn","Marilyn Manson","Twisted Halloween Hits","The Beautiful People",0,222773,TRUE,0.948,-4.938,1,0.113,0.00404,0.0978,0.042,0.786,144.037,4,15,"underground_heavy_hybrid",0.43
71172,"1QHqRD65S2q7STSmrxTU3Y","Kid Rock","Feeling Good","All Summer Long",0,297586,FALSE,0.865,-3.629,1,0.0283,0.0212,0,0.0956,0.88,102.998,4,15,"underground_heavy_hybrid",0.3
71183,"424WY6p8kPClokqegSpJfV","Rob Zombie;Ozzy Osbourne","Release Your ANGER","Iron Head",0,251200,FALSE,0.924,-4.503,1,0.0367,7.92e-05,0.0671,0.705,0.324,102.036,4,15,"underground_heavy_hybrid",0.56
71186,"0b9e8puk2zpi4ioDPWg5yx","Ice Nine Kills","Release Your ANGER","A Rash Decision",0,211320,FALSE,0.933,-4.291,0,0.161,0.000135,0,0.185,0.467,95.58,4,15,"underground_heavy_hybrid",0.44
71196,"0ojuDHW8XG17heZBJHQyXJ","Rob Zombie","Halloween Metal Nights","Superbeast",0,220226,FALSE,0.975,-4.433,0,0.0609,7.65e-05,0.561,0.457,0.309,154.047,4,15,"underground_heavy_hybrid",0.47
71202,"7Hr1Ignop7cymbE3FbOtXa","Avenged Sevenfold","Nightmare","So Far Away",66,326813,FALSE,0.703,-4.491,0,0.0348,0.00847,7.39e-05,0.142,0.259,151.297,4,15,"underground_heavy_hybrid",0.28
71203,"07rz54LA3Y2lagmY0DnChZ","Linkin Park","A Thousand Suns","Iridescent",42,296560,FALSE,0.727,-6.107,1,0.0358,0.198,0.00204,0.107,0.216,120.066,4,15,"underground_heavy_hybrid",0.45
71207,"1zng9uqqXoPkmU05nsAlsw","Bon Jovi","Keep The Faith","Bed Of Roses",74,394400,FALSE,0.596,-5.599,1,0.0293,0.101,0,0.21,0.161,164.587,3,15,"underground_heavy_hybrid",0.31
71208,"5W8YXBz9MTIDyrpYaCg2Ky","Papa Roach","Infest","Last Resort",80,199906,TRUE,0.89,-3.719,0,0.0603,0.000481,0.00082,0.201,0.692,90.598,4,15,"underground_heavy_hybrid",0.48
71218,"46QazXxQS0B31CnbRCy8CV","Scorpions","Comeblack","Rock You Like a Hurricane - 2011",64,255573,FALSE,0.891,-3.381,1,0.0361,0.000261,0.00454,0.314,0.705,124.005,4,15,"underground_heavy_hybrid",0.21
71227,"59WN2psjkt1tyaxjspN8fp","Rage Against The Machine","Rage Against The Machine - XX (20th Anniversary Special Edition)","Killing In The Name",80,313573,TRUE,0.833,-4.215,1,0.304,0.0266,0,0.0327,0.661,88.785,4,15,"underground_heavy_hybrid",0.43
71231,"11C22pEpoh1voyOsZ1SdkX","Whitesnake","Maintain Your Mojo","Fool for Your Loving",1,258146,FALSE,0.906,-8.235,1,0.0564,0.000837,0.019,0.0958,0.748,122.133,4,15,"underground_heavy_hybrid",0.27
71236,"4yUk1knKtOuUEPT2iy85Xp","Halestorm","Metal","Wicked Ways",0,206959,FALSE,0.991,-2.836,1,0.125,2.44e-05,0.049,0.404,0.242,176.359,4,15,"underground_heavy_hybrid",0.24
71247,"2i0hWBMyrOXnGv3jWji0Lw","Rob Zombie","Halloween Spooky Party 2022","Dragula",0,222893,FALSE,0.978,-5.327,0,0.0548,8.55e-05,0.000141,0.0955,0.558,125.073,4,15,"underground_heavy_hybrid",0.5
71261,"4e9eGQYsOiBcftrWXwsVco","System Of A Down","Toxicity","Aerials",77,235053,FALSE,0.922,-4.217,0,0.0567,0.000915,0.0346,0.0697,0.227,79.342,4,15,"underground_heavy_hybrid",0.39
71272,"4OROzZUy6gOWN4UGQVaZMF","Iron Maiden","Piece of Mind (2015 Remaster)","The Trooper - 2015 Remaster",75,252733,FALSE,0.908,-4.601,0,0.0705,0.0318,0.00909,0.311,0.669,159.756,4,15,"underground_heavy_hybrid",0.38
71294,"59mGCC08pYEwStwO3oTLfH","Faith No More","Metal","War Pigs",0,465933,FALSE,0.891,-7.018,0,0.119,0.00126,0.0187,0.243,0.235,97.373,4,15,"underground_heavy_hybrid",0.34
71314,"7AB0cUXnzuSlAnyHOqmrZr","Linkin Park","Meteora (Bonus Edition)","Faint",66,162600,FALSE,0.978,-3.554,1,0.131,0.111,0,0.0731,0.594,135.095,4,15,"underground_heavy_hybrid",0.59
71318,"2dXsILW8gzkosqleHAvl0v","Metallica","Ride The Lightning (Remastered)","For Whom The Bell Tolls - Remastered",73,309973,FALSE,0.858,-6.147,1,0.0672,0.00563,0.00349,0.0598,0.249,117.897,4,15,"underground_heavy_hybrid",0.4
71326,"5O9Dz0h08LuBi0aVvDcylh","Skillet","Unleashed","The Resistance",69,232066,FALSE,0.941,-3.598,0,0.0575,0.000526,3.5e-06,0.31,0.503,156.033,4,15,"underground_heavy_hybrid",0.32
71338,"3kCGxdCWMiydMDRG84ltsJ","Rata Blanca","Triste Hora","Mujer Amante",0,363120,FALSE,0.649,-10.205,0,0.0334,0.0145,3.78e-06,0.0477,0.567,115.357,4,15,"underground_heavy_hybrid",0.27
71346,"7b3OfGX7LuIyTBk6FMdagF","Mastodon","Metal Lives!","Teardrinker",0,320507,FALSE,0.979,-3.836,1,0.0485,9.8e-06,0.119,0.123,0.227,127.006,4,15,"underground_heavy_hybrid",0.32
71348,"4WJTKbNJQ41zXnb84jSWaj","Sepultura","Groove Metal Roots & Branches","Roots Bloody Roots",0,212253,FALSE,0.874,-6.664,1,0.123,0.000337,0.0419,0.311,0.265,120.167,4,15,"underground_heavy_hybrid",0.51
71354,"3RptaQ5Xb8WvtpItZ2f9Hi","Slipknot","All Hope Is Gone","Snuff",70,276146,FALSE,0.69,-5.723,0,0.0425,0.012,0.0095,0.0615,0.219,123.962,4,15,"underground_heavy_hybrid",0.46
71378,"3IV4swNduIRunHREK80owz","Limp Bizkit","Chocolate Starfish And The Hot Dog Flavored Water","Rollin' (Air Raid Vehicle)",76,213760,TRUE,0.933,-3.358,1,0.171,0.00591,0,0.206,0.709,96.306,4,15,"underground_heavy_hybrid",0.19
71389,"7udYCqlu5Y9hZFFcDFNtuO","Blind Melon","90's Music Grandi Successi","No Rain",0,217200,FALSE,0.573,-6.054,1,0.0326,0.665,0.000178,0.136,0.562,73.368,4,15,"underground_heavy_hybrid",0.28
71396,"6OsUmsYsq6FxzWdG6Wr89X","White Zombie","Halloween Spooky Party 2022","More Human Than Human",0,269693,TRUE,0.961,-5.568,1,0.0829,0.000425,0.423,0.105,0.537,101.368,4,15,"underground_heavy_hybrid",0.36
71405,"5sqkarfxe7UejHTlCtHCLS","Fear, and Loathing in Las Vegas","Feeling of Unity","Let Me Hear",62,225546,FALSE,0.995,1.023,0,0.211,0.000145,2.5e-06,0.214,0.303,184.066,4,15,"underground_heavy_hybrid",0.52
71420,"7piw04hPQZ1OHZ9Fq9JOXR","Three Days Grace","One-X","Time of Dying",66,186373,FALSE,0.873,-3.668,0,0.0567,0.00105,0,0.52,0.452,198.387,4,15,"underground_heavy_hybrid",0.54
71422,"3zwmW1gM4E8FlHXV5nE16u","Audioslave","Out of Exile","Be Yourself",72,278973,FALSE,0.845,-3.509,0,0.0559,0.143,5.07e-06,0.213,0.317,116.602,4,15,"underground_heavy_hybrid",0.48
71424,"2GJ1xx5ZoeIJYbQKLSpoZ3","Skillet","Victorious","Finish Line",64,206060,FALSE,0.803,-5.031,0,0.0386,0.0545,0,0.316,0.565,80.992,4,15,"underground_heavy_hybrid",0.28
71437,"4qFgFSv8kYaM9zE2W5uPGX","Guns N' Roses","Double Talkin' Jive / You Could Be Mine","Double Talkin' Jive - Live In Las Vegas, Thomas & Mack Center - January 25, 1992",0,520000,TRUE,0.902,-6.538,1,0.0564,0.000566,0.712,0.446,0.278,104.193,4,15,"underground_heavy_hybrid",0.39
71438,"6YIzo8nufStVKUmyAt62Hx","Oficina G3","João","João",46,380212,FALSE,0.902,-2.939,1,0.0505,0.00638,5.29e-06,0.199,0.273,142.892,4,15,"underground_heavy_hybrid",0.51
71443,"7qzsvHOsaJdefeDwyZNGjY","Clutch","Groove Metal Roots & Branches","Texan Book of the Dead",0,174800,FALSE,0.88,-8.547,1,0.0651,0.0154,0,0.205,0.683,112.012,4,15,"underground_heavy_hybrid",0.28
71445,"63Slke1vlnpTejDeluhyQ9","Cheap Trick","Alternative Christmas 2022","I Wish It Was Christmas Today",0,194120,FALSE,0.984,-3.573,1,0.103,0.000246,0.287,0.24,0.304,164.959,4,15,"underground_heavy_hybrid",0.34
71448,"02IzKHWkGVtNMdPoOAxHb3","Cheap Trick","Alternative Christmas 2022","I Wish It Was Christmas Today",0,194120,FALSE,0.984,-3.573,1,0.103,0.000246,0.287,0.24,0.304,164.959,4,15,"underground_heavy_hybrid",0.24
71461,"2kDH08boXJyhKMl5hnZbrE","Firehouse","Firehouse","Love of a Lifetime",62,286573,FALSE,0.48,-11.893,1,0.0308,0.000204,0.00275,0.0914,0.126,123.023,4,15,"underground_heavy_hybrid",0.4
71462,"6OMO6WdRhSfjMPAiPT94wH","Three Days Grace","Human","Painkiller",70,179160,FALSE,0.95,-4.067,1,0.0641,0.00021,0,0.0377,0.438,178.018,4,15,"underground_heavy_hybrid",0.49
71468,"3CIOopLwvyMvXk97ZEksKO","Motörhead","Ace of Spades (Expanded Edition)","Ace of Spades",32,168320,FALSE,0.991,-4.453,1,0.213,0.00313,0.0035,0.0708,0.198,140.221,4,15,"underground_heavy_hybrid",0.19
71474,"5qFxuUIAwJlzO60vqOiL7y","Dio","Holy Diver","Rainbow In The Dark",68,252693,FALSE,0.912,-8.049,0,0.0368,7.06e-05,0.403,0.0492,0.682,117.582,4,15,"underground_heavy_hybrid",0.48
71480,"5XUuldRjPXcP5QxyEN4IXT","Falling In Reverse","Voices In My Head","Voices In My Head",73,191414,TRUE,0.898,-3.067,0,0.162,0.0266,0,0.129,0.639,173.17,4,15,"underground_heavy_hybrid",0.33
71481,"2RaA6kIcvomt77qlIgGhCT","Judas Priest","British Steel","Breaking the Law",72,153840,FALSE,0.961,-5.664,1,0.0857,0.024,9.35e-06,0.159,0.491,164.019,4,15,"underground_heavy_hybrid",0.36
71493,"1MmzIqMP1y5AGIX20RZxDc","Fuel","Halloween Metal Nights","Won't Back Down",0,201426,FALSE,0.883,-4.794,1,0.0504,0.000101,0.425,0.638,0.133,95.04,4,15,"underground_heavy_hybrid",0.38
71499,"2MzlgCHg6QlImyLeT38B5A","Billy Squier","Christmas Playlist 2022","Christmas Is The Time To Say ""I Love You""",0,174780,FALSE,0.687,-11.207,1,0.0462,0.234,0,0.874,0.72,104.315,4,15,"underground_heavy_hybrid",0.21
71519,"4Uiw0Sl9yskBaC6P4DcdVD","Deftones","Around the Fur","Be Quiet and Drive (Far Away)",76,299866,FALSE,0.965,-5.116,1,0.079,9.91e-06,0.827,0.367,0.168,92.615,4,15,"underground_heavy_hybrid",0.55
71552,"737yse38y2hsWQeNRrLaMY","Linkin Park","Not Alone","Not Alone",56,252840,FALSE,0.766,-5.546,1,0.0313,0.149,3.38e-06,0.144,0.545,120.04,4,15,"underground_heavy_hybrid",0.24
71560,"1ZFm5SAlmVzufSu1CYWiBN","Breaking Benjamin","Shallow Bay: The Best Of Breaking Benjamin (Explicit)","I Will Not Bow",41,216600,FALSE,0.953,-3.685,1,0.0562,0.000169,5.49e-06,0.365,0.646,107.983,4,15,"underground_heavy_hybrid",0.45
71573,"2vPZ4Lklyu75zBR3SgbFNI","Slipknot","All Hope Is Gone (10th Anniversary)","Snuff",65,276146,FALSE,0.69,-5.723,0,0.0425,0.012,0.0095,0.0615,0.219,123.962,4,15,"underground_heavy_hybrid",0.51
71591,"0jqblvsI9LBY4irmLVqqEO","Avenged Sevenfold","Nightmare","Welcome to the Family",67,245573,FALSE,0.946,-3.973,0,0.0935,0.00267,0,0.0567,0.699,94.985,4,15,"underground_heavy_hybrid",0.33
71596,"2AtCLtWvBG47sampT4i3G7","OConnor","Un Poco de Respeto","Yo Caníbal",42,195932,FALSE,0.823,-7.16,1,0.0438,4.6e-05,0.000343,0.324,0.424,182.069,4,15,"underground_heavy_hybrid",0.58
71618,"22GbAGb80ZZNgm2yrBMnpR","Metallica","Metallica","Wherever I May Roam",66,403866,FALSE,0.824,-7.848,0,0.0347,0.000362,0.00115,0.0865,0.332,131.387,4,15,"underground_heavy_hybrid",0.5
71620,"56fiFTRrSiHHH3gBeaTg2P","Slipknot","We Are Not Your Kind","Nero Forte",69,315177,TRUE,0.978,-2.358,1,0.0846,0.000437,0.000525,0.138,0.496,129.842,4,15,"underground_heavy_hybrid",0.46
71622,"6irNz2hSXvd2QJG0vXyBFR","Avenged Sevenfold","City of Evil","Bat Country",42,311813,FALSE,0.968,-4.129,1,0.0396,0.000248,8.28e-06,0.423,0.505,125.04,4,15,"underground_heavy_hybrid",0.43
71625,"0dlTGl67UFWcKupzkxZYOn","Guns N' Roses","Use Your Illusion II","You Could Be Mine",72,343640,FALSE,0.985,-5.676,0,0.122,0.00876,0.551,0.36,0.323,151.007,4,15,"underground_heavy_hybrid",0.51
71631,"6zWVRHzx7XHwzBgTwivaCv","Firehouse","Good Acoustics","You Are My Religion",50,243760,FALSE,0.882,-5.642,1,0.0293,0.00704,0,0.0654,0.917,140.014,4,15,"underground_heavy_hybrid",0.42
71632,"5sFDReWLrZHLFZFjHsjUTS","Alice In Chains","Dirt (2022 Remaster)","Would? (2022 Remaster)",73,206773,FALSE,0.833,-7.981,1,0.0398,0.000327,2.36e-05,0.091,0.586,100.675,4,15,"underground_heavy_hybrid",0.38
71640,"3jagGO7eHHuaD53ibehkux","Mastodon","Leviathan","Blood and Thunder",65,228586,FALSE,0.935,-6.548,1,0.0724,8.58e-06,0.729,0.0317,0.478,92.717,4,15,"underground_heavy_hybrid",0.27
71655,"0Y2i84QWPFiFHQfEQDgHya","Slipknot","Iowa","People = Shit",69,215600,TRUE,0.996,-2.973,0,0.231,5.8e-05,0.00377,0.139,0.145,122.072,4,15,"underground_heavy_hybrid",0.53
71675,"68osIGtVjM7QWVe6pazLHj","Bring Me The Horizon","Sempiternal (Expanded Edition)","Shadow Moses",68,243320,TRUE,0.985,-2.949,1,0.207,0.000235,0.00368,0.103,0.183,143.006,4,15,"underground_heavy_hybrid",0.46
71676,"2NImo2MajNai4CLk35wMut","Avenged Sevenfold","Hail to the King","This Means War",64,369293,FALSE,0.914,-5.59,0,0.0324,0.000554,1.16e-05,0.0371,0.439,90,4,15,"underground_heavy_hybrid",0.43
71681,"7ycz6sgZWp4wvF53BZVTjE","Dream Theater","Metropolis, Pt. 2: Scenes from a Memory","Scene Eight: The Spirit Carries On",54,398266,FALSE,0.544,-7.179,1,0.0364,0.293,1.11e-05,0.11,0.283,127.284,3,15,"underground_heavy_hybrid",0.33
71689,"6yaD2rZwnPKvSCoPsbrMGK","Choke;Ottavio Lourenço","Latino Revolution","Represent Acción",43,92760,TRUE,0.839,-6.517,1,0.0745,0.00997,0.0907,0.298,0.837,84.657,4,15,"underground_heavy_hybrid",0.53
71706,"6aKfcKMefIPVzclCG6QSHX","Daughtry","Daughtry","Home",54,255666,FALSE,0.85,-3.888,1,0.0362,0.002,1.93e-06,0.198,0.338,143.981,4,15,"underground_heavy_hybrid",0.56
71730,"1Gqpa08T7eBAvPQj9O9L2Q","Fear, and Loathing in Las Vegas","All That We Have Now","Just Awake",58,218573,FALSE,0.98,-1.286,0,0.153,0.00143,0,0.196,0.567,191.147,4,15,"underground_heavy_hybrid",0.56
71733,"249Z7XT6mf8B2zuI0RaeS0","System Of A Down","Mezmerize","Violent Pornography",70,211333,TRUE,0.958,-2.333,1,0.0877,0.0283,0,0.108,0.586,142.707,4,15,"underground_heavy_hybrid",0.48
71734,"5wBLDkxVvclanSitx5jq8e","Hollywood Undead","Swan Songs","Undead",70,265053,TRUE,0.943,-5.185,0,0.106,0.0138,0,0.261,0.485,163.128,4,15,"underground_heavy_hybrid",0.23
71741,"6T6GxQNHaCfGAGH5tjRRFA","Crown The Empire","Emo Christmas 2022","Burn",0,228213,FALSE,0.843,-5.376,0,0.0641,0.0645,2.61e-05,0.135,0.399,153.959,4,15,"underground_heavy_hybrid",0.49
71749,"31IfnfvSlw299vYoAicWGw","blessthefall","Post-Millennial Noise","I Wouldn't Quit If Everyone Quit",0,188600,FALSE,0.939,-4.494,1,0.0948,8.19e-05,0.0299,0.38,0.217,106.342,4,15,"underground_heavy_hybrid",0.25
71757,"2z71jdeVcC782NgsYZ6N8q","Black Sabbath","Paranoid","Paranoid (2012 - Remaster)",28,166693,FALSE,0.647,-12.021,0,0.0696,4.14e-05,0.000847,0.208,0.409,163.047,4,15,"underground_heavy_hybrid",0.52
71765,"5PZ2cqh9Yem2g6cTSOLllz","Three Days Grace","One-X","Pain",68,202973,FALSE,0.741,-4.001,1,0.0335,0.00804,0,0.273,0.286,160.515,4,15,"underground_heavy_hybrid",0.5
71766,"3Kj2M9gRU1Lwf5eiNjBtBp","Bloodywood","Rakshak","Gaddaar",52,284571,TRUE,0.989,-3.962,0,0.194,0.00872,0,0.0831,0.209,104.992,4,15,"underground_heavy_hybrid",0.31
71767,"6V4k01Xr3HsVrfqUyQSIqt","Lamb of God","Omens","Ditch",57,217606,TRUE,0.959,-4.853,1,0.0966,0.000392,0.339,0.481,0.434,149.842,4,15,"underground_heavy_hybrid",0.41
71768,"4wHktoSf6C0C0fAO8IIWqs","Linkin Park","Meteora (Bonus Edition)","Hit the Floor",58,164213,FALSE,0.959,-3.692,1,0.193,0.0629,0,0.0444,0.878,150.007,4,15,"underground_heavy_hybrid",0.5
71781,"0uppYCG86ajpV2hSR3dJJ0","Red Hot Chili Peppers","Blood Sugar Sex Magik (Deluxe Edition)","Give It Away",73,282906,FALSE,0.936,-9.919,1,0.0476,0.00244,0.086,0.153,0.776,91.577,4,15,"underground_heavy_hybrid",0.17
71782,"641epaxGPCWU6j2SIdQ6v7","ÖTENAZİ;Mavi","OTENAZI FASHION","OTENAZI FASHION",40,158568,TRUE,0.581,-12.619,1,0.4,0.0442,0,0.372,0.662,116.969,4,15,"underground_heavy_hybrid",0.33
71784,"4bCOAuhvjsxbVBM5MM8oik","Nickelback","Here and Now (Audio Only Version)","When We Stand Together",67,190786,FALSE,0.9,-3.541,0,0.0489,0.000102,1.89e-05,0.0404,0.88,187.961,4,15,"underground_heavy_hybrid",0.25
71794,"4RMURwDMQR8ppYYnR0Jdiz","Sumo","Divididos Por La Felicidad","Debede",43,172253,FALSE,0.773,-7.454,0,0.119,0.0238,9.82e-05,0.0868,0.791,114.714,4,15,"underground_heavy_hybrid",0.66
71798,"39N6Q3T7zbEJMKgaoxIGc0","CKY","Post-Millennial Noise","A#1 Roller Rager",0,230760,FALSE,0.964,-4.721,1,0.057,1.29e-05,0.00828,0.106,0.71,119.989,4,15,"underground_heavy_hybrid",0.34
71801,"4FEr6dIdH6EqLKR0jB560J","Deftones","Koi No Yokan","Rosemary",73,413346,FALSE,0.613,-6.412,1,0.0421,0.0185,0.1,0.114,0.0772,126.628,4,15,"underground_heavy_hybrid",0.46
71808,"4CvQVmA1wVX4gKOJ7aQOZQ","Guns N' Roses","Greatest Hits","Since I Don't Have You",41,259266,FALSE,0.579,-8.146,1,0.046,0.489,0.000226,0.117,0.254,70.968,4,15,"underground_heavy_hybrid",0.6
71810,"07ceEXOyS7ghQkyCOycXwP","Killswitch Engage","As Daylight Dies (Special Edition)","This Fire",61,189666,FALSE,0.993,-3.022,1,0.111,1.56e-05,0.027,0.474,0.108,140.018,4,15,"underground_heavy_hybrid",0.51
71814,"5uMTA9SIe0sE4dnHHSHaYz","System Of A Down","Hypnotize","Vicinity Of Obscenity",65,171800,FALSE,0.957,-3.189,1,0.164,0.0533,3.37e-06,0.683,0.514,109.775,4,15,"underground_heavy_hybrid",0.26
71818,"0BRHnOFm6sjxN1i9LJrUDu","Good Charlotte","The Young and The Hopeless","The Anthem",74,175093,FALSE,0.939,-3.127,1,0.126,0.00666,0,0.139,0.893,177.751,4,15,"underground_heavy_hybrid",0.28
71827,"6txWz9UapYHVxEd7dDIHXT","Blind Melon","Blind Melon","No Rain",76,217106,FALSE,0.476,-9.342,1,0.0316,0.619,5.09e-05,0.255,0.566,148.117,4,15,"underground_heavy_hybrid",0.41
71828,"5TNhjanmvwvmjCz2WYwSAv","Ghost","Meliora (Deluxe Edition)","Square Hammer",66,239293,FALSE,0.903,-4.396,0,0.0483,3.31e-05,0.182,0.259,0.747,129.983,4,15,"underground_heavy_hybrid",0.38
71829,"2XagrzqlBPCWczTtK5dtyr","Bloodywood","Rakshak","Aaj",48,300666,FALSE,0.988,-2.543,0,0.191,0.023,1.54e-06,0.0994,0.177,179.97,4,15,"underground_heavy_hybrid",0.39
71830,"1W0YS64vF9qgMVLuN76aqg","Skillet","Rise (Deluxe Edition)","Rise",61,260786,FALSE,0.921,-3.892,0,0.0724,0.0127,0,0.818,0.381,87.938,4,15,"underground_heavy_hybrid",0.42
71850,"13Mkm26hUhmdgjRjiPZ36o","STEELHEART","Steelheart","She's Gone",55,391560,FALSE,0.497,-12.814,0,0.0362,0.00422,0.198,0.154,0.145,136.919,4,15,"underground_heavy_hybrid",0.54
71851,"4X6kRZnZM8mZPkeMUmn8G6","Artcell","Oniket Prantor","Aniket Prantor",28,980079,FALSE,0.923,-5.892,1,0.0888,0.0374,0.00354,0.114,0.5,137.998,4,15,"underground_heavy_hybrid",0.59
71866,"4Y2bR875LdPq9JILrY2FSw","Bad Wolves","Zombie EP","Zombie (Acoustic)",55,259253,FALSE,0.494,-6.069,0,0.0264,0.0646,0,0.182,0.129,77.011,4,15,"underground_heavy_hybrid",0.5
71868,"0NHBt8bp6tloebOWV3U3fN","Scorpions","Face The Heat","Under The Same Sun",56,293733,FALSE,0.84,-6.022,1,0.1,0.0128,2.71e-05,0.102,0.311,150.349,4,15,"underground_heavy_hybrid",0.46
71880,"76jqYRytkvCM1ByVYBs3NS","Malt","Kendi Adını Taşıyan İlk Albüm","Gol",40,190821,FALSE,0.849,-5.102,0,0.0362,0.00115,0.000355,0.0989,0.743,150.077,4,15,"underground_heavy_hybrid",0.34
71882,"6FhB5ZyT4JsIJ0ozDlXCIp","My Darkest Days","Sick And Twisted Affair (Deluxe Edition)","Save Yourself",63,221160,FALSE,0.921,-5.907,0,0.106,0.00093,2.75e-06,0.26,0.359,121.983,4,15,"underground_heavy_hybrid",0.47
71883,"3vGZBBwlr55gGCW7zK3wxp","Carajo","Atrapasueños","El Error",39,216800,FALSE,0.977,-3.954,1,0.0919,0.00555,1.86e-06,0.202,0.407,149.911,4,15,"underground_heavy_hybrid",0.49
71897,"0vjTp23Jg2cAZSq9x5GlxK","Transmetal","El Llamado de la Hembra","El Infierno de Dante",38,275435,FALSE,0.965,-9.374,0,0.0565,0.00239,0.339,0.312,0.114,78.437,4,15,"underground_heavy_hybrid",0.37
71898,"2vzKE1T2CdCs3yb6LjuJIE","Skindred","Post-Millennial Noise","World Domination",0,143600,FALSE,0.912,-5.125,0,0.0648,5.24e-05,0.0869,0.163,0.391,102.055,4,15,"underground_heavy_hybrid",0.33
71901,"3lPn81PFyKvXiyHhlkwkQ4","Bring Me The Horizon","That's The Spirit","Doomed",63,274133,TRUE,0.903,-4.516,0,0.137,0.00152,1.5e-05,0.189,0.22,147.159,4,15,"underground_heavy_hybrid",0.51
71906,"6KtLECDztnah63TNmV4Plw","Incubus","Morning View","Wish You Were Here",70,212733,FALSE,0.768,-7.48,1,0.0387,0.000631,0.301,0.102,0.35,169.873,4,15,"underground_heavy_hybrid",0.49
71917,"6jWLyg8AuMQ9LtIB2UlfOF","Lifehouse","No Name Face","Hanging By A Moment",63,216360,FALSE,0.858,-4.903,1,0.0349,0.000966,0,0.0812,0.502,124.599,4,15,"underground_heavy_hybrid",0.44
71928,"3WtsQAngIkmcNeqVeK3fXQ","Opeth","Damnation","In My Time of Need",53,346733,FALSE,0.604,-6.014,0,0.0286,0.00161,0.154,0.166,0.187,137.388,4,15,"underground_heavy_hybrid",0.39
71935,"2K2NeVnP853rkR5ese8ZLP","Sabaton","The Great War","The Attack of the Dead Men",64,235720,FALSE,0.975,-5.895,0,0.0917,0.00649,3.62e-05,0.189,0.242,115.998,4,15,"underground_heavy_hybrid",0.42
71937,"7jrkBLvhjeNs7X86wL3jKf","Lamb of God","Omens","Vanishing",55,288657,FALSE,0.983,-5.175,1,0.107,9.47e-05,0.49,0.136,0.12,122.011,4,15,"underground_heavy_hybrid",0.86
71941,"2M5WTwqnkyz7bW6P1CiD6q","Pantera","Far Beyond Driven","I'm Broken",65,264800,TRUE,0.878,-6.352,1,0.0553,0.000594,0.559,0.139,0.666,147.385,4,15,"underground_heavy_hybrid",0.47
71952,"7glG2aRcS9PsbBDiSbsliO","Linkin Park;Aaron Lewis","Reanimation","Krwlng (Mike Shinoda Reanimation) [feat. Aaron Lewis]",48,340253,FALSE,0.528,-7.564,1,0.0293,0.088,0.00595,0.0746,0.0479,105.217,4,15,"underground_heavy_hybrid",0.48
71957,"54otdw8MmYNz2ewGHzmaTP","The Plot In You","FEEL NOTHING (RESET)","FEEL NOTHING - RESET",55,220688,TRUE,0.887,-4.54,0,0.0898,0.00345,2.72e-06,0.0622,0.215,144.081,4,15,"underground_heavy_hybrid",0.52
71981,"0oOdE0KVbXNDHdxja2Uf1Y","Grecco","Grecco","Namorando",38,210680,FALSE,0.42,-9.255,1,0.0277,0.631,0,0.158,0.485,170.125,4,15,"underground_heavy_hybrid",0.56
71985,"4CYWDYubFT02pnEvSylECN","Pentagram","MMXII","Doğmadan Önce",38,351773,FALSE,0.826,-4.789,0,0.0725,0.0072,0.00475,0.114,0.327,125.792,4,15,"underground_heavy_hybrid",0.47
72001,"0WSa1sucoNRcEeULlZVQXj","Bring Me The Horizon","Sempiternal (Expanded Edition)","Can You Feel My Heart",81,228146,TRUE,0.859,-2.827,0,0.0595,0.00201,0.194,0.387,0.354,170.527,5,15,"underground_heavy_hybrid",0.71
72002,"4xDwCYhobDehSBGUmd5H6Y","The Plot In You","DISPOSE","FEEL NOTHING",76,216826,TRUE,0.825,-5.307,0,0.0621,0.00353,0,0.108,0.226,144.17,4,15,"underground_heavy_hybrid",0.79
72017,"5fpq1wF8xa5tSSlcKHdmGQ","Bring Me The Horizon","sTraNgeRs","sTraNgeRs",75,195747,TRUE,0.939,-3.061,1,0.182,0.000231,0,0.433,0.526,183.147,3,15,"underground_heavy_hybrid",0.72
72020,"0YZEYxd1oiqZRFhnnmTKKi","Motionless In White","Disguise","Another Life",72,205394,FALSE,0.939,-3.828,0,0.0787,5.08e-05,0,0.0968,0.495,161.997,4,15,"underground_heavy_hybrid",0.88
72021,"68osIGtVjM7QWVe6pazLHj","Bring Me The Horizon","Sempiternal (Expanded Edition)","Shadow Moses",68,243320,TRUE,0.985,-2.949,1,0.207,0.000235,0.00368,0.103,0.183,143.006,4,15,"underground_heavy_hybrid",0.78
72028,"1nxbn0COjeyH7MQZ27T3CR","Caskets","Lost Souls","Glass Heart",66,224421,FALSE,0.958,-5.432,0,0.0997,0.000225,4.71e-05,0.119,0.341,164.072,4,15,"underground_heavy_hybrid",0.79
72033,"4Y7eqYTpV7fQxpYj1isN2F","We Came As Romans;Caleb Shomo","Black Hole","Black Hole",70,179181,FALSE,0.958,-4.241,0,0.0664,2.45e-05,0,0.52,0.385,110.05,4,15,"underground_heavy_hybrid",0.88
72039,"0Nc2X53OFDIxl1F1Z5AZfR","Atreyu","Release Your ANGER","Super Hero",0,385012,FALSE,0.914,-3.894,1,0.0589,0.00394,0.000104,0.0896,0.158,144.007,4,15,"underground_heavy_hybrid",0.6
72040,"6RDHOZtqz8iB6xzii7qaey","Ice Nine Kills","Halloween Songs | Witches Hour","Stabbing In The Dark",1,276866,TRUE,0.943,-4.184,0,0.149,0.00123,0,0.0609,0.292,164.979,4,15,"underground_heavy_hybrid",0.64
72043,"0b9e8puk2zpi4ioDPWg5yx","Ice Nine Kills","Release Your ANGER","A Rash Decision",0,211320,FALSE,0.933,-4.291,0,0.161,0.000135,0,0.185,0.467,95.58,4,15,"underground_heavy_hybrid",0.56
72046,"2L6NcYYiU1Ehy7aHPOPkiH","The Devil Wears Prada","Metal Lives!","Home for Grave",0,205000,FALSE,0.986,-3.162,0,0.076,0.000541,2.29e-05,0.372,0.117,107.472,4,15,"underground_heavy_hybrid",0.52
72062,"6MD6xpFK4cfquxRqXxqwjq","Bring Me The Horizon;YUNGBLUD","POST HUMAN: SURVIVAL HORROR","Obey (with YUNGBLUD)",65,220538,TRUE,0.99,-3.175,0,0.211,0.000103,0,0.374,0.204,137.061,4,15,"underground_heavy_hybrid",0.7
72074,"6V4k01Xr3HsVrfqUyQSIqt","Lamb of God","Omens","Ditch",57,217606,TRUE,0.959,-4.853,1,0.0966,0.000392,0.339,0.481,0.434,149.842,4,15,"underground_heavy_hybrid",0.9
72075,"1mB7dCUM7sPyNab6R43nlj","Falling In Reverse","The Drug In Me Is You","The Drug In Me Is You",72,218786,TRUE,0.855,-3.266,1,0.151,0.0149,0,0.127,0.644,145.133,4,15,"underground_heavy_hybrid",0.78
72086,"0YHuruiHL4Vzna7jeOdfJt","Lamb of God","Omens","Nevermore",54,275924,FALSE,0.988,-4.409,0,0.11,8.33e-05,0.323,0.155,0.199,102.005,3,15,"underground_heavy_hybrid",0.41
72101,"1O0iUsIwFDt7GyqjOkAHa8","Escape The Day","Into Inception","Tsunami",26,243555,FALSE,0.97,-5.633,0,0.12,0.00523,0.00014,0.341,0.23,135.076,4,15,"underground_heavy_hybrid",0.79
72110,"1gg2pjLIkcxSnNfGORJ0u5","Bullet For My Valentine","Fever","A Place Where You Belong",47,306466,FALSE,0.832,-3.882,0,0.0365,5.12e-05,0.00133,0.148,0.33,133.708,4,15,"underground_heavy_hybrid",0.58
72123,"13YWByXibBltt3T5u3IcT7","Caskets","Lost Souls","Lost in Echoes",62,217814,FALSE,0.937,-6.693,0,0.0723,0.00368,0.000116,0.0814,0.444,75.034,4,15,"underground_heavy_hybrid",0.66
72124,"5t1OFHuWDlmusIYUZSNADT","Currents","The Way It Ends","Never There",57,108934,FALSE,0.556,-9.347,0,0.0309,0.191,0.18,0.191,0.0386,86.927,5,15,"underground_heavy_hybrid",0.84
72131,"7sJbCv83nl2S94j8ZJz2WP","Lamb of God","Omens","Ill Designs",52,221309,FALSE,0.989,-4.355,0,0.0974,7.42e-05,0.00367,0.401,0.121,113.764,4,15,"underground_heavy_hybrid",0.7
72133,"3WeWaUyTww9gLKmimlwm5w","Lamb of God","As The Palaces Burn","Ruin",57,234266,FALSE,0.958,-4.391,1,0.194,5.19e-05,0.128,0.371,0.11,198.151,3,15,"underground_heavy_hybrid",0.67
72134,"63iWrvtycN9ro0gFD47JpU","Lamb of God","Omens","September Song",51,360419,FALSE,0.978,-5.018,1,0.106,0.000368,0.351,0.0441,0.143,111.583,4,15,"underground_heavy_hybrid",0.75
72167,"2HB0RLSCaKALpRHFw7PcOy","Dead by April","Me","Me",54,201938,TRUE,0.767,-6.374,0,0.0316,0.000231,0.953,0.388,0.486,113.519,4,15,"underground_heavy_hybrid",0.76
72171,"6r7bDk4J0Okw4ezTBUQXo3","Bring Me The Horizon","That's The Spirit","Blasphemy",60,275013,FALSE,0.859,-4.098,0,0.0367,0.000123,0,0.369,0.473,154.023,4,15,"underground_heavy_hybrid",0.82
72186,"28urem2KpSOkljclEk8X8G","All That Remains","A War You Cannot Win","What If I Was Nothing",60,277346,FALSE,0.772,-5.81,1,0.0377,0.00556,0,0.104,0.229,144.015,4,15,"underground_heavy_hybrid",0.69
72191,"2pd1Lm8Jsslf2VdWQv0Je8","Lamb of God","Ashes of the Wake (15th Anniversary)","Hourglass",55,240183,FALSE,0.982,-3.399,1,0.128,0.00235,0.0237,0.375,0.146,115.64,3,15,"underground_heavy_hybrid",0.78
72197,"1WfkLWberK650GDPDoc5uf","Spineshank","Post-Millennial Noise","Smothered",0,190840,FALSE,0.944,-3.596,0,0.0496,4.69e-05,0.000107,0.0553,0.694,124.81,4,15,"underground_heavy_hybrid",0.79
72210,"5p144lbzJw9kMCMOG61SF3","Dead by April","Anything at All","Anything at All",49,246545,FALSE,0.925,-2.795,0,0.108,0.00364,0,0.111,0.238,110,4,15,"underground_heavy_hybrid",0.73
72212,"4TncWhCfACwaIU8hllz8SQ","Falling In Reverse","Just Like You (Deluxe Edition)","Sexy Drug",66,194671,FALSE,0.978,-2.308,1,0.232,0.00146,0,0.113,0.639,135.15,4,15,"underground_heavy_hybrid",0.73
72220,"5LJmf4fMXEvO1PdlCBKwRz","Spiritbox","Rotoscope","Rotoscope",20,215362,FALSE,0.878,-4.521,0,0.0892,1.73e-05,0.104,0.107,0.455,125.014,4,15,"underground_heavy_hybrid",0.67
72229,"5d0CEohvmvqcizfc0cXn1t","Wage War","Manic","Manic",62,164666,FALSE,0.872,-5.244,1,0.0987,0.00328,0.00254,0.212,0.328,180.053,4,15,"underground_heavy_hybrid",0.75
72245,"0CcqWuAEJC93K8cBMbAjgI","As I Lay Dying","Shaped by Fire","My Own Grave",60,253317,FALSE,0.994,-4.953,0,0.241,0.000115,0.0129,0.0534,0.0397,125.058,4,15,"underground_heavy_hybrid",0.81
72246,"1yYr4D1KjhhyDD5bZIiFQy","Trivium","In Waves (Special Edition)","In Waves",60,302466,FALSE,0.94,-3.435,1,0.103,0.000211,0.0518,0.346,0.338,76.517,4,15,"underground_heavy_hybrid",0.62
72248,"6qaUcMfAKiIXCnpoxC01vl","Andromida;Daedric","FiXT Presents: Sinister Sounds","The Rumbling",4,225206,FALSE,0.933,-3.787,0,0.0538,2.41e-05,0.101,0.0796,0.338,144.986,4,15,"underground_heavy_hybrid",0.8
72258,"1CH4iKlzvNAKMT8l88Qdmr","The Plot In You","DISPOSE","ONE LAST TIME",49,199173,FALSE,0.898,-4.614,1,0.0642,0.00021,0.000329,0.108,0.425,120.01,4,15,"underground_heavy_hybrid",0.79
72259,"6EWepM3ld6UUzS2heUGNtg","Our Last Night","abcdefu","abcdefu",58,157062,TRUE,0.965,-4.911,1,0.0744,0.000155,0,0.388,0.331,129.881,4,15,"underground_heavy_hybrid",0.85
72260,"4bE3cBcwAe7T5SklvbkiYZ","I Prevail","TRAUMA","Breaking Down",62,206146,TRUE,0.568,-7.182,0,0.0341,0.00131,0.00144,0.0856,0.0705,126.935,4,15,"underground_heavy_hybrid",0.8
72289,"7ln7o4q6y9h8qEc6hGrtr1","Bullet For My Valentine","The Poison","Tears Don't Fall",56,348386,TRUE,0.931,-3.347,0,0.143,0.000705,3.09e-06,0.0797,0.233,162.115,4,15,"underground_heavy_hybrid",0.69
72307,"0b4TKuvZ4eJ8eHgJgXaCnN","Loathe","I Let It in and It Took Everything","Two-Way Mirror",55,300186,FALSE,0.84,-6.703,1,0.0447,7.86e-05,0.761,0.135,0.173,160.104,4,15,"underground_heavy_hybrid",0.5
72311,"59PzGWG2yXtvQiznMaFTVg","Dayseeker","Dreamstate","Dreamstate",59,219354,FALSE,0.935,-3.482,0,0.0567,0.00125,0,0.0386,0.496,95.983,4,15,"underground_heavy_hybrid",0.72
72319,"0JWpbl3Ppr71ONy6VDP5vu","Caskets","Lost Souls","Hold Me Now",55,239848,FALSE,0.92,-6.465,0,0.0497,0.00331,2.77e-06,0.142,0.346,140.049,4,15,"underground_heavy_hybrid",0.57
72324,"0d2mj7p92bZEckjowsc1a4","Architects","For Those That Wish To Exist","Meteor",55,241034,FALSE,0.957,-3.069,0,0.107,0.000212,1.87e-06,0.0682,0.249,136.142,4,15,"underground_heavy_hybrid",0.71
72325,"1Jo1KIp5rigqKayHmce0Lz","Demon Hunter","HEAVEN DON'T CRY","HEAVEN DON'T CRY",55,265706,FALSE,0.893,-6.139,1,0.0531,6.58e-05,0.596,0.116,0.295,130.044,4,15,"underground_heavy_hybrid",0.68
72345,"2aJaWfw3gG31BM6GaBfSer","The Acacia Strain","Wormwood","Bay of Pigs",29,317506,FALSE,0.984,-3.839,1,0.0866,1.3e-05,4.12e-05,0.407,0.129,109.997,4,15,"underground_heavy_hybrid",0.78
72346,"4fpdKDIpr8YVg89VRlLL2r","A Day To Remember","For Those Who Have Heart","Fast Forward To 2012 - Live At The Capitol / Ocala, FL / January 5, 2008",30,147426,FALSE,0.956,-8.301,1,0.173,0.00784,5.03e-06,0.616,0.137,143.069,4,15,"underground_heavy_hybrid",0.71
72347,"15zUfY9L1p7bN9JsgaTAP0","Trivium","Vengeance Falls (Special Edition)","Strife",58,269266,FALSE,0.987,-1.711,0,0.108,3.58e-05,8.48e-05,0.359,0.309,142.031,4,15,"underground_heavy_hybrid",0.88
72357,"4NOO855YQh16AF5FhhO41L","SiM","THE BEAUTiFUL PEOPLE","EXiSTENCE",51,244426,FALSE,0.961,-2.963,1,0.0504,0.000109,2.53e-05,0.329,0.6,93.937,4,15,"underground_heavy_hybrid",0.64
72370,"6LNKeK9iJ66iwe16VxG43H","Motionless In White","Disguise","Disguise",60,237500,TRUE,0.932,-4.621,1,0.0952,0.000147,0,0.11,0.482,104.932,4,15,"underground_heavy_hybrid",0.67
72385,"1jKH10ufuA4EzUCdobVxu0","Parkway Drive","Darker Still","Glitch",60,261811,TRUE,0.87,-3.998,1,0.048,9.54e-05,0.0968,0.283,0.364,106.049,4,15,"underground_heavy_hybrid",0.8
72395,"3lFakZehrbVDh7v52lunxS","Ice Nine Kills","Safe Is Just a Shadow (Re-Shadowed and Re-Recorded)","Red Sky Warning",29,245916,FALSE,0.978,-4.453,1,0.186,0.000251,0,0.334,0.354,199.92,4,15,"underground_heavy_hybrid",0.43
72414,"2eInKe5RkYZanyWtSn2THJ","The Amity Affliction","Severed Ties","B.D.K.I.A.F",27,196520,FALSE,0.962,-1.829,1,0.0756,0.0177,0,0.311,0.301,158.002,4,15,"underground_heavy_hybrid",0.76
72443,"5HXWIpc8zLACuoaR5gMaip","Bad Omens","Finding God Before God Finds Me","Dethrone",60,209134,TRUE,0.935,-4.56,1,0.142,1.59e-05,0.0057,0.073,0.419,111.884,3,15,"underground_heavy_hybrid",0.69
72444,"05dayqMNAmaZU7gTUdV0eM","Protest The Hero","Palimpsest","The Canary",30,267733,FALSE,0.977,-6.444,1,0.0933,0.00186,2.05e-06,0.49,0.45,112.47,3,15,"underground_heavy_hybrid",0.85
72477,"46cEIa1iQPSQLnPVP2hmVm","The Amity Affliction","Severed Ties","Jesse Intense",27,252933,FALSE,0.948,-2.458,1,0.053,0.0143,0,0.0739,0.269,159.989,4,15,"underground_heavy_hybrid",0.68
72478,"1z33QOn2Hcq9SfI5pES25L","Escape the Fate","This War Is Ours (Deluxe Edition)","This War Is Ours (The Guillotine II)",58,266733,FALSE,0.955,-5.593,0,0.163,0.00838,0,0.0759,0.152,95.498,4,15,"underground_heavy_hybrid",0.8
72495,"6ealTEwEubl3VIyykylTCo","Within The Ruins","Black Heart","Open Wounds",27,238625,FALSE,0.996,-3.203,1,0.167,4.67e-05,0.0411,0.58,0.176,117.504,4,15,"underground_heavy_hybrid",0.79
72536,"6yXwzAdml0MyRURctW038w","Bring Me The Horizon","There is a Hell Believe Me I've Seen It. There is a Heaven Let's Keep it a Secret","It Never Ends",51,274133,TRUE,0.949,-5.443,0,0.0907,9.87e-05,0.00026,0.38,0.136,105.048,4,15,"underground_heavy_hybrid",0.69
72539,"19JvAP6RDVLg1xJBeRLzje","The Devil Wears Prada","Dead Throne","Holdfast",26,228960,FALSE,0.986,-2.227,0,0.111,8.06e-05,2.53e-06,0.299,0.45,170.034,4,15,"underground_heavy_hybrid",0.83
72563,"09TYM8GCSYtQmpaXe8kYuK","Periphery","Periphery IV: HAIL STAN","Blood Eagle",40,358120,FALSE,0.982,-5.251,1,0.147,8.87e-05,0.0108,0.392,0.0877,124.94,4,15,"underground_heavy_hybrid",0.8
72572,"6rLEeo9rNT87t2xHry8xUl","Whitechapel","Our Endless War","The Saw Is the Law",53,267613,FALSE,0.994,-3.429,0,0.18,0.000569,0.000149,0.139,0.216,115.103,4,15,"underground_heavy_hybrid",0.78
72573,"5obeSir74lcMTrdsLh7d7p","Dead by April","Incomparable (Mystery Version)","Mystery",45,177786,FALSE,0.977,-4.288,0,0.0541,0.000269,0,0.103,0.437,92.534,4,15,"underground_heavy_hybrid",0.8
72590,"7CFCPxGWl38dV0Zg9eHD6q","3 Pill Morning","Transmission (DIWD4)","All Before",28,234040,TRUE,0.967,-4.559,1,0.114,0.000303,0.000632,0.0817,0.436,170.074,4,15,"underground_heavy_hybrid",0.82
72597,"25Dz0Jc4HF0MlZKKofj2Ug","Ice Nine Kills","I Heard They KILL Live","SAVAGES - Live in Worcester, MA / November 2019",27,182240,FALSE,0.998,-3.331,1,0.34,0.000171,0.0391,0.984,0.0945,130.985,4,15,"underground_heavy_hybrid",0.8
72612,"11zEEKMORg4bIyGZ9HpkKz","Atreyu;Travis Barker","Warrior / Underrated","Warrior (feat. Travis Barker)",53,165891,FALSE,0.908,-4.243,0,0.0913,0.0485,0.000581,0.239,0.296,154.958,4,15,"underground_heavy_hybrid",0.51
72613,"1ILi61AsfqMfUvxWpoJiuc","Lamb of God","Lamb of God","New Colossal Hate",44,270746,FALSE,0.995,-3.222,1,0.217,1.09e-05,0.735,0.306,0.15,199.954,3,15,"underground_heavy_hybrid",0.8
72618,"42lC6bnDdAjRqZtsFe1tmg","Killswitch Engage","As Daylight Dies (Special Edition)","The Arms of Sorrow",53,224120,FALSE,0.963,-2.729,0,0.0578,6.53e-05,0.000507,0.608,0.16,123.981,4,15,"underground_heavy_hybrid",0.53
72622,"0NCvhkLffy3suyYgXITOzP","Ice Nine Kills","Hunting Season","Hunting Season",57,198665,FALSE,0.824,-6.864,1,0.0587,0.000206,0.000321,0.337,0.287,163.989,4,15,"underground_heavy_hybrid",0.76
72623,"77XOYoYeK1CoTfnKUIXTjk","Lamb of God","As The Palaces Burn","Vigil",45,283000,FALSE,0.949,-5.027,1,0.12,2e-04,0.00115,0.091,0.12,106.145,4,15,"underground_heavy_hybrid",0.63
72631,"47IWLfIKOKhFnz1FUEUIkE","Underoath","They're Only Chasing Safety","A Boy Brushed Red Living In Black And White",62,268000,FALSE,0.932,-3.604,0,0.106,0.00171,0,0.137,0.445,169.881,4,15,"underground_heavy_hybrid",0.71
72645,"6F1eS1WdVNyrWmB6WGn7o0","Protest The Hero","Palimpsest","Little Snakes",28,296626,FALSE,0.981,-6.249,0,0.0747,0.0022,0,0.0795,0.404,139.94,3,15,"underground_heavy_hybrid",0.78
72653,"1xolJCHO0WZvqVdu6buLk7","Dead by April","Heartbeat Failing","Heartbeat Failing",44,243600,FALSE,0.919,-4.168,0,0.151,0.000245,0.000351,0.21,0.279,149.989,4,15,"underground_heavy_hybrid",0.8
72664,"5CPIwc9xpbvXaSqMft8Yx8","Our Last Night","Empires Fall (Deluxe)","Tea Leaves - Acoustic",54,208500,FALSE,0.513,-7.794,0,0.0309,0.244,0,0.103,0.1,78.772,4,15,"underground_heavy_hybrid",0.65
72666,"7jFQr8QftpuvkBSXpfkqyq","Chiodos","Illuminaudio","Hey Zeus! the Dungeon",28,264160,FALSE,0.905,-2.006,0,0.066,0.00116,0,0.131,0.269,110.004,3,15,"underground_heavy_hybrid",0.63
72675,"4ytI4n1wSNn5M8ER6JVXa5","All That Remains","This Darkened Heart","Passion",26,222266,FALSE,0.953,-4.259,0,0.047,3.06e-05,0.0129,0.352,0.564,97.033,4,15,"underground_heavy_hybrid",0.64
72683,"1lZzyOyH9LSAWFjHKz9TT2","Upon A Burning Body","Straight From The Barrio","Leave The Pain Behind",25,203441,FALSE,0.973,-4.718,1,0.108,6.69e-05,2.87e-05,0.343,0.186,105.001,4,15,"underground_heavy_hybrid",0.81
72685,"0AHHDAHFRaT82UVw5fMr1R","Parkway Drive","Ire","Vice Grip",57,263586,FALSE,0.988,-3.229,0,0.0838,3.17e-05,0.00432,0.389,0.252,124.041,4,15,"underground_heavy_hybrid",0.68
72692,"4CglFxZhBqgr8nUMDjxalT","The Black Dahlia Murder","Abysmal","That Cannot Die Which Eternally Is Dead",26,269438,FALSE,0.994,-3.362,0,0.145,2.8e-05,0.24,0.139,0.044,92.999,4,15,"underground_heavy_hybrid",0.81
72695,"1qz8RLkJJLeSBZoE1haOwH","For Today","Breaker","White Flag",25,213973,FALSE,0.935,-4.153,0,0.161,0.00341,0,0.407,0.294,133.657,4,15,"underground_heavy_hybrid",0.74
72697,"0kCvcwqG6vNLR3NxZyiK2m","Hatebreed","Hatebreed","Become The Fuse",26,147906,TRUE,0.972,-3.501,1,0.0997,0.000779,0.00125,0.103,0.729,170.084,4,15,"underground_heavy_hybrid",0.84
72699,"35BdZnz14qruhAK5wihdb4","Hatebreed","Perseverance","Judgement Strikes (Unbreakable)",26,85933,FALSE,0.964,-4.421,1,0.166,1.62e-05,2.58e-05,0.0273,0.457,92.489,4,15,"underground_heavy_hybrid",0.72
72703,"354bs7EDkFxcmQYcKB6ya6","Escape the Fate","This War Is Ours (Deluxe Edition)","Harder Than You Know",47,259386,FALSE,0.537,-7.593,1,0.0295,0.269,0,0.123,0.0675,107.201,4,15,"underground_heavy_hybrid",0.74
72718,"2KGCOtaTbNIbwrxS0a2UMv","Bury Tomorrow","Cannibal","Choke",55,227440,FALSE,0.981,-5.701,1,0.0936,0.000682,9.06e-05,0.194,0.34,124.91,4,15,"underground_heavy_hybrid",0.59
72721,"5TvSMq5VLImKRaijVRNfAj","Fox Lake","Born 2 Lose","Born 2 Lose",26,211826,FALSE,0.946,-3.647,1,0.13,0.00823,3.37e-06,0.354,0.38,160.051,4,15,"underground_heavy_hybrid",0.71
72730,"3kRGiGpjCFS7CtEBSfHNH0","Parkway Drive","Darker Still","Soul Bleach",58,211996,TRUE,0.96,-3.254,1,0.0844,2.79e-05,0.00391,0.342,0.353,126.913,4,15,"underground_heavy_hybrid",0.81
72750,"3wkWHCXhOlHNOOwEZKay3d","Volumes","Happier?","Happier?",45,310026,FALSE,0.816,-6.793,0,0.0753,0.00146,0.186,0.14,0.103,73.198,1,15,"underground_heavy_hybrid",0.7
72754,"3oxADKwqZ04fNO9diMkBPA","ten56.","Diazepam","Diazepam",53,156195,TRUE,0.962,-5.381,0,0.225,0.000302,0.00421,0.308,0.114,77.434,4,15,"underground_heavy_hybrid",0.66
72762,"1YQiA0Kfml44BqF68ZQ48n","Spiritbox","Rotoscope","Sew Me Up",14,211123,FALSE,0.947,-3.941,1,0.0553,1.82e-05,0.00375,0.4,0.253,95.975,4,15,"underground_heavy_hybrid",0.9
72770,"5znIVOv7RucpCHGkbonySq","Parkway Drive","Reverence","The Void",58,233079,FALSE,0.954,-3.399,0,0.0464,0.000432,0.0014,0.058,0.53,123.051,4,15,"underground_heavy_hybrid",0.62
72773,"4hZIolup6cgYhrzzGq46aq","Future Palace","Run","Dead Inside",55,204040,FALSE,0.936,-4.728,0,0.0582,5.71e-05,1.09e-06,0.188,0.469,110.048,4,15,"underground_heavy_hybrid",0.6
72794,"6ZsHMMgl4DIx8yYRdo98OG","Level","All In","Get In There (feat. Level)",25,243000,TRUE,0.612,-6.204,1,0.155,0.000263,0,0.512,0.407,80.016,4,15,"underground_heavy_hybrid",0.74
72806,"4KWq6RMruDDwjzYBBpUi7c","Bullet For My Valentine","Stitches","Stitches",48,301426,TRUE,0.941,-4.631,1,0.0824,5.72e-06,0.000756,0.323,0.331,100.007,4,15,"underground_heavy_hybrid",0.8
72815,"4YW8jIwpuIqYvNEOiqxAb5","Imminence","Heaven in Hiding","Surrender",52,221114,FALSE,0.897,-4.552,0,0.124,0.000117,0.00372,0.129,0.219,165.021,4,15,"underground_heavy_hybrid",0.74
72822,"6Pd8HUW71iIjalkxJbo8FP","Spiritbox","Eternal Blue","Hurt You",13,226186,FALSE,0.977,-3.39,1,0.104,4.62e-05,0.000829,0.41,0.173,107.779,4,15,"underground_heavy_hybrid",0.72
72828,"4QugOfcxDdyDOLauzAC1uG","Attila","About That Life","About That Life",24,185789,TRUE,0.903,-3.883,1,0.0762,0.000511,8.93e-06,0.344,0.474,126.538,4,15,"underground_heavy_hybrid",0.8
72847,"0o0K36GEbmIjHs1HzbMjNq","Emmure","Goodbye To The Gallows","The Key to Keeping the Show Fresh Is... I'm Dead",24,165013,TRUE,0.98,-5.008,1,0.181,0.000272,0.00572,0.167,0.127,138.2,4,15,"underground_heavy_hybrid",0.7
72851,"1wp1aHirvZihTdrtdFuFv0","Our Last Night","1-800-273-8255","1-800-273-8255",51,235250,FALSE,0.799,-6.098,0,0.0317,0.00335,0.0157,0.125,0.355,99.975,4,15,"underground_heavy_hybrid",0.79
72874,"6156ZPGcezId0Bmw7x7c7K","Trivium","The Sin and the Sentence","The Sin and the Sentence",54,349869,TRUE,0.97,-3.992,1,0.0767,0.000386,0.00026,0.0413,0.476,100.036,4,15,"underground_heavy_hybrid",0.67
72889,"6sZWP4l2zgHz5qpaTvda9M","In Hearts Wake","Kaliyuga","Dystopia",23,205684,FALSE,0.97,-3.483,1,0.134,9e-05,3.07e-06,0.314,0.255,126.654,3,15,"underground_heavy_hybrid",0.66
72891,"2j2CRl98OHSlRwL4KCYudv","Gideon","Calloused","Expose",23,165920,FALSE,0.995,-1.76,1,0.179,0.00875,0,0.426,0.49,175.756,4,15,"underground_heavy_hybrid",0.8
72892,"52Ee1NSe8oaum15FN1CyH7","Parkway Drive","Darker Still","Imperial Heretic",56,290356,FALSE,0.93,-2.804,0,0.0527,3.43e-05,0.0311,0.147,0.263,118.998,4,15,"underground_heavy_hybrid",0.44
72901,"4NHuyxiG4Cl2wfqWIzT1hL","The Amity Affliction","This Could Be Heartbreak","All Fucked Up",56,229760,TRUE,0.876,-4.287,0,0.0337,0.0338,0,0.645,0.291,142.056,4,15,"underground_heavy_hybrid",0.59
72904,"6AJvaMDOSgac1MSazbQ3ze","Dead by April","Worlds Collide","Our Worlds Collide",42,235880,FALSE,0.938,-4.982,0,0.0481,0.00108,0.11,0.292,0.265,100.064,4,15,"underground_heavy_hybrid",0.58
72910,"1Uo51u6JqpIroI98zyhCvE","Spiritbox","Rule Of Nines","Rule Of Nines",55,211154,FALSE,0.949,-5.859,1,0.134,1.42e-05,0.0759,0.314,0.261,116.375,4,15,"underground_heavy_hybrid",0.85
72913,"5XExne04zgnDeAN8aIvMvM","While She Sleeps","SO WHAT?","ANTI-SOCIAL",51,254500,TRUE,0.938,-6.493,0,0.122,0.00388,0.00113,0.145,0.242,139.954,4,15,"underground_heavy_hybrid",0.78
72915,"0SIKrp2SkPmflfKtCNkZXX","Imminence","Heaven in Hiding","Chasing Shadows",51,246284,FALSE,0.875,-4.432,0,0.0556,0.000883,8.87e-05,0.138,0.175,112.022,4,15,"underground_heavy_hybrid",0.78
72921,"2bpakKOLnMhDHjrwvxu8WW","Bad Omens","THE DEATH OF PEACE OF MIND","Miracle",54,225000,TRUE,0.652,-6.653,0,0.0565,0.0333,0.0522,0.202,0.253,180.054,3,15,"underground_heavy_hybrid",0.74
72924,"5Ax3CrEaFiQHb65JMijp2J","Electric Callboy","TEKKNO","Neon",61,191626,TRUE,0.816,-7.457,0,0.0393,0.000612,0,0.107,0.424,117.979,4,15,"underground_heavy_hybrid",0.79
72927,"4EFb9FhLyFiDbYKwBwDZre","Electric Callboy","We Got the Moves","We Got the Moves",63,206858,TRUE,0.808,-6.595,0,0.0564,0.00013,1.68e-05,0.103,0.712,149.989,4,15,"underground_heavy_hybrid",0.74
72935,"6Q56L7rivD2iUsq1uNKM8n","36 Crazyfists","A Snow Capped Romance","Installing the Catheter",24,231400,FALSE,0.949,-5.108,1,0.0781,0.00633,1.4e-06,0.162,0.665,178.017,4,15,"underground_heavy_hybrid",0.66
72938,"1esc6EuXlZmtPcSaEolqiU","Every Time I Die","Gutter Phenomenon","Gloom And How It Gets That Way",25,117920,FALSE,0.994,-4.655,1,0.114,0.0099,0,0.315,0.0916,118.384,4,15,"underground_heavy_hybrid",0.79
72945,"0MI7Ij4WZejvNoGYGfu7ua","Chiodos","All's Well That Ends Well (Deluxe Edition)","The Words ""Best Friend"" Become Redefined",26,216293,FALSE,0.875,-6.864,0,0.0884,0.0075,0.000247,0.644,0.214,108.088,4,15,"underground_heavy_hybrid",0.8
72947,"0NhSv44kPrT7PT6yf07xx6","He Is Legend","Suck Out The Poison","Suck Out The Poison",26,203040,FALSE,0.962,-5.032,0,0.238,5.86e-05,0.012,0.104,0.409,186.973,4,15,"underground_heavy_hybrid",0.63
72954,"6wF8zOXvWhZFGBZkksE2JY","Wildways","Картины счастливого мира","Прятки",30,193826,FALSE,0.973,-4.26,1,0.0987,0.000827,1.89e-05,0.279,0.221,115,4,15,"underground_heavy_hybrid",0.8
72982,"482a8nLiyeJ5iLP0FE7VxG","Silverstein","Arrivals & Departures (Bonus Track Version)","Here Today, Gone Tomorrow",26,213933,FALSE,0.853,-4.952,0,0.0391,0.00689,0,0.121,0.835,185.872,4,15,"underground_heavy_hybrid",0.78
72986,"7drzpf2eo7URodsAhmgtpO","Poison The Well","Tear From The Red","Lazzaro",24,179279,FALSE,0.959,-5.316,1,0.249,0.00125,7.18e-05,0.248,0.397,167.66,3,15,"underground_heavy_hybrid",0.54
73005,"12LOYGBr0T0IqyuhEILYFh","NTO","La clé des champs","La clé des champs",59,416000,FALSE,0.526,-10.668,1,0.0506,0.00142,0.861,0.108,0.0401,120.011,4,6,"techno_experimental",0.27
73034,"6LufdDsNUVkawg7eH9DLRL","Jan Blomqvist;Maybemahri","Armada Electronic Elements - ADE 2022","Kaleidoscope Colours",1,255466,FALSE,0.817,-8.693,1,0.0737,0.01,0.0114,0.116,0.0387,122.022,4,6,"techno_experimental",0.62
73035,"6fxq63aKjMmi1WMI9iKX5w","Oliver Koletzki","The Arc of Tension","Spiritual but Not Religious",54,246706,FALSE,0.497,-9.787,0,0.0552,0.171,0.536,0.101,0.114,95.005,4,6,"techno_experimental",0.39
73036,"5Qd8V1vtbxkx7txNXtKiUW","Stephan Bodzin;Mathew Jonson","Armada Electronic Elements - ADE 2022","Tron - Mathew Jonson's Vca Dub",2,565041,FALSE,0.661,-12.998,1,0.0686,0.00216,0.834,0.0856,0.167,124.005,4,6,"techno_experimental",0.31
73050,"77cHi3HzlrS8XDgue2WT8y","Worakls","Utopia / Porto","Porto",60,330000,FALSE,0.713,-6.451,1,0.0487,0.00136,0.865,0.0837,0.19,127.993,4,6,"techno_experimental",0.29
73053,"6fgmNIMwDdLQrNzu4U8pcU","Moderat;Siriusmo;Solomun","Eating Hooks (Siriusmo Remix - Solomun Edit)","Eating Hooks - Siriusmo Remix - Solomun Edit",54,422200,FALSE,0.728,-8.713,1,0.0379,0.00818,0.652,0.0599,0.347,123.994,4,6,"techno_experimental",0.16
73057,"4CrDai0clHlKcgizJJThV6","Jan Blomqvist","Empty Floor","Empty Floor",53,218754,TRUE,0.524,-10.287,0,0.0365,0.0355,0.188,0.131,0.21,122.056,4,6,"techno_experimental",0.43
73100,"3lYJLJUJiBQQLSGRmrM1jS","Agoria;Blasé","3 Letters","3 Letters",52,176283,FALSE,0.564,-7.788,0,0.0298,0.0294,0.048,0.29,0.337,112.989,4,6,"techno_experimental",0.29
73102,"5sPQZv8GaaGrRFLa5dDzRK","Christian Löffler;Mohna","Mare","Haul (feat. Mohna)",53,315369,FALSE,0.207,-22.772,0,0.0354,0.434,0.881,0.105,0.174,117.981,4,6,"techno_experimental",0.56
73106,"2pOaeeEj3eSRMMLlftPNHX","Kollektiv Turmstrasse;DAVID AUGUST","Diynamic Revisited (By David August)","Last Day - David August Revision",50,404818,FALSE,0.496,-14.709,0,0.0357,0.281,0.929,0.11,0.398,112.011,4,6,"techno_experimental",0.3
73110,"5I5IM7X9IILbuPoYonLKfv","Alan Fitzpatrick;Reset Robot","Lotus","Lotus",39,272250,FALSE,0.905,-5.781,1,0.0352,0.000923,0.909,0.111,0.0346,134.998,4,6,"techno_experimental",0.47
73130,"0f7ifN4vXV4z2C52POeDQT","Oliver Schories;Oliver Huntemann","Devon (Oliver Huntemann Remix)","Devon - Oliver Huntemann Remix",49,398268,FALSE,0.777,-6.526,1,0.0405,0.00278,0.892,0.0831,0.249,127.008,4,6,"techno_experimental",0.27
73133,"5AcCFMfAjIxq07cibmttEo","Einmusik;Lexer;Jyll","Leave You","Leave You",54,234005,FALSE,0.84,-7.564,1,0.0349,0.0197,0.234,0.0865,0.529,119.991,4,6,"techno_experimental",0.84
73144,"4WNjDQ6LZJxM0nsWyfhHHg","Format:B;Pleasurekraft;Kolombo","Ibiza Techno Top 50 : 2022. 2 - the Closing","Coltrane - Kolombo Remix",0,412800,FALSE,0.682,-7.412,0,0.0739,0.0106,0.557,0.0896,0.145,125.008,4,6,"techno_experimental",0.57
73160,"7q7MXZtZD45z0fWz2T7mKU","NTO","Croche","Croche",47,379354,FALSE,0.558,-9.648,1,0.0462,0.00175,0.913,0.102,0.134,124.007,4,6,"techno_experimental",0.71
73169,"3yNIpUlA4A3z4G54DM5pUM","Jan Blomqvist;Rodriguez Jr.","Maybe Not (Rodriguez Jr. Remix)","Maybe Not - Rodriguez Jr. Remix",44,217758,FALSE,0.859,-9.272,1,0.053,0.059,0.826,0.149,0.129,122.016,4,6,"techno_experimental",0.17
73174,"2anaZDYYe3O3sEJjXYDVFb","NTO","The Hound","The Hound - Short Version",48,277000,FALSE,0.551,-11.398,1,0.0401,0.0078,0.812,0.17,0.0437,120.007,4,6,"techno_experimental",0.7
73179,"5hvIZF56tE8sAwMA9cKmQQ","Joris Delacroix;Ornette","Night Visions","Start The Engine",48,361373,FALSE,0.78,-9.381,1,0.0753,0.168,0.54,0.0574,0.312,119.974,4,6,"techno_experimental",0.38
73209,"5XxFY11r0YA6Xoyh1O9WsR","DAVID AUGUST","Epikur EP","Epikur - Original",48,490725,FALSE,0.598,-11.109,1,0.0311,0.0122,0.905,0.269,0.142,117.989,4,6,"techno_experimental",0.53
73211,"4Yf9QLUM8EeHaCS7EnaHnX","Christian Löffler","Versailles (Hold)","Versailles (Hold) - Edit",53,218727,FALSE,0.375,-13.693,0,0.0353,0.467,0.525,0.133,0.179,116.99,4,6,"techno_experimental",0.4
73214,"6cWL1DzfiPlYE9Xk9eML4n","Oliver Huntemann;Christian Craken","Tranquilizer 2.0","Tranquilizer - Christian Craken Remix",39,445440,FALSE,0.76,-7.992,1,0.0428,0.00529,0.874,0.106,0.155,124.994,4,6,"techno_experimental",0.54
73222,"1rFFWztyr2N5REyljmQjgb","Argy;Matthew Dear;Tegan and Sara","More Horses feat. Tegan & Sara","More Horses",46,333125,FALSE,0.596,-10.421,1,0.0416,0.00345,0.827,0.167,0.0626,123.005,4,6,"techno_experimental",0.44
73225,"6q8y9CRGqPCz4Waajo9zAS","Oliver Schories;Jan Blomqvist;Nora En Pure","Packard (Nora En Pure Remix)","Packard - Nora En Pure Remix",43,250731,FALSE,0.826,-7.302,1,0.0682,0.107,0.0738,0.159,0.28,122.937,4,6,"techno_experimental",0.62
73234,"6BA2JM59JObFjHNvLK2KOg","Boris Brejcha","Feuerfalter Special Edition","Purple Noise",50,539520,FALSE,0.477,-10.947,1,0.0732,0.00143,0.627,0.0922,0.209,125.017,4,6,"techno_experimental",0.75
73238,"2W1S2nH5PiycBBDRjUhHQd","Boris Brejcha","Space Diver","Never Look Back",47,481920,FALSE,0.618,-8.251,1,0.044,0.000284,0.889,0.0828,0.451,124.989,4,6,"techno_experimental",0.4
73239,"3TTsR15N3XY4G6z7F4eMwF","Max Cooper;Parra for Cuva","One Hundred Billion Sparks Remixed","Hope - Parra For Cuva Remix",48,353302,FALSE,0.648,-9.363,1,0.0374,0.286,0.949,0.0948,0.099,112.003,4,6,"techno_experimental",0.46
73241,"4cTW1QdgCJiqE1Pvreb80L","Enrico Sangiuliano","Moon Rocks","Moon Rocks",50,453120,FALSE,0.625,-6.428,1,0.0375,0.0016,0.905,0.299,0.439,125.012,4,6,"techno_experimental",0.67
73273,"4B4vJppxKZTnqb6qyS6e8h","Worakls","Good Night My Love","Bleu",49,466224,FALSE,0.604,-9.003,0,0.0381,0.0686,0.861,0.161,0.233,124.002,4,6,"techno_experimental",0.27
73290,"3u12rwmjySvkukiKszbVpN","Boris Brejcha","Club Vibes Part 02","Jawbreaker",45,445440,FALSE,0.48,-10.239,0,0.0872,8.28e-06,0.877,0.0738,0.414,125.013,4,6,"techno_experimental",0.33
73295,"239SrBPZi0xs1OQZmedr6q","Oliver Koletzki","The Arc of Tension","A Tribe Called Kotori",47,370453,FALSE,0.496,-11.866,0,0.0396,0.71,0.831,0.343,0.0801,95,4,6,"techno_experimental",0.29
73301,"4YK5kfr4A1wdJzogZj7jox","Nils Hoffmann;Natascha Polké","9 Days / Cranes","Cranes",35,216596,FALSE,0.741,-9.652,1,0.0354,0.0168,0.822,0.236,0.192,123.016,4,6,"techno_experimental",0.7
73325,"4l1k3bK6OGwfRqbW5HiyT3","Jamie Jones;Vintage Culture","My Paradise (Vintage Culture Remix)","My Paradise - Vintage Culture Remix",59,170645,FALSE,0.892,-7.015,1,0.0563,0.0462,0.839,0.0973,0.467,128.008,4,6,"techno_experimental",0.56
73326,"1fhcMMxjn3Gvin19Akf3Ig","Joachim Pastor","Eternity","Eternity",46,380322,FALSE,0.699,-8.639,1,0.0353,0.0714,0.902,0.0927,0.282,123.997,4,6,"techno_experimental",0.67
73329,"16AWPFcIfmbrYvl4hjOVHD","Amelie Lens;Farrago","Weight Of The Land","Purge",42,433218,FALSE,0.593,-11.791,1,0.0466,0.16,0.888,0.0616,0.0694,125.996,4,6,"techno_experimental",0.5
73330,"5jUbmkU6rjKGsynCNZEct2","Dusty Kid","Kéia EP","Sysma - Original Mix",50,440842,FALSE,0.609,-10.506,0,0.0908,0.241,0.581,0.103,0.043,128.004,4,6,"techno_experimental",0.25
73344,"2p6LQRALG9o3qKq8gOWX9f","Paul Kalkbrenner","Berlin Calling (The Soundtrack by Paul Kalkbrenner)","Aaron",59,353813,FALSE,0.387,-12.039,0,0.279,0.0755,0.861,0.0818,0.133,111.98,4,6,"techno_experimental",0.17
73345,"5hZyYFoURxBGBTFDiQMQqV","Boris Brejcha","Space Diver","Lieblingsmensch",44,524159,FALSE,0.512,-9.613,1,0.0403,3.74e-05,0.904,0.1,0.483,124.998,4,6,"techno_experimental",0.42
73361,"5vDsrWr8An3AMedExXTXO0","Worakls","Flocon de neige","Flocon de neige",47,380679,FALSE,0.54,-11.809,0,0.0455,0.549,0.901,0.0748,0.0402,115.006,4,6,"techno_experimental",0.71
73367,"1MgIWPR2hEDJtx2i5rmiKV","Jan Blomqvist;Ben Böhmer","The Space In Between (Ben Böhmer Remix)","The Space In Between - Ben Böhmer Extended Remix",35,476212,FALSE,0.59,-12.856,0,0.0426,0.0077,0.88,0.112,0.0658,121.999,4,6,"techno_experimental",0.69
73369,"6U67bz1ggGoOUllUOvfKFF","Oliver Schories;Joris Delacroix","Sunset","Sunset - Joris Delacroix Remix",46,467660,FALSE,0.631,-9.365,0,0.0363,0.0672,0.69,0.17,0.0457,121.99,3,6,"techno_experimental",0.49
73373,"2Eu5IxBvLxCd1HFVR4JbR4","Oliver Koletzki;Super Flu","Made of Wood Remixed","Copal - Super Flu Remix",43,397882,FALSE,0.599,-10.476,1,0.0583,0.00578,0.897,0.0994,0.311,123.289,5,6,"techno_experimental",0.77
73401,"2Sxti9gKyS8zxdI0yV3wvC","Solomun;ÄTNA","Tuk Tuk (feat. ÄTNA)","Tuk Tuk (feat. ÄTNA)",11,253825,FALSE,0.774,-6.177,0,0.0755,0.0116,0.0322,0.0534,0.777,122.008,4,6,"techno_experimental",0.47
73402,"4PSRQAOWsffJn6TiDT0hRd","ANNA","Galactic Highways","Dimensions",43,362419,FALSE,0.97,-10.25,1,0.0549,0.00136,0.898,0.111,0.039,129.992,3,6,"techno_experimental",0.25
73406,"08Uz2WDG2HpZwCX7qOn7OJ","Agoria;Blasé;Solomun","You're Not Alone (Solomun Remix)","You're Not Alone - Solomun Remix",43,503082,FALSE,0.849,-7.241,0,0.0522,0.000847,0.768,0.0839,0.293,119.994,4,6,"techno_experimental",0.4
73417,"0yndiHV68jSDkxxpdbzxdX","Dusty Kid","Kydàios EP","Pantagruel",38,376715,FALSE,0.902,-11.465,0,0.154,0.0617,0.816,0.115,0.242,130.004,4,6,"techno_experimental",0.26
73428,"5gnMzDgj5vXba6k55MnWHl","Booka Shade;Monastetiq","More! 2020 Remixes","Bad Love - Monastetiq Remix",31,420500,FALSE,0.76,-8.447,1,0.0556,0.00727,0.524,0.182,0.0766,122,4,6,"techno_experimental",0.48
73434,"7wgAcvymDlQucjmIYEm3Vz","AKA AKA;Umami","Ich & Du","Ich & Du",22,453671,FALSE,0.577,-6.194,1,0.0568,0.000814,0.651,0.0844,0.757,124.004,4,6,"techno_experimental",0.56
73435,"1ObSvlzYuc5PDhklq2iLoJ","UMEK;Mha Iri","Watchers of the Sky EP","Watchers of the Sky - Original Mix",44,402518,FALSE,0.985,-4.384,0,0.0683,0.000685,0.695,0.217,0.0348,132.997,4,6,"techno_experimental",0.63
73447,"2CPXVcNu9Qxi6HCn43yjVN","Paul Kalkbrenner","Zeit","Zeit",23,321066,FALSE,0.642,-9.323,1,0.0263,8.94e-06,0.824,0.128,0.145,133.31,4,6,"techno_experimental",0.39
73456,"69yiMI9xUt0xZfaa4q7HJ6","Thomas Schumacher","Interlinked","Interlinked",36,398796,FALSE,0.791,-11.086,0,0.0498,0.00426,0.876,0.0797,0.0275,133.006,4,6,"techno_experimental",0.67
73470,"3vaJ9CccAzBkvHZ6EQwbMe","Rodriguez Jr.","Kilian","Kilian",43,420115,FALSE,0.804,-9.402,1,0.0382,0.0019,0.821,0.0994,0.0708,125.005,4,6,"techno_experimental",0.22
73471,"2odoA4QURpcTRjO48FtBP8","Sascha Braemer;Name One","Et Voilà","Égoïste feat. Name One",22,381936,FALSE,0.538,-13.619,0,0.0291,0.00627,0.667,0.123,0.163,122.002,4,6,"techno_experimental",0.66
73473,"6skTPlJtkpqN7mM95QfsUD","Maceo Plex","When the Lights Are Out","When the Lights Are Out - Late Night Mix",41,438145,FALSE,0.942,-8.533,0,0.0437,0.000693,0.369,0.313,0.0355,128.017,4,6,"techno_experimental",0.45
73483,"1I9BJwnpq5qTmgE3U2uO3J","Enrico Sangiuliano","Biomorph","Cosmic Ratio",42,403816,FALSE,0.75,-6.251,1,0.0369,5.65e-05,0.879,0.0599,0.129,126.011,4,6,"techno_experimental",0.37
73488,"0YludRHvePQ6wgu1I032FO","Boris Brejcha;Malena Maria","Puzzle (feat. Malena Maria)","Puzzle (feat. Malena Maria)",41,485760,FALSE,0.72,-10.587,1,0.046,0.000105,0.868,0.0868,0.421,124.991,4,6,"techno_experimental",0.69
73490,"5GeIa7kAYaTaWPVBmlbyiH","Sebo K;Max Moya","Spirits","Spirits - Drum Version",21,476106,FALSE,0.859,-9.177,1,0.057,0.00359,0.886,0.084,0.349,122.005,4,6,"techno_experimental",0.32
73496,"48wFt2j3TNTzsuahqd9Uk3","Monika Kruse;UNER","Paradiso Musicale 2","Summer Drops - UNER Remix",0,492721,FALSE,0.672,-9.863,0,0.0481,0.00255,0.898,0.0868,0.0942,124.997,4,6,"techno_experimental",0.66
73509,"7hDSzr92dTsFPCFIGiynck","Victor Ruiz","Interstellar EP","Interstellar",40,470322,FALSE,0.578,-8.213,1,0.0691,0.0216,0.935,0.0935,0.0786,124.016,4,6,"techno_experimental",0.48
73512,"6jyypJqbYdPcMxowjFLGE1","Solomun;Zoot Woman;Âme","Nobody Is Not Loved, Remixes, Pt. 3","Out of Focus (feat. Zoot Woman) (Âme Remix)",10,384528,FALSE,0.483,-10.278,0,0.0633,0.0143,0.73,0.0793,0.393,124.014,4,6,"techno_experimental",0.43
73515,"1SWyGZhn3nyLUZRfWvQ0to","Solomun","Customer Is King EP","Customer Is King",38,476237,FALSE,0.497,-9.977,1,0.0658,0.0099,0.784,0.0682,0.0625,123.043,4,6,"techno_experimental",0.73
73517,"0HvtGDMR4hVmNK3HBUIUOS","Catz 'n Dogz;Jono McCleery","Friendship","Would You Believe",44,270252,FALSE,0.469,-10.358,0,0.0346,0.152,0.0323,0.0629,0.472,118.98,4,6,"techno_experimental",0.43
73521,"18mfe5YtwXeqhbuSABYVCK","Jan Blomqvist;Animal Trainer","Big Jet Plane","Big Jet Plane - Animal Trainer Remix",44,400926,FALSE,0.443,-8.654,1,0.0497,0.0372,0.385,0.369,0.199,122.002,4,6,"techno_experimental",0.41
73523,"4wp5DGGbvBcalN7rq8Dn2d","NTO;Sainte Vie;Tricky","Loving You Like Always (Sainte Vie Remix)","Loving You Like Always - Sainte Vie Remix",42,412859,FALSE,0.794,-11.599,1,0.0447,0.0417,0.799,0.113,0.374,123.979,4,6,"techno_experimental",0.84
73534,"5mwkHxbdWcUVHWxp3cEqvy","Green Velvet","The Chapters of Green Velvet","Harmageddon - Original Mix",21,333680,FALSE,0.291,-9.237,1,0.0504,0.0215,0.544,0.124,0.237,128.989,4,6,"techno_experimental",0.46
73538,"54C2iu4Z3H9Pz9PMyJGQnM","Marek Hemmann","Junoka EP","Junoka",20,392706,FALSE,0.334,-12.72,0,0.47,0.0776,0.888,0.111,0.302,128.044,5,6,"techno_experimental",0.56
73545,"3nrnCflnNBwJCAo0VDPGXv","Mark Dekoda","Between Reality and Darkness","Oxigen",20,413129,FALSE,0.914,-6.098,1,0.0839,0.00208,0.891,0.112,0.195,130.998,4,6,"techno_experimental",0.5
73546,"0jjdDN5G3DujDV46I3F9nR","Dominik Eulberg","Mannigfaltig","Dreizehenspecht",21,214306,FALSE,0.486,-8.096,1,0.0329,0.0195,0.975,0.102,0.302,111.012,4,6,"techno_experimental",0.18
73559,"3vIHVjRLkEjFiNO1AoiXmH","Super Flu","Four to the Floor 14","Acumulee",33,648117,FALSE,0.674,-10.12,1,0.0703,0.00887,0.833,0.124,0.038,122.202,4,6,"techno_experimental",0.7
73571,"0WsROU8CJrMWBukK5IMs4y","I Hate Models","Warehouse Memories","Daydream",49,463700,FALSE,0.916,-8.012,0,0.0602,9.98e-05,0.755,0.396,0.355,135.986,4,6,"techno_experimental",0.56
73595,"2Lds5ZlQEOstGQRZpqm5Zo","Paul Kalkbrenner;Modeselektor","Reworks","Gia 2000 - Modeselektor Remix",20,370960,FALSE,0.671,-9.974,0,0.0563,0.015,0.839,0.329,0.138,114.984,4,6,"techno_experimental",0.44
73607,"0WPX6mCPa4AWA83kanPze5","Christian Löffler;Mohna","A Forest","Eleven",43,395542,FALSE,0.527,-10.982,0,0.032,0.12,0.824,0.109,0.0835,120.016,4,6,"techno_experimental",0.68
73610,"3hPL9Jr1RZhDzyHzxF7MU8","NTO","Note blanche","Meanwhile in Rio",41,284160,FALSE,0.334,-14.1,0,0.0789,0.393,0.726,0.092,0.336,125.026,4,6,"techno_experimental",0.38
73616,"5h1y0Ah4mwwCWTSSUbCQSP","Josh Wink;Adana Twins","Higher State Of Consciousness (Adana Twins Remixes)","Higher State Of Consciousness (Adana Twins Remix Two)",8,415728,FALSE,0.966,-7.494,1,0.0712,0.177,0.894,0.112,0.504,122.998,4,6,"techno_experimental",0.55
73620,"56tXgHlSHCfgmGhwVXNizc","Joris Delacroix","Night Visions","Routine",41,264200,FALSE,0.639,-10.681,0,0.104,0.029,0.466,0.0688,0.32,118.052,3,6,"techno_experimental",0.39
73628,"2qQusCcWR2A9Q6lK5Uz6bw","UMEK;Cosmic Boys","Evolution / Feels Like a Tunnel","Evolution - Original Mix",40,382500,FALSE,0.879,-6.192,1,0.0492,0.00132,0.877,0.119,0.14,127.996,4,6,"techno_experimental",0.78
73630,"5nqvTmSm0tQmRndmB4Dn1t","Christian Löffler","A Forest","Pale Skin",44,230991,FALSE,0.354,-14.947,1,0.0347,0.103,0.956,0.407,0.221,104.934,4,6,"techno_experimental",0.3
73635,"3tE5KkCSjPX32YxpAR5dXB","Boris Brejcha","Schaltzentrale (Joker Remake)","Schaltzentrale - Joker Remake",39,517440,FALSE,0.748,-7.046,1,0.0646,0.00033,0.733,0.0936,0.0394,125.011,4,6,"techno_experimental",0.4
73655,"4I3CCa5rzagw4Wh3LCuMrg","Joris Voorn;Yotto","Antigone (Yotto Remix)","Antigone (Yotto Remix)",10,242432,FALSE,0.827,-8.345,1,0.0434,0.0143,0.839,0.396,0.131,123.002,4,6,"techno_experimental",0.52
73665,"2eZYhuwMD2SwQcxsxmY8TN","Peter Van Hoesen;Donato Dozzy","Talis / Into The Red","Talis",19,500857,FALSE,0.829,-9.355,1,0.0578,0.179,0.674,0.0836,0.777,124.971,4,6,"techno_experimental",0.81
73668,"4qEcn7up35rLRPsVXXmCzv","Weval","Half Age EP","The Most",45,329000,FALSE,0.731,-11.084,1,0.0272,0.00653,0.851,0.308,0.181,111.98,4,6,"techno_experimental",0.59
73672,"2VhMVewJnu96AG9QxyeJLo","Ann Clue","Fallin","Fräulein Smilla",40,379386,FALSE,0.385,-11.813,0,0.0803,0.0514,0.938,0.109,0.311,123.003,4,6,"techno_experimental",0.6
73673,"13z3ZLwwu1rMGy8sVfGTuX","DAVID AUGUST;Nelia Kit","The Spell / A Golden Rush","A Golden Rush",40,441888,FALSE,0.543,-11.479,0,0.046,0.29,0.752,0.233,0.0663,106.003,4,6,"techno_experimental",0.44
73679,"7grNHTSADMlLZ96mH4wI85","Worakls","Hungry 5 (The Best of 5 Years)","Salzburg",43,436150,FALSE,0.346,-11.243,1,0.0936,0.00339,0.918,0.0704,0.404,126.009,4,6,"techno_experimental",0.22
73685,"4ZPUnOBJG4Qg8zQGe68s6d","Slam","Eterna / Ibo","Eterna",18,375680,FALSE,0.897,-11.017,1,0.0589,0.000479,0.87,0.647,0.0789,122.648,4,6,"techno_experimental",0.54
73719,"1hhbjqeEfUjzSweXFWIuSk","DAVID AUGUST;Wanja","Times","Hommage",41,232772,FALSE,0.332,-12.441,0,0.0943,0.307,0.886,0.252,0.258,95,4,6,"techno_experimental",0.37
73721,"3MDEbfPekrI2EzxFTUzu5m","Stephan Bodzin","Powers of Ten","Zulu",39,465224,FALSE,0.612,-11.044,1,0.0429,0.0342,0.873,0.11,0.076,124.011,4,6,"techno_experimental",0.46
73725,"3fNPcoOk6SerKlfzcSligz","Claude VonStroke;Bruno Furlan","Dirtybird Campout East Coast Compilation","The Book Is On The Table",19,210557,FALSE,0.465,-7.485,1,0.0568,0.0109,0.376,0.222,0.894,124.018,4,6,"techno_experimental",0.44
73727,"0j2H1OTrRbeLTcNqtmLOme","Claude VonStroke","CaliFuture","Eye I Eye - Original Mix",20,394116,FALSE,0.658,-6.586,0,0.0607,0.00326,0.889,0.0186,0.53,123.002,4,6,"techno_experimental",0.73
73732,"47KFrBgysM9cBF9BYL74lw","Kolombo;Loulou Players","Dont Go Away EP","Dont Go Away - Zombie Disco Squad Remix",19,406461,FALSE,0.564,-8.028,0,0.0583,6.87e-05,0.599,0.0651,0.639,123.986,4,6,"techno_experimental",0.33
73777,"1hoGjrg68nMJcs5C7r7X0X","Damon Paul","Feel the Beat","Feel the Beat",18,171428,FALSE,0.924,-7.158,1,0.0528,0.0321,0.0666,0.192,0.314,126.013,4,6,"techno_experimental",0.57
73786,"1qWPk0Q7mSeToxCqDVzVwh","Helmut Wintermantel","Berlin Nature Electronic","Just Feels Far - Club Edit",18,155011,FALSE,0.897,-2.996,0,0.0529,0.00186,0.869,0.0585,0.585,120.007,4,6,"techno_experimental",0.59
73787,"3KCWPuhiEj0bmwjxB29oD5","Marco Carola","Play It Loud!","Freak On",17,326322,FALSE,0.592,-11.051,1,0.132,0.000123,0.866,0.0727,0.227,123.994,4,6,"techno_experimental",0.18
73794,"3w20NlZY7oREw25SHqfq1a","Helmut Wintermantel","Nature Minimal Tech House, Vol. 3","Just Feels Far - Club Edit",18,155011,FALSE,0.897,-2.996,0,0.0529,0.00186,0.869,0.0585,0.585,120.007,4,6,"techno_experimental",0.24
73817,"42iMXyOvLeD2vKu7ZlREVh","Paul Kalkbrenner","7","Cloud Rider",56,391480,FALSE,0.376,-13.978,0,0.0299,0.137,0.777,0.12,0.226,124.521,4,6,"techno_experimental",0.44
73821,"6TRljMcCdetlogDSmEsLU9","Boris Brejcha","Mein Wahres Ich","My Love",38,451869,FALSE,0.767,-8.73,1,0.0355,0.00681,0.823,0.11,0.368,127.996,4,6,"techno_experimental",0.38
73826,"65yTIStAjXN1YmUAleXv57","Joel Fletcher;Ivan Ooze","Flutech (feat. Ivan Ooze)","Flutech (feat. Ivan Ooze)",40,164769,FALSE,0.854,-5.351,1,0.0815,0.13,0.0178,0.105,0.842,129.995,4,6,"techno_experimental",0.76
73835,"2mUVRJuqQDjiQHzsQrZ0mg","Anthony Rother","Super Space Model","Don't Worry - Original",18,502609,FALSE,0.336,-10.52,1,0.367,0.000234,0.627,0.106,0.888,129.965,4,6,"techno_experimental",0.39
73841,"7aTsbBoGoSNy0r8yXncVFR","Paul Kalkbrenner","Superimpose","Far Away",18,366266,FALSE,0.419,-16.239,1,0.251,0.0134,0.873,0.112,0.423,135.982,4,6,"techno_experimental",0.47
73853,"3VwUw2BsgZ9D1U3uti1oRt","Tale Of Us;Vaal;Stephan Bodzin","Monument Remixes","Monument - Stephan Bodzin Remix",35,452920,FALSE,0.673,-12.146,1,0.0443,0.0122,0.863,0.119,0.0352,125.001,4,6,"techno_experimental",0.44
73860,"5noFr0H7xkDdpVa3jCdiDk","Maceo Plex","Nu World","Nu World",37,351723,FALSE,0.774,-7.377,1,0.0433,0.000514,0.626,0.0939,0.394,125.997,4,6,"techno_experimental",0.66
73876,"3yfk6YQF1NKFylgQVZ9gqR","Sebastian Mullaert;Laurence Guy;Subchamber Ensmble;Circle Of Live","Live at Malmö Live 2019","A - Live at Malmö Live 2019",17,279533,FALSE,0.669,-13.42,1,0.142,0.366,0.749,0.0804,0.468,120.019,4,6,"techno_experimental",0.22
73891,"2wFblS49qUyicuDXHcvSFD","Raumakustik","The Masquerade (Mixed by Claptone) [Mixed]","Raider - Mixed",18,359053,FALSE,0.974,-7.746,1,0.102,0.00221,0.883,0.151,0.439,123.039,4,6,"techno_experimental",0.19
73900,"5Xx57TQH1ZhmSGTADjhWne","Boston 168","Black Hole","Terror Acid",34,389420,FALSE,0.995,-8.674,1,0.0513,0.00137,0.894,0.0918,0.0421,127.982,4,6,"techno_experimental",0.17
73908,"6SWaPVw1U27HKNQ1311hSL","Einmusik","Caramel","Caramel",37,448057,FALSE,0.699,-9.76,0,0.0402,9.62e-05,0.862,0.0813,0.412,121.998,4,6,"techno_experimental",0.48
73915,"5BbafbYWCjtiwVbBJg4PH5","Booka Shade","Eve","Love Inc",45,361000,FALSE,0.736,-9.004,0,0.0511,0.00818,0.849,0.858,0.119,122.998,4,6,"techno_experimental",0.35
73918,"0tBEhAMtjtdmWbqmOYTMz6","Kolombo","Waiting For","Waiting For",18,403470,FALSE,0.591,-10.473,1,0.0441,0.000423,0.725,0.107,0.0776,104.999,4,6,"techno_experimental",0.68
73935,"5X92y382eZejxxp4KjWaJG","Jan Jelinek","La Nouvelle Pauvreté","Music To Interogate By",17,368893,FALSE,0.667,-11.146,1,0.0321,0.0418,0.887,0.385,0.493,123.757,4,6,"techno_experimental",0.41
73938,"4t5WN6vkYW97XO39sSrts2","Fritz Kalkbrenner","Grand Départ","Hearts & Hands",18,349271,FALSE,0.673,-13.003,0,0.0508,0.000126,0.58,0.0828,0.476,125.999,4,6,"techno_experimental",0.31
73940,"1fj6MBtTLNxeP40iH5G5e4","Marek Hemmann","In Between","Ntmyt",18,363826,FALSE,0.689,-9.818,1,0.0583,0.0108,0.883,0.273,0.682,124.011,4,6,"techno_experimental",0.45
73942,"2Ul7weM480YC6qYg9dVcRf","Minimal Vanessa","Playlist Nature Walking (Tour 1)","Witch Dance - Club Edit",17,159006,FALSE,0.882,-5.422,1,0.0385,0.000211,0.64,0.16,0.194,126.005,4,6,"techno_experimental",0.33
73946,"4DK9SUOnVliHTl0kVjROv0","Berlin Minimal","Playlist Nature Walking (Tour 1)","Surf Slide Minimal - Club Edit",17,155662,FALSE,0.874,-6.808,1,0.0373,0.000118,0.9,0.363,0.15,124.001,4,6,"techno_experimental",0.47
73970,"2mioFVFyXbANMZ0PcHE9tx","Catz 'n Dogz;Megane Mercury;Solomun","Kiki (Solomun Remix)","Kiki - Solomun Remix",35,520625,FALSE,0.597,-10.633,1,0.0681,0.00163,0.851,0.105,0.317,126,4,6,"techno_experimental",0.41
73974,"0YxbDAwpLlx1nxOxkBMcm4","Flug","Navigator EP","Navigator - (Original Mix)",16,354330,FALSE,0.866,-10.946,0,0.0437,0.000542,0.941,0.112,0.0317,131.013,3,6,"techno_experimental",0.26
73979,"4Y83oeCxGaHveG7SltVfhY","Lützenkirchen","Techno Top 50: Edition 2022","Run Coward Run",0,444923,FALSE,0.937,-7.2,0,0.0439,0.00118,0.886,0.0989,0.04,131.984,4,6,"techno_experimental",0.39
73986,"0I1Cwh35TzragHmaxCOk7D","Kangding Ray","Corpora Part III","Polyglot Blues",1,380099,FALSE,0.776,-13.877,0,0.0699,0.000192,0.803,0.149,0.0235,131.004,3,6,"techno_experimental",0.5
73994,"4VaDdlxgdWNAAXo9NLQ9QF","DI MI DO","Playlist Nature Walking (Tour 1)","Lock Me High - Helmut Wintermantel Mix",17,139306,FALSE,0.931,-5.104,0,0.0333,0.00155,0.832,0.169,0.0642,123.985,4,6,"techno_experimental",0.51
73998,"33Sa68125mjoyEV8pRYgN2","Simina Grigoriu;Moe Danger;Paul Kalkbrenner","Shark Island","Shark Island - Paul Kalkbrenner Remix",18,441109,FALSE,0.574,-10.288,1,0.0518,0.0343,0.74,0.122,0.263,127.014,4,6,"techno_experimental",0.71
73999,"6IOH9p0AZbyw3KsEPekvxo","Berlin Minimal;Kraftbrenner","Berlin Minimal Underground, Vol. 63","Alles klar! Ist der Beat schon da! Wir tanzen Hoppsasa! - Kraftbrenner Remix",17,193169,FALSE,0.892,-7.671,1,0.0698,0.000734,0.892,0.0862,0.281,123.985,4,6,"techno_experimental",0.21
74019,"1yWoLQD7RwwUgO7ZWJtHf6","MAR ABERTO","Telegrama","Telegrama",51,236162,FALSE,0.226,-14.557,1,0.128,0.423,0,0.0889,0.487,92.434,4,13,"brazil_gospel_trad",0.87
74058,"0jd5bGUSDGMjLMNlLHyCvY","Lado de Cá","Mistério","Mistério",47,195344,FALSE,0.548,-5.796,0,0.0276,0.247,0,0.104,0.103,133.064,4,13,"brazil_gospel_trad",0.65
74066,"7vMa1EWSLnbjSCcaniuZsL","Luiza Possi;Lulu Santos","Agridoce","Agridoce",47,157647,FALSE,0.782,-4.169,0,0.15,0.306,0,0.161,0.602,102.058,4,13,"brazil_gospel_trad",0.67
74077,"1HKPdrg02TfuNZK1Q0YIut","Tiê","iCollection","Amuleto",48,206585,FALSE,0.254,-7.968,1,0.0282,0.917,7.77e-06,0.104,0.382,94.616,4,13,"brazil_gospel_trad",0.72
74080,"7y6vnVnkRzcxUZMdoCaksh","Elza Soares;Chico Buarque","Do Cóccix Até o Pescoço","Façamos (Vamos Amar)",47,353346,FALSE,0.28,-7.606,0,0.0362,0.779,0,0.159,0.41,115.116,4,13,"brazil_gospel_trad",0.53
74089,"2306rS3JUCDgDoplIaKwQO","Renato Russo;Erasmo Carlos","Presente","A Carta",47,240613,FALSE,0.607,-5.054,1,0.0243,0.522,1.1e-05,0.0978,0.423,93.144,4,13,"brazil_gospel_trad",0.66
74090,"3ITKjAINIrsm72X8YUHDGH","Jorge Aragão","Ao vivo convida (Redux)","Falsa consideração - Ao vivo",48,228413,FALSE,0.623,-10.397,1,0.0663,0.41,3.61e-06,0.893,0.496,105.736,4,13,"brazil_gospel_trad",0.54
74092,"6N7tD8zXsfjC19RIHhzg4i","Kid Abelha","Só as Melhores do Pop Rock Brasileiro","Alice (Não me escreva aquela carta de amor)",0,188506,FALSE,0.7,-8.591,0,0.0847,0.085,0.245,0.103,0.951,177.588,4,13,"brazil_gospel_trad",0.76
74102,"2SZWtoroRuSM60jzsXqVc9","Luiz Gonzaga","Olha Pro Céu","Vem Morena",47,197226,FALSE,0.444,-13.842,0,0.0377,0.434,0,0.303,0.956,116.401,4,13,"brazil_gospel_trad",0.72
74105,"1sOoISLSEm5oyDkTfdxiph","Fran;Julio Secchin","Juntin","Juntin",46,179841,TRUE,0.565,-7.947,1,0.261,0.474,0,0.158,0.718,125.976,4,13,"brazil_gospel_trad",0.75
74113,"3kwaMUWsif5RqexF0YHoCk","Lagum","MEMÓRIAS (de onde eu nunca fui)","EU E MINHAS PARANOIAS",47,174957,FALSE,0.65,-5.882,1,0.026,0.0251,0.000904,0.518,0.906,105.951,4,13,"brazil_gospel_trad",0.93
74121,"6Cds1yaAqjemuebKt1DIKj","Detonautas Roque Clube","VI","Por Onde Você Anda?",48,241400,FALSE,0.608,-8.915,1,0.034,0.197,0.00297,0.103,0.312,160.212,4,13,"brazil_gospel_trad",0.79
74145,"3U8qMRVBBYTD46V9Y8d621","Elis Regina","Fiesta temática 70s","Como Nossos Pais",0,261600,FALSE,0.498,-7.658,1,0.0821,0.3,0,0.0734,0.478,143.721,3,13,"brazil_gospel_trad",0.63
74150,"63UoADn3f4l6Ie9adk5su9","Jorge Vercillo;Djavan","Final Feliz","Final Feliz",45,228093,FALSE,0.593,-7.012,0,0.0732,0.76,0,0.107,0.336,89.059,4,13,"brazil_gospel_trad",0.57
74153,"5QQQUig8yIgWG1Yyd3PcmZ","Mariana Nolasco","Mariana Nolasco","Que Seja Pra Ficar",45,222911,FALSE,0.372,-10.136,1,0.0333,0.635,0.000167,0.114,0.314,113.921,4,13,"brazil_gospel_trad",0.83
74165,"38xsb628AajcMiMOXr3MR6","Diego Karter","Recomeçar","Recomeçar",45,230792,FALSE,0.489,-8.908,1,0.0347,0.73,1.1e-05,0.12,0.233,86.042,4,13,"brazil_gospel_trad",0.87
74170,"5toSzfFqh7gfTLGWW3Z8Zv","Rita Lee;Roberto De Carvalho","Rita Lee","Doce Vampiro",45,268960,FALSE,0.493,-14.668,1,0.0454,0.366,0.000137,0.0873,0.831,135.481,4,13,"brazil_gospel_trad",0.83
74172,"6Uk9E5Ps5FvtYDpmjZ4EeI","Pitty","(Des) Concerto Ao Vivo","Pulsos - Ao Vivo",47,280093,FALSE,0.851,-5.436,1,0.054,0.153,3.49e-06,0.877,0.126,125.05,4,13,"brazil_gospel_trad",0.89
74173,"01Y6Ty0YJVGXWiJOK4zi0q","Diogo Nogueira;Zeca Pagodinho","Mais Amor","Quem Vai Chorar Sou Eu",46,242893,FALSE,0.609,-7.704,0,0.0498,0.684,2.21e-06,0.099,0.971,169.981,4,13,"brazil_gospel_trad",0.55
74176,"5ee2y1hdrYRYlGzKfkQdBw","Belchior","Belchior","Na hora do almoço",46,151739,FALSE,0.774,-4.345,1,0.0524,0.303,3.6e-06,0.0853,0.495,124.746,4,13,"brazil_gospel_trad",0.56
74189,"37i2AqYonqyW5MoGXCY0pG","Capital Inicial","Capital Inicial","Música Urbana - Versão Alternativa",47,211000,FALSE,0.76,-5.021,1,0.0771,0.0056,0.000128,0.109,0.801,172.947,4,13,"brazil_gospel_trad",0.48
74192,"1ePuI28sGPx7ROzKZBRbqS","Amelinha","Frevo Mulher","Frevo Mulher",46,241093,FALSE,0.474,-12.613,1,0.0398,0.51,4.56e-06,0.054,0.825,153.026,4,13,"brazil_gospel_trad",0.77
74196,"0UTvqpiYDAUkUE5C3bh0mJ","Leo Jaime","Nada Mudou (Box) [Remasterizado]","Gatinha Manhosa - Remasterizado",45,162080,FALSE,0.363,-8.672,1,0.0297,0.725,6.05e-05,0.0591,0.623,110.519,4,13,"brazil_gospel_trad",0.68
74203,"7oohAw9hiIMJqnewJ7vhOk","Luiz Gonzaga","Danado de Bom","Pagode Russo",45,131533,FALSE,0.925,-5.232,0,0.0367,0.355,0.000146,0.26,0.934,143.81,4,13,"brazil_gospel_trad",0.9
74206,"7zUSQpCMIWnoyFEZktrE6x","João Mar;Ventura","Gostosin (Acoustic)","Gostosin (Acoustic)",44,180333,FALSE,0.236,-11.109,1,0.0348,0.89,5.47e-06,0.111,0.317,90.012,4,13,"brazil_gospel_trad",0.72
74210,"5psIcronqyDyYWBVFNSyVh","Kid Abelha","Educação Sentimental","A fórmula do amor",45,300666,FALSE,0.735,-7.939,1,0.0277,0.0597,0.214,0.119,0.881,133.289,4,13,"brazil_gospel_trad",0.55
74217,"2bzOiMxPh7D8KAiWR9e41a","Lulu Santos","Focus - O Essencial de Lulu Santos","Toda Forma de Amor",45,223733,FALSE,0.832,-5.628,1,0.0357,0.14,7.5e-05,0.0758,0.83,137.87,4,13,"brazil_gospel_trad",0.75
74223,"0JzAvSqh26GYnj6uNKvUdJ","Flavio Venturini","Nascente","Espanhola",45,223173,FALSE,0.434,-10.807,1,0.0309,0.789,8.83e-05,0.33,0.471,126.417,3,13,"brazil_gospel_trad",0.66
74243,"1op8KW1iN0AY02YIxdYYVw","Zé Ramalho","Antologia Acústica","Garoto de Aluguel (Taxi Boy)",44,312360,FALSE,0.649,-10.186,0,0.0295,0.393,0.0295,0.137,0.513,89.866,4,13,"brazil_gospel_trad",0.55
74244,"3yfRDsK74hvMIBLR1VX3nO","Sandra De Sá","Sandra Sá","Retratos e Canções",46,234333,FALSE,0.4,-12.371,1,0.023,0.168,0,0.119,0.547,81.05,4,13,"brazil_gospel_trad",0.64
74252,"4aZ3Q0c3BJtj59wHXZAk8e","Kid Abelha","2 é Demais","Como eu quero",45,273426,FALSE,0.553,-12.287,0,0.0323,0.623,0.0343,0.119,0.459,127.934,4,13,"brazil_gospel_trad",0.87
74258,"50khO0Eyt5WqIN8D51ieJn","Jota Quest;Jão","Collab","Amor Maior",45,197277,FALSE,0.394,-11.954,1,0.0447,0.307,0,0.128,0.296,139.952,4,13,"brazil_gospel_trad",0.51
74281,"16fwY6w5p0f0i8mPl6pcsR","Nando Reis;Péricles","Vou Te Encontrar","Vou Te Encontrar",44,266641,FALSE,0.486,-11.893,1,0.0266,0.32,0.0332,0.132,0.297,144.042,4,13,"brazil_gospel_trad",0.57
74282,"0Q24mg3fSrFI12AIqF43JL","Frejat","Dose Dupla Frejat","Segredos",45,233533,FALSE,0.731,-5.189,1,0.0289,0.192,0,0.405,0.579,127.582,4,13,"brazil_gospel_trad",0.55
74294,"4cpdzzOLPuoRLnaJBcQFYp","Roupa Nova","Roupacústico (Ao Vivo)","Coração Pirata - Ao Vivo",44,265120,FALSE,0.617,-8.851,1,0.0295,0.64,0,0.808,0.377,97.032,4,13,"brazil_gospel_trad",0.76
74295,"0AzFuoLpUvehCep7QZNLzj","Barão Vermelho","Balada MTV","Enquanto ela não chegar",44,253733,FALSE,0.786,-6.569,1,0.0447,0.0684,5.66e-06,0.636,0.251,184.786,4,13,"brazil_gospel_trad",0.64
74296,"3SdJZFJWYHymvxUrMPAXdQ","Zé Ramalho","Zé Ramalho Ao Vivo 2005","Táxi Lunar (Ao Vivo)",44,237266,FALSE,0.933,-7.015,0,0.0796,0.0402,0.0298,0.927,0.687,150.743,4,13,"brazil_gospel_trad",0.62
74298,"6n4GPNskH2O3n8vm3NbxaT","Renato Russo;14 Bis","Presente","Mais Uma Vez - Remastered 2003",43,271026,FALSE,0.704,-5.073,1,0.031,0.139,0,0.122,0.527,100.765,4,13,"brazil_gospel_trad",0.83
74306,"0ooea8ptVQNZehNygA91ng","OUTROEU","Nós Dois","Nós Dois",44,176030,FALSE,0.78,-5.696,0,0.0262,0.0187,0.00109,0.255,0.794,132.021,4,13,"brazil_gospel_trad",0.89
74308,"1AGfDQZ5u3qw40oQeh5lY6","Bryan Behr","O Amor Descansa Na Varanda","O Amor Descansa Na Varanda",43,204998,FALSE,0.594,-9.029,1,0.0321,0.364,4.24e-06,0.172,0.713,88.007,4,13,"brazil_gospel_trad",0.72
74309,"78XXOxY988wZVJco4HzCji","Bala Desejo;Lucas Nunes;Zé Ibarra;Dora Morelenbaum;Julia Mestre","SIM SIM SIM","Dourado Dourado",43,341154,FALSE,0.499,-11.747,1,0.0583,0.545,0.00478,0.0842,0.581,143.417,4,13,"brazil_gospel_trad",0.85
74335,"7KxIXlW4NnEu0dGrDpdAOf","Roupa Nova","Roupacústico (Ao Vivo)","Amar É... - Ao Vivo",44,219786,FALSE,0.686,-10.011,1,0.0429,0.352,0,0.976,0.755,116.025,4,13,"brazil_gospel_trad",0.55
74339,"1IqxyDK5u3elMKZOE1fE1T","Leo Jaime","Nada Mudou (Box) [Remasterizado]","A Vida Não Presta - Remasterizado 2013",43,227400,FALSE,0.699,-5.965,0,0.0288,0.304,1.78e-06,0.363,0.529,90.284,4,13,"brazil_gospel_trad",0.8
74340,"2r0hewZwn4LqbWhqmNl0fV","Chico César","Um Barzinho, Um Violão Ao Vivo (Ao Vivo No Rio De Janeiro / 2001 / Vol. 1)","Filme Triste - Ao Vivo No Rio De Janeiro / 2001",44,165506,FALSE,0.422,-10.141,1,0.0653,0.802,0,0.722,0.687,128.789,4,13,"brazil_gospel_trad",0.74
74346,"2ciyvQ4LNxlquE8ch5Nnd5","Humberto Gessinger","Insular (Ao Vivo)","Ando Só - Ao Vivo",43,215546,FALSE,0.938,-5.098,1,0.0604,0.0227,5.43e-05,0.929,0.429,116.063,4,13,"brazil_gospel_trad",0.6
74347,"0EH6REBbNSU1Xgti81Owel","Pepeu Gomes","Meu Coração","Deusa do Amor",43,278466,FALSE,0.191,-10.987,1,0.0397,0.892,2.97e-06,0.111,0.272,113.017,4,13,"brazil_gospel_trad",0.52
74358,"7iHW8rBKb2Bt910LxiXejc","Cássia Eller;Renato Russo","Cássia Eller Em Casa","Vento No Litoral",43,356213,FALSE,0.537,-6.894,1,0.0287,0.402,0.000403,0.177,0.0758,117.732,4,13,"brazil_gospel_trad",0.59
74363,"60a5kYlSisLg8291QSfsh4","Diogo Nogueira","Bota Pra Tocar Tim Maia","Bota Pra Tocar Tim Maia",43,222577,FALSE,0.739,-5.827,1,0.0604,0.427,0,0.218,0.832,93.063,4,13,"brazil_gospel_trad",0.84
74371,"17rejvl74nQobqENTr7NgO","Paulinho Da Viola","Paulinho Da Viola","Coração Leviano",43,174720,FALSE,0.668,-9.562,0,0.0425,0.474,0.0026,0.0642,0.925,107.472,4,13,"brazil_gospel_trad",0.91
74375,"7iHXEw8MixfAK0PGTcihAN","Rachel Reis","Lovezinho","Lovezinho",44,159202,FALSE,0.789,-7.46,1,0.0375,0.565,0.0291,0.175,0.672,100.027,4,13,"brazil_gospel_trad",0.49
74380,"7yLysy4GtqecVYpC773q7g","Legião Urbana","A Tempestade","1° De Julho",44,290200,FALSE,0.638,-7.761,1,0.0372,0.217,0.015,0.0856,0.52,171.512,4,13,"brazil_gospel_trad",0.52
74388,"3TAxLyCtWcLqPBVE1rtj6k","Legião Urbana","O Descobrimento Do Brasil","Vamos Fazer Um Filme",44,261866,FALSE,0.437,-14.639,1,0.0297,0.414,0.0996,0.0713,0.844,117.738,4,13,"brazil_gospel_trad",0.63
74405,"4juBGpkEJrSbWUPUW0prlA","Luedji Luna","Bom Mesmo É Estar Debaixo D'Água","Bom Mesmo É Estar Debaixo D'Água",41,271293,FALSE,0.428,-12.406,0,0.0556,0.791,0.0192,0.0899,0.366,172.05,4,13,"brazil_gospel_trad",0.58
74413,"7dsFoAxXjAlvVOXhRkD4sb","Vicka","Como Eu Quero","Como Eu Quero",42,167717,FALSE,0.639,-7.474,1,0.0265,0.122,0.000146,0.0992,0.584,121.014,4,13,"brazil_gospel_trad",0.73
74414,"01LE9CWi7yaQOx3vWxwDHI","Gonzaguinha","Meus Momentos","Espere Por Mim, Morena",43,204933,FALSE,0.325,-12.039,1,0.0264,0.241,0,0.121,0.401,104.002,4,13,"brazil_gospel_trad",0.71
74428,"2mXxHFmB2uNStVGD6J60iU","Fábio Jr.","Fábio Jr. Ao Vivo","O Que e Que Há (Ao Vivo)",43,209066,FALSE,0.548,-8.978,1,0.0245,0.444,0.00183,0.782,0.349,96.007,4,13,"brazil_gospel_trad",0.66
74429,"6amL0iCFvigjfOy1ZCrb7H","Marisa Monte","Mais","Eu Sei (Na Mira)",41,161226,FALSE,0.464,-14.593,1,0.0385,0.346,2.2e-06,0.104,0.881,151.659,4,13,"brazil_gospel_trad",0.66
74433,"6TI4299mWjx2h9yE7Cikm7","Kid Abelha","Educação Sentimental","Lágrimas e chuva",43,273466,FALSE,0.816,-8.355,0,0.0531,0.0294,0.0175,0.0503,0.749,122.415,4,13,"brazil_gospel_trad",0.51
74438,"1MUoagfJ1ez2ojQQjvpNYq","Roupa Nova","Roupacústico (Ao Vivo)","Chuva de Prata - Ao Vivo",43,184080,FALSE,0.525,-12.653,1,0.0391,0.707,6.33e-06,0.696,0.628,121.772,4,13,"brazil_gospel_trad",0.59
74439,"4nbQx3shQNLs8ySv4uUV9L","Jorge Aragão;Elza Soares","Ao vivo convida (Redux)","Malandro - Ao vivo",42,334586,FALSE,0.697,-8.384,1,0.101,0.59,0.043,0.869,0.636,84.298,4,13,"brazil_gospel_trad",0.57
74445,"0VXs0RL3jKbbb5OqQouIBI","Oswaldo Montenegro","25 Anos","Intuição",42,235760,FALSE,0.567,-7.175,1,0.0348,0.375,0,0.981,0.437,99.24,4,13,"brazil_gospel_trad",0.9
74447,"0clzasfFot7kHYUvphsZmZ","Zélia Duncan","Pelo sabor do gesto em cena","Tudo Sobre Você",41,213640,FALSE,0.608,-9.519,1,0.0593,0.153,2.39e-06,0.713,0.499,94.014,4,13,"brazil_gospel_trad",0.83
74461,"21i5B2i5ZIcofVwjuo9LKG","Maria Bethânia;Zeca Pagodinho","De Santo Amaro a Xerém (ao Vivo)","Ogum / Oração de São Jorge - Ao Vivo",42,252692,FALSE,0.503,-11.759,1,0.143,0.642,0,0.202,0.605,87.038,4,13,"brazil_gospel_trad",0.76
74469,"1uo4DgQgu7RTK4NosZnXrC","Mc Tha","Rito de Passá","Comigo Ninguém Pode",43,196000,FALSE,0.645,-8.14,0,0.179,0.369,0.00387,0.178,0.671,150.098,4,13,"brazil_gospel_trad",0.86
74485,"2JWitcO95QYcP8tqIjsAOT","Gonzaguinha;Luiza Possi","Presente","Recado",43,234266,FALSE,0.454,-11.569,1,0.0577,0.861,1.49e-05,0.313,0.508,144.033,4,13,"brazil_gospel_trad",0.7
74486,"3HSySDVnUtfZMfSXC8rE2x","Sandy","Meu Canto - EP","Respirar",41,208893,FALSE,0.697,-6.083,1,0.0256,0.217,2.06e-05,0.128,0.401,90.014,4,13,"brazil_gospel_trad",0.4
74491,"61dSoUBsO1P0kggST5L9RQ","Zélia Duncan","Ressaquinha","Atrás da porta",0,285200,FALSE,0.191,-12.429,0,0.0288,0.878,0,0.0986,0.0769,77.944,4,13,"brazil_gospel_trad",0.78
74495,"1Hc8ZNJYZKSSlnpKHRRXkK","Paula Toller","Chill in Brazil","Eu quero ir pra rua",0,230560,FALSE,0.552,-9.553,1,0.0266,0.478,0.102,0.139,0.398,171.887,4,13,"brazil_gospel_trad",0.85
74496,"4Jpx1DL37PvEcP3egmYk2D","Benito Di Paula","Benito Di Paula Ao Vivo","Charlie Brown",42,286306,FALSE,0.754,-11.326,1,0.0906,0.368,2.44e-05,0.878,0.797,135.225,4,13,"brazil_gospel_trad",0.75
74506,"0sHrMYAINrZIgGgA9pr9YQ","Terno Rei","Violeta","Luzes de Natal",42,164000,FALSE,0.552,-8.01,0,0.0278,0.259,0.000177,0.207,0.307,84.684,4,13,"brazil_gospel_trad",0.75
74511,"0HTq5bN35IPxdhCNZQTXqQ","Os Paralamas Do Sucesso","Acústico (Live)","Uns Dias - Ao Vivo",43,242706,FALSE,0.837,-5.96,1,0.0324,0.241,3.4e-05,0.712,0.651,135.63,4,13,"brazil_gospel_trad",0.61
74519,"4wZF4yCk8H2n8wOoTwJRHj","Ellen Oléria","Ellen Oléria","Maria, Maria",42,128600,FALSE,0.745,-6.243,1,0.114,0.384,0,0.0661,0.349,135.415,4,13,"brazil_gospel_trad",0.69
74532,"0IVliQIAr5Mj7HL15m5tpp","Titãs","84 94 - Volume 1","Homem primata",44,210306,FALSE,0.731,-12.535,1,0.0314,0.00946,6.34e-06,0.0226,0.933,81.421,4,13,"brazil_gospel_trad",0.82
74544,"5BDiHXoVXj5JOoxJBQ9V5U","Chico Buarque","Almanaque","O Meu Guri",42,238373,FALSE,0.482,-13.419,1,0.0331,0.726,0.0125,0.218,0.862,135.657,4,13,"brazil_gospel_trad",0.54
74573,"4BQOiXerndu4D8zm3Y9hw1","Lulu Santos","O Último Romântico","Adivinha o quê",41,300933,FALSE,0.442,-13.497,0,0.0638,0.403,5.28e-05,0.057,0.968,118.839,4,13,"brazil_gospel_trad",0.66
74594,"0rwES3EzICSovqZsrZpImi","Maria Bethânia","Tempo, Tempo, Tempo, Tempo (ao Vivo)","Oração Ao Tempo - Ao Vivo",41,186083,FALSE,0.334,-10.399,1,0.105,0.78,0,0.675,0.333,75.696,4,13,"brazil_gospel_trad",0.67
74598,"2asip1Ar5XMeBenh8sJlhx","Raul Seixas","A Arte De Raul Seixas","Eu Também Vou Reclamar",42,201226,FALSE,0.854,-9.823,0,0.169,0.456,0,0.384,0.827,90.039,4,13,"brazil_gospel_trad",0.77
74600,"32Dc90Bn6NCKMPmdfprhFq","Julio Secchin","FESTA DE ADEUS","FESTA DE ADEUS",40,169108,FALSE,0.382,-8.601,1,0.0572,0.758,0.002,0.117,0.507,139.969,4,13,"brazil_gospel_trad",0.69
74636,"1l75b5q10NeaBkyMy18R5N","Jota Quest","Acústico Jota Quest","As Dores do Mundo - Acústico",42,305701,FALSE,0.73,-9.474,1,0.0581,0.384,0.000489,0.694,0.509,105.163,4,13,"brazil_gospel_trad",0.67
74643,"4481xl1y4aP0R23FqcCb1B","Roupa Nova","Roupacústico (Ao Vivo)","Roupa Nova - Ao Vivo",41,184186,FALSE,0.751,-8.879,0,0.0444,0.383,6.26e-06,0.969,0.74,154.857,4,13,"brazil_gospel_trad",0.81
74669,"1MkBh3awZuoZArtCmSmKR0","Vanessa Da Mata","Bicicletas, Bolos E Outras Alegrias","As Palavras",39,250520,FALSE,0.5,-9.163,1,0.038,0.357,0.00247,0.12,0.372,141.947,4,13,"brazil_gospel_trad",0.75
74674,"0gFClRvTNwENKa2lKgA84n","Almir Sater","Almir Sater","Chalana",41,137600,FALSE,0.0955,-19.042,1,0.0333,0.805,0,0.0763,0.249,182.929,3,13,"brazil_gospel_trad",0.52
74675,"2fL6P9bUWozes5xaHLddVT","Jota Quest;Natiruts","Reggae Town (feat. Natiruts)","Reggae Town (feat. Natiruts)",42,224533,FALSE,0.858,-6.361,0,0.0488,0.00662,2.45e-05,0.0597,0.628,92.994,4,13,"brazil_gospel_trad",0.63
74681,"3pVNmgQ1spL6XFqKsO0RO5","Jorge Aragão","Ao vivo","Pot-Pourri: Amor Estou Sofrendo / Que Nem Iôiô / Doce Inimigo - Ao vivo",40,488826,FALSE,0.818,-10.298,1,0.0441,0.679,0.755,0.756,0.886,104.407,4,13,"brazil_gospel_trad",0.75
74689,"41ogaJbAuFHioAi4FFirz6","Los Hermanos","Ventura","Tá Bom",40,138746,FALSE,0.472,-7.239,0,0.0304,0.745,4.71e-05,0.0984,0.837,98.099,4,13,"brazil_gospel_trad",0.58
74690,"0CfthwI2zWPVci5b2ZwA5F","Legião Urbana","Como E Que Se Diz Eu Te Amo (Ao Vivo / Vol. 1)","Os Anjos - Ao Vivo",41,149733,FALSE,0.966,-5.934,1,0.31,0.173,5.65e-05,0.483,0.217,177.177,4,13,"brazil_gospel_trad",0.74
74692,"6m3xyaUiqkNQCpuGFA5ABK","Fábio Jr.","Mega Hits - Fábio Jr.","Esqueça (Forget Him)",41,219493,FALSE,0.367,-12.251,1,0.0285,0.137,2.87e-05,0.171,0.142,113.25,4,13,"brazil_gospel_trad",0.83
74696,"7m74gDDWJmNjL1rUcWReuH","Barão Vermelho","Balada MTV","Eu queria ter uma bomba",41,193600,FALSE,0.629,-6.777,0,0.0342,0.252,0,0.699,0.41,140.734,4,13,"brazil_gospel_trad",0.64
74705,"0smziNaKAHooVJbHSJnzHw","Djavan","Djavan ""Ao Vivo""","Álibi (Ao Vivo)",40,213573,FALSE,0.404,-9.568,0,0.0546,0.342,2.73e-06,0.983,0.105,87.208,1,13,"brazil_gospel_trad",0.88
74710,"5TL6dxDpmHJRr302Q6Qaup","Cidade Negra","Hits","A Estrada",41,282093,FALSE,0.886,-5.799,1,0.0417,0.277,4.86e-05,0.184,0.853,96.12,4,13,"brazil_gospel_trad",0.54
74716,"1CfIImPi8U5OHOvLVsDPas","Lulu Santos","Pop Brasil","Um certo alguém",40,213573,FALSE,0.709,-11.404,1,0.0299,0.513,2.19e-06,0.088,0.84,134.682,4,13,"brazil_gospel_trad",0.72
74718,"1xN9kdNDIRmBLqujjYSbrZ","Maglore","III","Se Você Fosse Minha",42,229547,FALSE,0.759,-5.651,0,0.033,0.0131,0.0312,0.479,0.725,90.862,4,13,"brazil_gospel_trad",0.82
74737,"2bli33fs7ikTg3lxlQV8pA","Elba Ramalho;Dominguinhos","Baião De Dois","Gostoso Demais",40,234160,FALSE,0.606,-12.175,1,0.0664,0.599,9.33e-05,0.275,0.803,175.539,4,13,"brazil_gospel_trad",0.5
74745,"7CKRzfwesUElQPPtYM7Sv9","Almir Sater","Ensaio","Cabelo Loiro",41,59426,FALSE,0.297,-12.708,1,0.0543,0.949,1.4e-06,0.222,0.963,143.234,4,13,"brazil_gospel_trad",0.58
74749,"6v3eJQGg8UeJQYMj2uKvXB","Zélia Duncan","Zélia Duncan","Nos lençóis desse reggae",39,270160,FALSE,0.724,-7.28,1,0.0483,0.156,3.86e-05,0.0372,0.804,113.351,5,13,"brazil_gospel_trad",0.52
74750,"3RPbT6nXH5Vn5Ui7Gowh8d","Raul Seixas","Maluco Beleza","Sapato 36",41,199533,FALSE,0.5,-11.338,1,0.0422,0.0223,0,0.083,0.56,173.498,3,13,"brazil_gospel_trad",0.84
74766,"1IDozgb2HiuB31FXbUsvJJ","Capital Inicial","Rosas e Vinho Tinto","Olhos Vermelhos",41,213960,FALSE,0.455,-7.308,1,0.0287,0.0141,0,0.136,0.229,133.741,4,13,"brazil_gospel_trad",0.83
74777,"2N3xyXrk3mgMB0p8aaKvQx","Kid Abelha","Acústico (Live)","Eu Tive Um Sonho - Ao Vivo",41,197240,FALSE,0.751,-7.795,1,0.0276,0.185,0.000204,0.766,0.559,113.927,4,13,"brazil_gospel_trad",0.69
74799,"73Z9YSgWWkb8hYr5Kw5WBl","Pepeu Gomes","Meu Coração","Garota Dourada",40,272000,FALSE,0.219,-9.327,1,0.0306,0.798,0,0.141,0.251,123.131,4,13,"brazil_gospel_trad",0.49
74820,"2FCXCksVJ5NKZfI0vVi98x","Sandy","Lealdade Coragem Verdade (De “Mulan”)","Lealdade Coragem Verdade - De “Mulan”",38,164438,FALSE,0.385,-6.735,1,0.031,0.519,0,0.0911,0.451,142.807,3,13,"brazil_gospel_trad",0.61
74834,"2pkBfMJqLNvJoFsEXmgoJI","Roberto Carlos","Roberto Carlos (1978 Remasterizado)","Força Estranha - Versão Remasterizada",39,229360,FALSE,0.762,-5.19,0,0.0334,0.604,0,0.0815,0.732,122.457,4,13,"brazil_gospel_trad",0.76
74835,"24MXXeJEcB1ennbWoFAJMp","Vanusa","20 Super Sucessos: Vanusa","Mudanças",40,197930,FALSE,0.474,-7.286,0,0.0457,0.614,0,0.585,0.428,72.068,4,13,"brazil_gospel_trad",0.82
74846,"7CbogWJsD0zfxPXlIycfuH","Casuarina","Roda de Samba do Casuarina e Convidados","É isso aí - Isso é problema dela",40,239800,FALSE,0.733,-8.615,1,0.0442,0.658,0.0272,0.68,0.935,87.175,4,13,"brazil_gospel_trad",0.64
74864,"6R7Rmx1M2mQcH92evC3RMk","Diogo Nogueira","Samba de Verão_Sol","Andança",39,212739,FALSE,0.699,-6.06,1,0.0369,0.654,0.000146,0.207,0.591,143.994,4,13,"brazil_gospel_trad",0.76
74868,"2VeLmpN7EksyJ7WMFLyJ6T","Dalto","Guru","Anjo",39,197906,FALSE,0.389,-11.573,1,0.0384,0.685,0.000192,0.134,0.204,203.973,3,13,"brazil_gospel_trad",0.92
74878,"1XoqYXr8L0X7kpivUph328","Geraldo Azevedo","O Grande Encontro 3","Dona Da Minha Cabeça - Ao Vivo",39,241600,FALSE,0.693,-5.234,0,0.0841,0.611,0,0.97,0.614,142.064,4,13,"brazil_gospel_trad",0.9
74886,"5Y0fOjIwvBC7ZZC6l6dOPz","Novos Baianos","Infinito Circular (Ao Vivo)","Dê Um Rolê - Ao Vivo",41,196533,FALSE,0.55,-9.911,1,0.0662,0.188,0,0.754,0.391,138.276,4,13,"brazil_gospel_trad",0.7
74917,"35FvM6KK1NtLCMCjpro1st","Los Hermanos","""4""","Pois é",39,204026,FALSE,0.328,-8.88,0,0.0278,0.101,0.0107,0.0954,0.337,116.115,3,13,"brazil_gospel_trad",0.79
74922,"5enNdx4oAh9GK3sXWzpge4","Maglore","Veroz","Às Vezes um Clichê",41,200444,FALSE,0.816,-4.524,1,0.0274,0.0889,1.05e-05,0.193,0.874,124.932,4,13,"brazil_gospel_trad",0.76
74923,"4UB3rrg6yZ1RVu2iivIZOf","Jorge Vercillo;Péricles","Nas Minhas Mãos","Nosso Próprio Chão",39,224053,FALSE,0.61,-8.633,1,0.0553,0.621,0,0.267,0.775,171.736,4,13,"brazil_gospel_trad",0.52
74930,"0uqjxFoxuxd7XAA0YN55OM","Jota Quest;Marcelo Falcão","Multishow ao Vivo - Jota Quest - Folia & Caos","Me Deixa (feat. Marcelo Falcão) - Ao Vivo",40,440346,FALSE,0.945,-5.647,1,0.14,0.0402,0.000181,0.766,0.51,119.922,4,13,"brazil_gospel_trad",0.66
74937,"3q5Ze7QksOVd2ES9YzdfsE","Kid Abelha","Coleção","As curvas da estrada de Santos",40,262560,FALSE,0.674,-6.274,1,0.0296,0.0811,1.28e-06,0.105,0.422,77.46,4,13,"brazil_gospel_trad",0.74
74944,"5OijISff2hfWgcXsRg2c8G","Biquini Cavadão","Me Leve Sem Destino (Ao Vivo)","Quanto Tempo Demora Um Mês - Ao Vivo",40,224226,FALSE,0.674,-6.599,1,0.0298,0.5,0.0125,0.887,0.177,130.024,4,13,"brazil_gospel_trad",0.7
74954,"3ePhZfSQCXJWvPlUA3FSS5","Ivete Sangalo","Onda Boa Com Ivete","Embaraça No Beijo",40,244445,FALSE,0.822,-7.079,1,0.0904,0.0564,3.34e-06,0.182,0.795,119.915,4,13,"brazil_gospel_trad",0.76
74957,"3B5AhcFZeryVou3ColJsf9","Djavan","Djavan ""Ao Vivo""","Esquinas (Ao Vivo)",39,268773,FALSE,0.415,-10.38,0,0.0389,0.453,1.32e-06,0.862,0.0701,141.108,3,13,"brazil_gospel_trad",0.54
74960,"2G5N1R4OuLsMyVkVdWmbuG","Sandy","10:39","Tempo",37,235498,FALSE,0.206,-12.435,1,0.03,0.852,0.000104,0.114,0.337,152.364,3,13,"brazil_gospel_trad",0.76
74979,"1ALSR5ZNQa1xKwYclDs6Ry","Diogo Nogueira","Alma Brasileira (Ao Vivo / Edição Especial)","Não Sou Mais Disso / Tristeza - Ao Vivo",39,122942,FALSE,0.807,-6.576,0,0.0576,0.66,0,0.92,0.843,120.671,4,13,"brazil_gospel_trad",0.72
74996,"4BnHq38raeLi6Fs7tVlghm","Herbert Vianna","Victoria","Nada por Mim",37,103413,FALSE,0.225,-12.011,1,0.0537,0.882,0.00125,0.127,0.509,87.886,3,13,"brazil_gospel_trad",0.59
74998,"44SjBW2nkviJexwZssQ1Fi","Benito Di Paula","Benito Di Paula Ao Vivo","Do Jeito Que A Vida Quer/Como Dizia O Mestre - Live",39,366760,FALSE,0.777,-9.252,0,0.103,0.538,0,0.935,0.405,103.038,4,13,"brazil_gospel_trad",0.78
75000,"57h06SZNL6LJ3YKZ1UGCeu","Enigma","Love Sensuality Devotion: The Greatest Hits","Sadeness",62,255533,FALSE,0.644,-9.547,1,0.0338,0.0928,0.0472,0.092,0.49,95.647,4,1,"atmospheric_meditative",0.44
75017,"02xd7yuAEiLOF7rt4zlPep","Yiruma","The Rewritten Memories","River Flows in You - Orchestra Version",57,285251,FALSE,0.201,-14.365,0,0.0355,0.915,0.943,0.113,0.0398,74.351,3,1,"atmospheric_meditative",0.77
75069,"3QtHTf3nCvBNGikAMynXso","Miriam Stockley","Janbaaz","Give Me Love - Janbaaz / Soundtrack Version",24,334906,FALSE,0.893,-7.827,1,0.357,0.342,0.000648,0.273,0.601,125.486,4,1,"atmospheric_meditative",0.64
75082,"54G9aLjJ86I1r4KQgqqz63","Secret Garden","You Raise Me Up - The Collection","Song From A Secret Garden - Piano Solo Version",53,124893,FALSE,0.0467,-23.576,0,0.0821,0.991,0.957,0.241,0.304,114.713,4,1,"atmospheric_meditative",0.67
75083,"2S0sTz1lrEu4R82mA572Cb","Yiruma","The Rewritten Memories","Kiss the Rain - Orchestra Version",50,285632,FALSE,0.22,-13.912,1,0.0319,0.955,0.897,0.11,0.0701,101.147,4,1,"atmospheric_meditative",0.84
75088,"1L4mI0W77dkLDVYCpagz2n","Paul Cardall","Primary Worship","I Feel my Saviors Love",30,207093,FALSE,0.114,-18.905,1,0.0465,0.989,0.904,0.0925,0.298,93.812,3,1,"atmospheric_meditative",0.8
75097,"5sXBcXl9EiTNE4jtbPDlzh","Tony O'Connor","Rainforest Magic (30th Anniversary Edition)","Living Galleries (30th Anniversary Edition)",35,600493,FALSE,0.16,-17.821,1,0.0391,0.81,0.0776,0.38,0.0397,130.422,4,1,"atmospheric_meditative",0.78
75098,"1yOsOTiSKeEGmHQ1xGKquH","Tony O'Connor","Rainforest Magic (30th Anniversary Edition)","Mountain Forests (30th Anniversary Edition)",35,710533,FALSE,0.346,-18.501,1,0.044,0.783,0.655,0.193,0.159,78.713,4,1,"atmospheric_meditative",0.78
75132,"4NMKHE6Ar73zn5beYul8HY","Dan Gibson's Solitudes","Piano Cascades","Wishing",29,402679,FALSE,0.225,-19.73,1,0.0421,0.967,9.45e-05,0.248,0.143,107.191,3,1,"atmospheric_meditative",0.6
75141,"2s9XDRwPTUVFYUOPqNRAl5","Dan Gibson's Solitudes","Calm the Mind","Introspection",28,317113,FALSE,0.0373,-23.666,0,0.0345,0.966,0.847,0.677,0.0389,45.327,4,1,"atmospheric_meditative",0.8
75155,"32qynHNv0I3dznHnsNbgcN","B-Tribe","Spiritual Spiritual","The Sun",48,185440,FALSE,0.219,-17.783,0,0.0315,0.841,0.915,0.263,0.038,116.484,4,1,"atmospheric_meditative",0.72
75176,"1uMQSGJh9rpzY4CTDARhbV","Peter Kater;R. Carlos Nakai","Ritual","Offering",27,414040,FALSE,0.0981,-19.857,0,0.0403,0.99,0.931,0.275,0.0711,57.385,4,1,"atmospheric_meditative",0.78
75185,"7Fef812I3O0k9OHTOn1e2Y","Dan Gibson's Solitudes","Calm the Mind","Infinite Calm",28,307175,FALSE,0.11,-24.43,1,0.0524,0.948,0.875,0.134,0.157,49.594,4,1,"atmospheric_meditative",0.67
75186,"6akyKhhpe57p8Y36p4yBSl","Llewellyn","Reiki","Hidden Pathways",27,311480,FALSE,0.122,-21.868,1,0.0364,0.935,0.943,0.0683,0.0379,77.452,3,1,"atmospheric_meditative",0.75
75190,"2Jwyw9QNc0oNQp3UX3NXCr","Dan Gibson's Solitudes","Calm the Mind","Reflections of Clouds",27,382082,FALSE,0.0212,-25.131,1,0.0397,0.94,0.885,0.543,0.0906,103.193,4,1,"atmospheric_meditative",0.69
75198,"0kGfeyU6pUUtvjOr90xhCh","Clannad","Legend","Strange Land - Remastered 2003",28,191853,FALSE,0.219,-16.037,1,0.03,0.716,0.489,0.131,0.21,177.247,4,1,"atmospheric_meditative",0.76
75218,"5mbMb2BY8o0dqSIJ9cQZXs","Yanni","In My Time","To Take ...To Hold",42,242293,FALSE,0.135,-18.982,1,0.0355,0.979,0.948,0.0905,0.083,112.059,4,1,"atmospheric_meditative",0.89
75233,"3gCUObQrCFxUGAgEOHfDLl","Jim Brickman","Soothe, Vol. 5: Lullaby Dreams - Music for a Peaceful Escape","London Bridge",25,181169,FALSE,0.0616,-21.127,1,0.0409,0.983,0.92,0.0852,0.137,115.953,4,1,"atmospheric_meditative",0.73
75236,"0f2Z6At02oFs7Ujt4sabcd","Robert Haig Coxon","Prelude to Infinity","Dreaming",26,337880,FALSE,0.0294,-26.125,0,0.0351,0.99,0.949,0.126,0.0882,70.211,4,1,"atmospheric_meditative",0.44
75239,"2YVY683i33BIEGMXoJJHWC","Dan Gibson's Solitudes","Natural Stress Relief","Velvet Rain",26,887836,FALSE,0.0726,-26.204,1,0.0415,0.901,0.432,0.886,0.0381,116.622,4,1,"atmospheric_meditative",0.49
75249,"2hNrGnVySzBMqIQxhklek1","Jim Brickman","Destiny","Crossroads",25,186760,FALSE,0.298,-14.659,1,0.0456,0.952,0.855,0.119,0.382,113.749,4,1,"atmospheric_meditative",0.73
75256,"6vYYdK6VdU1c3X5WinwjPZ","Chad Lawson","irreplaceable (solo piano)","irreplaceable - solo piano",44,267451,FALSE,0.0388,-28.428,0,0.0462,0.938,0.922,0.105,0.129,125.098,4,1,"atmospheric_meditative",0.77
75264,"2fQYrt0xsPSvRtCCWy7l56","Yanni","If I Could Tell You","A Walk in the Rain",38,298440,FALSE,0.562,-12.628,0,0.031,0.479,0.864,0.113,0.425,150.028,1,1,"atmospheric_meditative",0.66
75266,"7oY7CNk9rtJShki9P25ohi","Yanni","In My Time","Before I Go",41,273640,FALSE,0.135,-19.767,1,0.0308,0.947,0.944,0.0907,0.078,94.762,4,1,"atmospheric_meditative",0.6
75305,"3VULsG4EYyGtH2KSR839wb","Enigma","Seven Lives Many Faces","Touchness",41,215806,FALSE,0.565,-8.186,0,0.0599,0.0722,0.74,0.181,0.228,177.399,4,1,"atmospheric_meditative",0.38
75314,"5Q2GzK2v317XDi54nmgnU4","Ann Sweeten","A Place in the Sun","Echoes",24,187733,FALSE,0.171,-17.621,1,0.0339,0.974,0.937,0.0958,0.0698,65.834,3,1,"atmospheric_meditative",0.54
75326,"6cnSLJOo5A4tcZ6TPZnCI2","Deuter","Spiritual Healing","Dawn Mist - The Temple",25,450480,FALSE,0.0257,-26.602,0,0.0379,0.978,0.936,0.0932,0.0695,87.447,4,1,"atmospheric_meditative",0.5
75339,"4pN1vkOPYK78Ab8mrUU206","Jim Brickman;Jordan Hill;Billy Porter","Destiny","Destiny (feat. Jordan Hill & Billy Porter)",54,227773,FALSE,0.52,-7.157,1,0.0255,0.418,0,0.365,0.342,113.732,4,1,"atmospheric_meditative",0.67
75340,"5Anisqmfjm2CbWm7BMv6Vk","George Winston","Plains","Graduation",24,107946,FALSE,0.0928,-18.296,1,0.052,0.973,0.915,0.113,0.0791,128.407,4,1,"atmospheric_meditative",0.68
75352,"2Az3rgDFpLyH3qQkPetdwK","Yanni","In His Purest Form","If I Could Tell You",35,380795,FALSE,0.208,-13.376,0,0.0388,0.988,0.881,0.148,0.113,113.125,4,1,"atmospheric_meditative",0.86
75357,"64OlZKmXv3TUnPIWTkThV6","Stive Morgan","The Crossroads of Time","Wandering Soul",42,436431,FALSE,0.558,-12.677,0,0.0466,0.757,0.875,0.0688,0.454,84.983,4,1,"atmospheric_meditative",0.59
75365,"0aCEmJYdxvWOc56njkmyxH","Jim Brickman","Soothe: Music To Quiet Your Mind & Soothe Your World (Vol. 1)","Fly",23,341519,FALSE,0.1,-20.593,1,0.0323,0.983,0.898,0.36,0.133,109.321,3,1,"atmospheric_meditative",0.59
75366,"0EZczyRdMplBsccyVDBiHv","Michael Hoppé;Martin Tillman;Tim Wheater","Afterglow","The Listening Wind",23,227200,FALSE,0.13,-18.926,1,0.0373,0.797,0.896,0.121,0.331,117.554,4,1,"atmospheric_meditative",0.75
75369,"6pWqezJBW5DYCuYlLug4fC","Will Ackerman","Relaxation: A Windham Hill Collection","Big Thing In The Sky",24,396600,FALSE,0.00571,-27.969,1,0.0386,0.961,0.825,0.0917,0.154,173.553,4,1,"atmospheric_meditative",0.88
75379,"7gfGzFl34NlkNWurvDgyRk","Karen Marie Garrett","It's About the Rose","It's About the Rose in the Vase on the Table",23,304013,FALSE,0.137,-20.054,1,0.0397,0.926,0.874,0.114,0.0399,111.549,4,1,"atmospheric_meditative",0.73
75386,"3XhxhwqJaSF4BkCVWigHig","George Winston","Night","Wahine Hololio",23,373986,FALSE,0.00873,-20.697,0,0.067,0.992,0.817,0.0925,0.31,132.482,4,1,"atmospheric_meditative",0.76
75387,"1EMSJMfd1lFvJtggclY05l","Ann Sweeten","Where Butterflies Dance","Migration",23,284373,FALSE,0.141,-19.125,0,0.0334,0.978,0.883,0.103,0.206,135.356,3,1,"atmospheric_meditative",0.77
75401,"3CGueOc6mRUes0CS6b2ral","Enigma","Le Roi Est Mort, Vive Le Roi!","Almost Full Moon",41,206226,FALSE,0.502,-15.055,0,0.0469,0.0719,0.755,0.145,0.598,62.983,4,1,"atmospheric_meditative",0.66
75403,"1XL4uJAU8BL1RWgP1GCgwQ","Enigma","A Posteriori","Eppur Si Muove",40,221160,FALSE,0.461,-16.296,0,0.0532,0.934,0.821,0.0809,0.0368,119.998,3,1,"atmospheric_meditative",0.64
75407,"2bmOc8K8rilxdij1X8TKe9","Enigma","Seven Lives Many Faces","Fata Morgana",39,203546,FALSE,0.375,-14.506,0,0.0497,0.293,0.286,0.115,0.237,183.96,4,1,"atmospheric_meditative",0.82
75411,"5RVcMhbIaIfekTjo7zL8ij","Deuter;Annette Cantor","Garden of the Gods","Temple of Silence",53,556240,FALSE,0.2,-20.036,0,0.0383,0.982,0.972,0.0454,0.0372,99.461,4,1,"atmospheric_meditative",0.73
75418,"3Ly3EBaIiwwgICBC7FdGel","Aeoliah","The Other Side Of The Rainbow","Twin Flames Rising",24,253240,FALSE,0.0597,-24.436,1,0.046,0.994,0.932,0.0863,0.107,86.195,4,1,"atmospheric_meditative",0.63
75431,"3EPuMeo5nNLvQRRD8fE850","Jim Brickman","Soothe, Vol. 5: Lullaby Dreams - Music for a Peaceful Escape","Rock-A-Bye Baby",22,144356,FALSE,0.0901,-18.261,1,0.0332,0.986,0.965,0.0873,0.156,67.849,4,1,"atmospheric_meditative",0.76
75441,"7M8xIYfFQgWTI3eHeA2Ln7","Dan Gibson's Solitudes","Sweet Dreams","Twinkle, Twinkle, Little Star",23,205733,FALSE,0.176,-15.73,1,0.0482,0.987,0.81,0.107,0.225,78.369,4,1,"atmospheric_meditative",0.79
75442,"6wldfVK5UwrzXMuFY5U3ol","Andreas Vollenweider;Walter Keiser;Pedro Haldemann","White Winds (Seeker's Journey)","Brothership",23,207840,FALSE,0.482,-11.648,1,0.0397,0.807,0.00828,0.187,0.254,133.41,3,1,"atmospheric_meditative",0.52
75443,"7bhTBfGJnAd9BAoF4LWKsz","Dan Gibson's Solitudes","Dolphin Dreams","In Their Gentle Presence",23,384753,FALSE,0.143,-25.143,0,0.0379,0.978,0.774,0.334,0.0645,120.107,4,1,"atmospheric_meditative",0.67
75448,"43Rtr7QpSPTHcFVru79fXm","Tony O'Connor","Uluru","Deserk Oak",24,266826,FALSE,0.128,-21.931,1,0.0273,0.773,0.953,0.111,0.294,199.776,3,1,"atmospheric_meditative",0.72
75451,"3zFLqLlp8jnOSJJW9p8Iwh","Yanni","If I Could Tell You","November Sky",35,286373,FALSE,0.541,-11.245,0,0.0264,0.395,0.955,0.0778,0.508,93.241,4,1,"atmospheric_meditative",0.5
75452,"1FY2Ajg1MtXK05qxXD2q1O","Deep Forest","Eponymous (Version 2021)","Sweet Lullaby - Version 2021",33,232000,FALSE,0.504,-13.128,0,0.041,0.228,0.371,0.102,0.468,90.044,4,1,"atmospheric_meditative",0.58
75459,"1d6KC8pW1xegjOHNSVnpeG","Jim Brickman","By Heart","Looking Back",22,192093,FALSE,0.087,-18.895,1,0.0452,0.964,0.903,0.0865,0.11,127.683,4,1,"atmospheric_meditative",0.68
75463,"66rs9D7wDSIwhZ7sPoBFYD","Gary Stadler","Fairy Lullabies","Fly Away Lullaby",23,345093,FALSE,0.11,-21.194,1,0.0347,0.988,0.944,0.124,0.057,68.475,4,1,"atmospheric_meditative",0.51
75474,"3wotj7DBWBhoWBLtyTYlKU","George Winston","Night","Dawn",22,184346,FALSE,0.00219,-21.137,1,0.0589,0.994,0.596,0.132,0.199,133.476,1,1,"atmospheric_meditative",0.82
75478,"5BtbUCNouclA25pfuBpDwX","Dan Gibson's Solitudes","Zen Escape","Reunion of Joy",23,81573,FALSE,0.544,-19.015,1,0.193,0.971,0.0489,0.68,0.0342,114.887,4,1,"atmospheric_meditative",0.79
75483,"6GK9nSRIhiGJU0RpagRTd5","Deuter","Bamboo Forest","Hollow Bamboo 2",23,371400,FALSE,0.00789,-31.222,0,0.0451,0.992,0.62,0.073,0.0459,74.375,4,1,"atmospheric_meditative",0.74
75504,"0aDl3mGEr6eZcSwoJo91Np","Chad Lawson;Royal Philharmonic Orchestra;James Southall","irreplaceable","irreplaceable",53,271943,FALSE,0.0747,-24.201,0,0.0437,0.95,0.935,0.0978,0.126,117.686,4,1,"atmospheric_meditative",0.84
75511,"6wvpbnVPMvilYjFU9nszxX","Will Ackerman;Eugene Friesen;Tom Eaton","Positano Songs","For Carmine",22,280320,FALSE,0.231,-18.024,1,0.0369,0.989,0.95,0.112,0.126,101.056,3,1,"atmospheric_meditative",0.79
75514,"5VHt3nt8eIfnSLkOK7K1DL","Aeoliah","The Best of Aeoliah","Hearts of Fire",23,370533,FALSE,0.0697,-23.788,0,0.0376,0.941,0.757,0.109,0.0339,85.116,4,1,"atmospheric_meditative",0.56
75525,"46kppu26C3YXdSuRZ8lwD2","Dan Gibson's Solitudes","Dolphin Dreams","Dolphin Dreams",22,398685,FALSE,0.0695,-28.95,0,0.0374,0.982,0.963,0.372,0.0863,68.067,3,1,"atmospheric_meditative",0.75
75533,"6HYBcn4WJp5DitDSf6GS1G","Nightnoise","Something Of Time","Perchance To Dream",22,298466,FALSE,0.138,-20.625,1,0.0391,0.935,0.544,0.103,0.17,84.235,4,1,"atmospheric_meditative",0.33
75538,"6RywyLbrxhY5Ds7Ba2OT9Y","Paul Cardall","Hymns","He Is Risen",22,155333,FALSE,0.202,-13.459,1,0.048,0.958,0.894,0.0881,0.277,144.103,4,1,"atmospheric_meditative",0.74
75540,"3UPxTUgfoxubx8fC3wOJ0P","Dan Gibson's Solitudes","Dolphin Dreams","Angels of the Reef",22,350201,FALSE,0.11,-26.081,1,0.0442,0.977,0.741,0.702,0.0449,83.687,4,1,"atmospheric_meditative",0.85
75544,"55MdAcOd84Lhy32ueDEWtw","Tony O'Connor","Aqua Zone","Rendezvous",23,454346,FALSE,0.178,-17.779,1,0.0376,0.795,0.874,0.102,0.2,115.836,4,1,"atmospheric_meditative",0.85
75551,"3P9lW9xTkSp72M8bUSBRVC","Yiruma","f r a m e","Walking In The Forest",43,187250,FALSE,0.128,-16.846,1,0.0387,0.988,0.919,0.106,0.0578,93.158,3,1,"atmospheric_meditative",0.49
75560,"2U23anbtk7V1UpCSFXzFAm","Yiruma","The Best - Reminiscent 10th Anniversary","Wait There",45,246426,FALSE,0.15,-19.021,1,0.0523,0.989,0.931,0.0749,0.212,138.303,4,1,"atmospheric_meditative",0.69
75579,"2poZWH1kqsKOrglRQSN9a0","George Skaroulis","Reunion","Tree Of Life",21,308440,FALSE,0.0766,-24.488,0,0.0368,0.969,0.936,0.119,0.0733,107.474,4,1,"atmospheric_meditative",0.83
75585,"6TDQWNoeHDx6c7aMLPMR7n","Brad Jacobsen","Pastorale: Solo Piano Hymns","Sweet Hour of Prayer / Did You Think to Pray?",23,263133,FALSE,0.086,-17.004,1,0.0545,0.991,0.947,0.158,0.265,88.918,1,1,"atmospheric_meditative",0.67
75589,"3D6HZA8x00FrHTPzJ2aQbi","Liquid Mind","Liquid Mind XI: Deep Sleep","Compassion, Pt. 2",25,386120,FALSE,0.14,-22.131,1,0.0406,0.942,0.946,0.131,0.0306,84.183,4,1,"atmospheric_meditative",0.77
75596,"1z4xKO3Aoy5QbYJkZ3O94X","Tony O'Connor","Aqua Zone","Seeker",22,506760,FALSE,0.228,-18.67,0,0.0381,0.916,0.733,0.472,0.086,65.25,3,1,"atmospheric_meditative",0.76
75611,"4k5bHTRIX9HeWhNzH0h3zj","Yiruma","The Best - Reminiscent 10th Anniversary","Sky",44,310880,FALSE,0.229,-18.655,1,0.0447,0.99,0.862,0.164,0.127,105.314,5,1,"atmospheric_meditative",0.58
75614,"42elEHkMJeRbFg1GSTofPP","Dean Evenson","Ocean Dreams","Will You Hear Me",22,804693,FALSE,0.308,-17.273,0,0.0545,0.982,0.854,0.144,0.104,77.809,4,1,"atmospheric_meditative",0.7
75615,"7mFEpQCdAGSgTwAPe33gIl","Peter Davison","Adagio: Music For Yoga","Vines of Light",22,481620,FALSE,0.0149,-32.19,1,0.0442,0.99,0.943,0.122,0.0982,71.821,4,1,"atmospheric_meditative",0.7
75617,"6nbEAEwMMTMFkifxQQPovY","Brian Crain","Solo Piano Lullabies","Michelle",21,184511,FALSE,0.106,-20.812,0,0.0484,0.992,0.939,0.111,0.127,119.065,4,1,"atmospheric_meditative",0.63
75618,"2eTRqllk2ANQO7wwMkidwL","Danny Wright","And The Oscar Goes To: 20 Academy Award Honored Favorites","Colors Of The Wind (From ""Pocahontas"")",46,205533,FALSE,0.0801,-21.241,0,0.0456,0.992,0.887,0.113,0.138,67.516,3,1,"atmospheric_meditative",0.42
75625,"7qD4aSbbZT1Z5guskaz2eG","Peter Kater","Elements Series: Etheria","Waxing Moon",21,467565,FALSE,0.268,-12.475,0,0.0309,0.982,0.912,0.0703,0.0926,59.942,4,1,"atmospheric_meditative",0.73
75630,"2SoSGYQtl4lYPGT4uq175G","Gomer Edwin Evans","Dreams Of Harmony : Meditationsmusik für Kinder","Melody of the Wind",22,573173,FALSE,0.134,-17.076,1,0.0374,0.933,0.34,0.0936,0.329,130.182,3,1,"atmospheric_meditative",0.61
75631,"6oJ7tTNSGg64S9XoiuldHh","Dan Gibson's Solitudes","Natural Anti-Stress","Ciel de Sienne",22,902720,FALSE,0.145,-20.95,0,0.0512,0.888,0.765,0.66,0.0824,121,4,1,"atmospheric_meditative",0.69
75644,"1lWeJi3pvRnEkxYKTLRks3","George Winston","Plains","Cloudburst",21,190315,FALSE,0.311,-17.47,1,0.0335,0.967,0.956,0.177,0.171,101.797,4,1,"atmospheric_meditative",0.68
75649,"6l58hXPMNIl2pYQP8o6Tkp","George Winston","Linus & Lucy - The Music of Vince Guaraldi","Charlie Brown and His All-Stars",21,114510,FALSE,0.538,-13.164,1,0.0385,0.989,0.911,0.127,0.242,151.026,4,1,"atmospheric_meditative",0.85
75663,"2qT90tvGNB79FeVdzRTT3Q","Bernward Koch","Gentle Spirit","Under Trees",50,228213,FALSE,0.159,-14.334,1,0.0299,0.936,0.959,0.113,0.0869,61.355,4,1,"atmospheric_meditative",0.34
75668,"4s9MoT5VNVuDlz3wSx3XWN","Robert Haig Coxon","The Silent Path","Infinity",22,408533,FALSE,0.133,-20.366,0,0.04,0.882,0.94,0.0684,0.0389,142.083,4,1,"atmospheric_meditative",0.74
75687,"0aADew3ogSPmeFA2dK4dPe","Will Ackerman","Conferring With The Moon","Climbing in Geometry",22,371133,FALSE,0.182,-18.853,1,0.0314,0.905,0.913,0.0878,0.17,155.527,4,1,"atmospheric_meditative",0.68
75698,"2T26QRSozPXyfZWuM9dYMQ","George Winston","Linus & Lucy - The Music of Vince Guaraldi","Theme to Grace / Lament",21,309016,FALSE,0.0171,-18.906,1,0.102,0.988,0.923,0.113,0.176,73.269,3,1,"atmospheric_meditative",0.64
75702,"3eTkGlxdDL66WJewOd7GP0","Yiruma","SOLO","Sometimes Someone",41,204044,FALSE,0.224,-17.388,1,0.0735,0.99,0.909,0.145,0.175,71.394,3,1,"atmospheric_meditative",0.65
75712,"3peVB2RLVXChGN1kH5cQlm","James Todd","Quiet Beauty","Quasi-Modal",20,242240,FALSE,0.18,-14.357,1,0.0344,0.989,0.858,0.12,0.289,111.571,3,1,"atmospheric_meditative",0.66
75723,"4zUQHui6GGlEkzgNJmDFyr","Robin Spielberg","With a Song in My Heart","That's All",21,196813,FALSE,0.236,-15.547,0,0.035,0.989,0.894,0.147,0.287,132.402,3,1,"atmospheric_meditative",0.66
75738,"6JMGkGByI6xmnCIvT2RKgX","Clannad","Clannad","Thios Chois Na Tra Domh",21,187346,FALSE,0.248,-14.033,1,0.0313,0.798,0,0.896,0.529,108.436,3,1,"atmospheric_meditative",0.74
75748,"6Ex7CRCo32AUUFhLW58XZn","Tony O'Connor","Memento","September Moon",21,566280,FALSE,0.186,-15.896,0,0.0279,0.882,0.908,0.173,0.317,104.999,4,1,"atmospheric_meditative",0.79
75758,"2BpiNvXMVZnAXGnLrMitZp","Gregorian","Masters of Chant X: The Final Chapter (Tour Edition)","Shout",21,299889,FALSE,0.748,-7.344,0,0.0308,0.0198,0.00992,0.157,0.303,98.014,4,1,"atmospheric_meditative",0.83
75764,"4BHOr0zMeC7aoJn61EAj4O","Jim Brickman","Timeless","Moon River",20,245360,FALSE,0.14,-16.321,1,0.0414,0.964,0.927,0.108,0.129,111.993,1,1,"atmospheric_meditative",0.63
75770,"1oradxvpBThBxQSwgwEZcA","Jim Brickman","By Heart","Nothing Left To Say",20,235840,FALSE,0.0733,-21.871,1,0.0737,0.981,0.903,0.141,0.136,103.499,1,1,"atmospheric_meditative",0.7
75785,"0oWbUe1JHXULEq6FLkg8OW","Michael Allen Harrison","Disney Dreams","Little April Showers",20,149236,FALSE,0.234,-17.867,1,0.0358,0.993,0.925,0.101,0.152,93.296,4,1,"atmospheric_meditative",0.63
75789,"4QJ0kF9VA2xcuErZYunvU9","Gomer Edwin Evans","Gute-Nacht-Musik: Einschlafmusik für Kinder","Im Wunderland, Pt. 1",21,219146,FALSE,0.109,-16.602,1,0.0349,0.976,0.115,0.098,0.063,140.736,4,1,"atmospheric_meditative",0.48
75794,"0LInuWCPs3opFifdI1yP2h","Brian Crain","Solo Piano Lullabies","She's Leaving Home",20,213628,FALSE,0.0943,-20.965,1,0.0331,0.981,0.849,0.143,0.287,70.532,4,1,"atmospheric_meditative",0.8
75795,"1T7QAliOBS2iHntHcTs6jI","Mike Rowland","Arc-En-Ciel: The Healing","The Other Side",21,348493,FALSE,0.17,-14.268,1,0.0319,0.902,0.84,0.0965,0.121,82.104,4,1,"atmospheric_meditative",0.8
75813,"4ZJv4VgIP6fXezsrkWxPUw","Emile Pandolfi","By Request","Memory",21,166466,FALSE,0.199,-19.193,1,0.0348,0.991,0.895,0.12,0.0963,131.775,5,1,"atmospheric_meditative",0.68
75816,"6zbbRoOZLFdJ0UwMggOItk","Stive Morgan","Earth Breath","If Will Come Tomorrow",38,336998,FALSE,0.741,-10.466,0,0.0286,0.776,0.961,0.11,0.202,96.994,4,1,"atmospheric_meditative",0.86
75829,"3CQfMzLxTO5tOMHzBhskB3","Dan Gibson's Solitudes","Zen Escape","Path to Enlightenment",20,385227,FALSE,0.125,-18.41,0,0.0376,0.987,0.796,0.949,0.0406,81.466,4,1,"atmospheric_meditative",0.54
75836,"71QWBr5CLcQFXkXgzrg3Iy","Tony O'Connor","Dreamtime","Magic",21,532906,FALSE,0.0213,-24.777,1,0.041,0.988,0.843,0.0766,0.194,91.802,4,1,"atmospheric_meditative",0.83
75840,"7yGylWTbj8YIslRvmJJOoI","Dan Gibson's Solitudes","Island Spa","Island Smile",21,368708,FALSE,0.0398,-34.71,1,0.0434,0.811,0.84,0.933,0.0772,68.777,4,1,"atmospheric_meditative",0.64
75847,"2Cad8GiMP2uyIPKj7NcYpI","Paul Cardall","Hymns Vol. 2","Jesus, The Very Thought of Thee",20,155360,FALSE,0.00918,-26.404,1,0.0391,0.979,0.954,0.128,0.271,84.579,4,1,"atmospheric_meditative",0.57
75860,"71M47dsudxmo6NstSLtQSO","Jim Brickman","Soothe, Vol. 2: Sleep (Music for Tranquil Slumber)","Hush",20,250843,FALSE,0.0189,-23.121,0,0.0346,0.966,0.951,0.113,0.0365,108.925,1,1,"atmospheric_meditative",0.76
75863,"4NuLh8hNtF84Q4IEPFCkyo","David Lanz;Eric Tingstad;Nancy Rumbel","Woodlands","Cottonwood",20,292706,FALSE,0.187,-17.41,1,0.0295,0.858,0.946,0.11,0.082,109.186,4,1,"atmospheric_meditative",0.47
75867,"5xmiJO45JjamuTXhmjMMG5","Patrick Kelly","Beyond the Horizon","Awakening",20,321186,FALSE,0.227,-18.907,1,0.0277,0.881,0.946,0.112,0.093,93.966,4,1,"atmospheric_meditative",0.82
75868,"0hWsQxJ6HieTRa8XE0kyk3","Yanni","Yanni Live At The Acropolis","One Man's Dream - Live",39,215560,FALSE,0.278,-17.283,0,0.0361,0.944,0.938,0.708,0.0516,117.218,4,1,"atmospheric_meditative",0.77
75877,"76QOHz5udxsjAFhPNVHfkb","Yanni","The Very Best Of Yanni","In The Morning Light",35,231000,FALSE,0.177,-17.959,1,0.0324,0.974,0.949,0.185,0.173,107.611,4,1,"atmospheric_meditative",0.38
75882,"3OWBCzq0H9iqmyODVXQBpk","Jim Brickman","Soothe, Vol. 5: Lullaby Dreams - Music for a Peaceful Escape","The Alphabet Song",19,188065,FALSE,0.0458,-19.249,1,0.0337,0.985,0.891,0.108,0.217,130.947,4,1,"atmospheric_meditative",0.83
75885,"29cWhgW69qlqEcji31Dr0D","Gary Stadler;Stephannie","Fairy Heartmagic","Edge Of Dawn",20,159626,FALSE,0.0221,-26.963,1,0.0369,0.986,0.972,0.0928,0.105,100.919,4,1,"atmospheric_meditative",0.73
75895,"5NADCgGzUu2KZAkKzr6AGJ","George Winston","Remembrance: A Memorial Benefit (Special Edition)","Where Are You Now",20,241415,FALSE,0.133,-22.306,1,0.0529,0.925,0.906,0.107,0.0385,126.194,4,1,"atmospheric_meditative",0.79
75898,"0giZzHCyFAW6VmoDvuKIU5","George Winston","Peanuts Portraits","Masked Marvel",20,337200,FALSE,0.573,-13.509,0,0.0292,0.906,0.86,0.175,0.65,147.283,4,1,"atmospheric_meditative",0.62
75902,"6eAEpHCRLhGRvehKp2JzbG","Enigma","Love Sensuality Devotion: The Greatest Hits","Principles Of Lust",37,188600,FALSE,0.577,-10.06,1,0.0437,0.229,0.937,0.327,0.641,190.093,4,1,"atmospheric_meditative",0.61
75903,"4mHc7LUlO3k6AXeFV2EiJK","Yiruma","Yiruma Official Album 'Piano Therapy' (The Original Compilation)","약속 (Piano Solo)",37,144533,FALSE,0.143,-18.713,1,0.0701,0.98,0.922,0.124,0.0584,148.786,4,1,"atmospheric_meditative",0.73
75904,"0sv4zgvvYHirjAvsEIl0iH","David Arkenstone","The Fairy Garden","Princess Of The Fairies",36,240426,FALSE,0.257,-12.273,0,0.0357,0.898,0.469,0.241,0.206,86.33,4,1,"atmospheric_meditative",0.57
75906,"48DrQES5zNIi2L5oEl51mh","Yanni","Dare To Dream","So Long My Friend",23,227600,FALSE,0.144,-17.434,0,0.0306,0.417,0.668,0.0731,0.044,96.658,4,1,"atmospheric_meditative",0.66
75912,"2qgg6Y4Sff9yj1E9KmiqSY","Parijat","Reiki Healing Waves","Hearts Awakening",51,420173,FALSE,0.0929,-22.266,1,0.0369,0.949,0.852,0.123,0.158,113.941,4,1,"atmospheric_meditative",0.57
75917,"4mwdlY51tZ6QI8azF9KOL7","Yanni","The Very Best Of Yanni","Looking Glass",28,401906,FALSE,0.595,-12.783,1,0.0327,0.156,0.206,0.0961,0.211,97.122,4,1,"atmospheric_meditative",0.74
75922,"2sjQxHzfv9PcJZNUucCZmX","2002","River of Stars","River of Stars",20,278560,FALSE,0.168,-17.582,1,0.0293,0.927,0.783,0.0697,0.189,95.927,4,1,"atmospheric_meditative",0.69
75926,"07bS8UyHkyvWUwUmKlclJq","Hennie Bekker","Beyond Dreams - Pathways to Deep Relaxation","Self Connect",20,529000,FALSE,0.0499,-28.462,1,0.0482,0.878,0.808,0.142,0.0301,123.702,4,1,"atmospheric_meditative",0.81
75927,"4u99JX8yr31lPnw1CrACP7","Mike Oldfield","Tubular Bells 2003","Jazz",22,48013,FALSE,0.671,-10.453,0,0.0383,0.335,0.04,0.288,0.864,99.94,4,1,"atmospheric_meditative",0.61
75934,"0q59Jkp2k9QEXctrkNokst","Dan Gibson's Solitudes","Desert Retreat","Saguaro Dew",20,744173,FALSE,0.034,-26.14,0,0.0414,0.963,0.575,0.337,0.0381,79.387,3,1,"atmospheric_meditative",0.54
75935,"6JVAF5uplh69P3b1hH92bI","Robert Haig Coxon","Goddess ... The Power of Woman","Beautiful Thoughts",20,276426,FALSE,0.0723,-21.653,0,0.0623,0.984,0.914,0.093,0.145,135.068,5,1,"atmospheric_meditative",0.73
75941,"2kyC8NsSgjHo4RFLUNGwjn","ERA","The Essential","Reborn",20,330080,FALSE,0.551,-7.065,0,0.0331,0.37,0.000818,0.116,0.318,72.988,4,1,"atmospheric_meditative",0.82
75946,"0ar1TXFVks0WAjJAjkNByF","Tony O'Connor","Windjana","Afterstorm",20,603000,FALSE,0.158,-25.836,1,0.0436,0.947,0.846,0.691,0.238,95.096,3,1,"atmospheric_meditative",0.83
75958,"6qXJU5VJB4DrLFeZzOxHdR","Laura Sullivan","Thinking out Loud","Thinking out Loud (Instrumental Version)",43,212500,FALSE,0.196,-23.646,1,0.0366,0.951,0.934,0.107,0.103,164.033,4,1,"atmospheric_meditative",0.58
75961,"1a9tmyZUSN2DhsqlFk7w5a","Queen Latifah","New Jersey Drive Vol. 1","Jersey",23,294693,TRUE,0.467,-12.265,1,0.421,0.0426,1.34e-06,0.117,0.678,83.247,4,1,"atmospheric_meditative",0.63
75965,"0zbLrGUC1hJcbZzXOsmpZz","Emile Pandolfi","A Lovely Way to Spend an Evening","The Nearness of You",20,260800,FALSE,0.116,-19.613,1,0.0413,0.919,0.883,0.109,0.145,87.238,3,1,"atmospheric_meditative",0.64
75976,"6oX4cFt2RsKuGKX2a2qOEe","Jon Schmidt","Jon Schmidt Christmas","Lo How A Rose, Ere Blooming",20,87640,FALSE,0.00212,-27.541,1,0.262,0.996,0.944,0.0873,0.45,135.355,3,1,"atmospheric_meditative",0.54
75980,"6P3meBUdJU57SNhsbaev88","Llewellyn","Journey to the Temple","Base Chakra",20,441866,FALSE,0.145,-24.728,1,0.0451,0.95,0.771,0.964,0.0552,100.58,3,1,"atmospheric_meditative",0.83
75990,"7GQLnfJyAKJ4CHlmMQQ54B","Jim Brickman","Escape","Waterfall",19,217320,FALSE,0.2,-16.078,1,0.0364,0.982,0.893,0.119,0.302,143.184,4,1,"atmospheric_meditative",0.76
78020,"7xniyiLqMqdrTd0EToNUOW","Andreas Gabalier","Rock n Roll Christmas","It's Christmas Time",0,237463,FALSE,0.821,-5.909,1,0.0341,0.159,0,0.243,0.585,128.052,4,17,"youth_pop_punk",0.61
78023,"6zJbuVE1nwz6fszX6q1Edk","DJ Ötzi","Ernte 2k23","Die Fischerin vom Bodensee",0,191666,FALSE,0.989,-3.626,1,0.0319,0.0126,1.63e-06,0.302,0.969,124.015,4,17,"youth_pop_punk",0.53
78036,"2S2fAt6ykPGEGsxedaePlC","DJ Ötzi","Best Of Karneval","Der hellste Stern (Böhmischer Traum) - Silverjam Mix",0,198613,FALSE,0.957,-2.758,1,0.0826,0.00328,0,0.158,0.929,126.056,4,17,"youth_pop_punk",0.64
78069,"3vYXHcZoRgzSudq48pBIhF","Lorenz Büffel","Après Ski Fussball Party 2022 - Wir feiern auf den Hütten","Footballs Coming Home",0,224050,FALSE,0.948,-3.147,1,0.112,0.0941,0,0.527,0.462,126.449,4,17,"youth_pop_punk",0.45
78078,"1Il91bqC3Foqjfdh1IunFU","Mickie Krause","Best Of Karneval","Mich hat ein Engel geküsst",0,227026,FALSE,0.993,-2.68,1,0.273,0.109,0,0.961,0.546,133.135,4,17,"youth_pop_punk",0.55
78081,"7jvro28dBbuWoBYSdqk4N9","Mickie Krause","Ernte 2k23","Oh wie ist das schön - Single Version",0,248213,FALSE,0.953,-3.653,1,0.0993,0.107,0,0.835,0.182,129.271,4,17,"youth_pop_punk",0.73
78100,"7jXI0uNkodrjwcL0Caj2Pk","Andi Kiss","Suffia","Suffia",38,168695,FALSE,0.902,-3.769,0,0.095,0.0235,0,0.497,0.468,137.981,4,17,"youth_pop_punk",0.56
78105,"5RX2Azw9uQzFyJ6Dm9fgfM","Micha von der Rampe","Karneval 2022 100%","Du bist Bombe",0,152727,FALSE,0.843,-5.243,1,0.139,0.119,0,0.33,0.79,131.946,4,17,"youth_pop_punk",0.55
78116,"6YdYtMJJz6LI27yyAQhXHp","DJ Ötzi","Oktoberfest – Wiesn Party mit DJ Ötzi","Can't Take My Eyes Off You",38,247925,FALSE,0.968,-4.035,0,0.177,0.00598,0,0.355,0.323,127.998,4,17,"youth_pop_punk",0.55
78120,"649vO1mEReTgyyUEsjJmHy","Bierkapitän;Andy Luxx;Dj Aaron","Ballermann Hits Party 2023","Lea",0,159374,FALSE,0.977,-2.232,0,0.0579,0.0278,0,0.337,0.771,140.013,4,17,"youth_pop_punk",0.41
78123,"3fntRsNJJClNeiggls3B88","Bierkapitän","Ballermann Party Mix - Alle Après Ski Hütten Hits der letzten Jahre","Schere Stein paar Bier (Schnick Schnack Schluck)",0,183698,FALSE,0.983,-3.336,0,0.0989,0.0309,1.2e-06,0.807,0.713,145.966,4,17,"youth_pop_punk",0.29
78124,"1rtjZVYQOGcQj5KVBeSB8N","Micha von der Rampe","Ballermann Hits Party 2023","Geil man, Wochenende",0,129931,FALSE,0.944,-4.07,1,0.116,0.148,0,0.0896,0.614,145.032,4,17,"youth_pop_punk",0.53
78133,"3chQ0eFCHmha6yG0oezrx9","Die Draufgänger","Best Of Karneval","Marie",0,200314,FALSE,0.843,-5.001,1,0.0544,0.0548,0,0.176,0.708,131.971,4,17,"youth_pop_punk",0.45
78144,"70QbtFV095ac2eQXJAgr8e","Jürgen Drews;Matthias Reim","Karneval 2022 100%","Ich bau dir ein Schloss",0,186946,FALSE,0.995,-4.599,1,0.0681,0.076,0,0.379,0.742,130.013,4,17,"youth_pop_punk",0.26
78148,"0gbTWyqIQXC93BTXxmAveK","Jürgen Drews","Karneval Klassiker","Irgendwann irgendwo irgendwie - seh'n wir uns wieder - Remastered 2017",0,245426,FALSE,0.98,-3.769,1,0.0424,0.00686,0.000199,0.0852,0.868,124.009,4,17,"youth_pop_punk",0.45
78169,"6NcruLjcmzmgwwpW09HXzT","Almklausi;Specktakel","Après Ski Megahits 2023","Mama Laudaaa - Apres Ski Edition",0,215976,FALSE,0.974,-2.153,1,0.102,0.199,0,0.358,0.896,140.027,4,17,"youth_pop_punk",0.37
78171,"3drvdWPoajpH7BmXdMj5nl","Almklausi","Après Ski Megahits 2023","Wir machen mit bei der Rettung der Erde",0,190106,FALSE,0.958,-1.95,1,0.0609,0.0799,0,0.361,0.816,139.984,4,17,"youth_pop_punk",0.42
78172,"01mFbAPHIQC6VZra04PkuU","Höhner","Karneval Klassiker","Hey Kölle du bes e Jeföhl",0,249533,FALSE,0.877,-5.042,1,0.033,0.137,0,0.855,0.645,119.976,4,17,"youth_pop_punk",0.72
78198,"5vVgfzrfRvAGs2Jknak3KA","Jürgen Drews;Ben Zucker","Karneval Klassiker","Ein Bett im Kornfeld",0,179440,FALSE,0.928,-3.882,1,0.0506,0.0345,0,0.144,0.839,117.981,4,17,"youth_pop_punk",0.56
78201,"6RFTROFKUIMH2U5QhOSE4s","Kreisligahelden;Thekentyp","Alle meine Freunde","Alle meine Freunde",35,163000,FALSE,0.93,-2.522,1,0.0708,0.0026,0,0.342,0.259,133.928,4,17,"youth_pop_punk",0.37
78226,"0y0sGn9Q6DehWp0mRujVy6","Markus Becker;Die Mallorca Cowboys","Karneval 2022 100%","Das rote Pferd",0,193733,FALSE,0.997,-1.975,1,0.0732,0.0203,0,0.688,0.691,133.995,4,17,"youth_pop_punk",0.45
78231,"6yvL7VEyMDM8ssqdQMgVQy","Brings","Best Of Karneval","Dat is geil",0,210746,FALSE,0.916,-4.148,0,0.0579,0.0504,0,0.111,0.499,132.98,4,17,"youth_pop_punk",0.44
78243,"4WirXfsd2qAfjtSOuekoqZ","Brings;Dennis aus Hürth","Karneval 2022 100%","Et jeilste Land",0,219826,FALSE,0.846,-5.517,1,0.076,0.137,0,0.084,0.738,119.999,4,17,"youth_pop_punk",0.54
78247,"0TTsaZ1BzToXfoTFnNnPIT","Brings;Dennis aus Hürth","Best Of Karneval","Et jeilste Land",0,219826,FALSE,0.846,-5.517,1,0.076,0.137,0,0.084,0.738,119.999,4,17,"youth_pop_punk",0.36
78253,"5GHeG2yv8s4KPS73FBOwxB","Buddy","Bis das Licht angeht","Bis das Licht angeht",34,152571,FALSE,0.842,-12.88,1,0.141,0.0171,0.00033,0.0876,0.21,139.93,4,17,"youth_pop_punk",0.38
78255,"2ReTnjGfeL2SX8pP4ifqCW","DJ Robin;Schürze;le Shuuk","Layla (Platin Edition)","Layla - le Shuuk Remix Edit",33,224293,FALSE,0.849,-3.953,0,0.0487,0.000842,0,0.257,0.247,74.98,4,17,"youth_pop_punk",0.23
78267,"7CkkvfGTk7meUrbqOR7zD8","Mallorca Cowboys","Ra Ta Ta 2011","Ra Ta Ta 2011",33,195006,FALSE,0.999,-2.313,1,0.165,0.181,0,0.641,0.948,138.007,4,17,"youth_pop_punk",0.24
78280,"308wYeQLiKZVmVX8NztruN","Klaus & Klaus","Bauer Cotton Eye Joe","Bauer Cotton Eye Joe",35,211533,FALSE,0.794,-6.945,1,0.0541,0.3,0,0.18,0.946,133.997,4,17,"youth_pop_punk",0.45
78282,"14QCwe2A96iyGVwKtb9iaT","Brummi Bryan;Ikke Hüftgold","Ich hab gehupt","Ich hab gehupt",34,128695,TRUE,0.922,-4.9,1,0.181,0.115,5.34e-06,0.121,0.736,138.054,4,17,"youth_pop_punk",0.35
78290,"7rA01aOgtN0zTzBhrTLZ1G","Deejay Matze","Après Ski Fussball Party 2022 - Wir feiern auf den Hütten","Wir machen Party",0,189998,FALSE,0.9,-2.07,0,0.102,0.145,0,0.224,0.598,136.059,4,17,"youth_pop_punk",0.52
78299,"7v4G1QvXZgajbX8nn6FX4H","Fäaschtbänkler","Alpaland","Walterli",35,160240,FALSE,0.552,-6.588,1,0.104,0.0631,0,0.119,0.965,165.068,4,17,"youth_pop_punk",0.4
78306,"0Ze1fY5EP6bLJjPJMRfJKw","Ikke Hüftgold","Ich schwanke noch (Austrinken Remix)","Ich schwanke noch - Austrinken Remix",32,167252,FALSE,0.928,-4.05,1,0.239,0.0938,0,0.293,0.366,135.903,4,17,"youth_pop_punk",0.38
78313,"2tIEMvF9ppqUKauyGjXeRO","Jürgen Milski;Deejay Biene","Ihr könnt mich alle alle alle","Ihr könnt mich alle alle alle",32,181745,FALSE,0.998,-3.026,1,0.287,0.0357,0,0.347,0.41,147.917,4,17,"youth_pop_punk",0.33
78332,"5E5SCNQl5KkKkx7ciV2bQd","Markus Becker;Oliver DeVille","Ballermann Hits 2022","Micky Maus - Wir geh'n noch nicht nach Haus - Villa-Mix",32,181000,FALSE,0.977,-2.789,1,0.151,0.0284,0,0.316,0.155,135.057,4,17,"youth_pop_punk",0.59
78352,"2oaR6ZGRAiJC6aEZU4HOZ6","Rob & Chris;Rob Mayth","Wahnsinn","Wahnsinn - Rob Mayth vs. Chris Jump Radio Edit",32,209635,FALSE,0.855,-6.089,1,0.0383,0.151,0.00166,0.319,0.483,142,4,17,"youth_pop_punk",0.77
78365,"3YFcVew490BQBBNj7jlIZG","Andreas Gabalier","Da komm' ich her","Meine Heimat",30,208480,FALSE,0.694,-4.945,1,0.0265,0.436,0,0.297,0.538,80.986,4,17,"youth_pop_punk",0.21
78386,"6bOg6vYHAWqH4xewY35sL1","Stereoact;Karel Gott","#Schlager 2","Babička - Stereoact #Remix",31,179648,FALSE,0.814,-6.305,1,0.0935,0.00261,7.51e-05,0.25,0.41,128.044,4,17,"youth_pop_punk",0.21
78392,"1n2AYj4E5hgkgKBBw1BaO3","Fäaschtbänkler","Flamingo + Hoch die Hände Wochenende","Schlüsseldienstmann",31,147840,FALSE,0.608,-7.661,1,0.0699,0.0178,1.54e-05,0.116,0.94,135.099,4,17,"youth_pop_punk",0.42
78400,"5ucyKDPjLpYLGadsRO1wSB","DJ Robin;Schürze","Layla (Dutch Version)","Layla",70,185706,FALSE,0.921,-3.468,0,0.0687,0.00124,0,0.383,0.375,140.067,4,17,"youth_pop_punk",0.43
78406,"0LlQZTw5fTuV0jxJ4u64x4","Max Weidner","Max From Bavaria","Max From Bavaria",29,185288,FALSE,0.916,-3.852,0,0.244,0.0281,0,0.424,0.8,135.117,4,17,"youth_pop_punk",0.3
78422,"4gBB1MGpdTLNSxZWYhOSRP","Schokkverliebt","Porno","Geburtstag - Endlich 18 Version",30,181280,FALSE,0.69,-5.173,1,0.265,0.00303,0,0.482,0.416,150.003,4,17,"youth_pop_punk",0.27
78423,"1wjH0173CvH5ZqR9LF8aZY","Max Weidner","Schau ma moi","Schau ma moi",29,164393,FALSE,0.897,-3.708,1,0.0464,0.157,0,0.117,0.768,125.024,4,17,"youth_pop_punk",0.54
78428,"7ubghzd9IuD9egKKjwF95t","Brings;Carolin Kebekus","Funkemarieche","Funkemarieche",31,232880,FALSE,0.962,-1.467,1,0.113,0.524,0,0.716,0.722,134.922,4,17,"youth_pop_punk",0.22
78441,"4dNHosV5bsQ3HSCTt5RUgO","Marco Wagner;Lorenz Büffel","Boyfriends 2k19 Remix","Boyfriends 2k19 Remix - Radio Edit",30,262500,TRUE,0.919,-4.399,1,0.14,0.0389,1.13e-05,0.303,0.709,127.971,4,17,"youth_pop_punk",0.4
78450,"1R77CxppnheFfIGNgQ9NF8","BeatBo;Fisher-Price","Fisher-Price BeatBo","Freeze Dance",51,76888,FALSE,0.887,-3.419,0,0.293,0.276,5.48e-06,0.345,0.487,135.034,4,17,"youth_pop_punk",0.57
78463,"311Aew4xQ5ApPO1HUIJYwz","Ikke Hüftgold","Dicke Hits und Kartoffelsalat aus dem Märchenland","Huuh",29,167487,TRUE,0.964,-2.802,1,0.227,0.0387,0.0177,0.347,0.669,136.211,4,17,"youth_pop_punk",0.41
78478,"6hyQsHTwHEQ8wMwlgYdJuW","FiNCH;Scooter","Gabber Girl","Rave Witchers",29,179911,TRUE,0.96,-2.427,0,0.086,0.00114,0.056,0.4,0.367,170.04,4,17,"youth_pop_punk",0.55
78483,"5dcIjv7GMNMSaQ7nAkoFNM","AA Apres-Ski!","Apres-Ski Lawine 2010","Hey wir wolln die Eisbärn sehn",29,188946,FALSE,0.931,-5.096,1,0.0439,0.00386,2.6e-05,0.087,0.626,137.972,4,17,"youth_pop_punk",0.18
78488,"43cAjpK0yjzXFQu2dp27zd","Fäaschtbänkler","Flamingo + Hoch die Hände Wochenende","Musikfest",29,178400,FALSE,0.513,-6.639,1,0.0355,0.21,1.67e-05,0.216,0.978,133.067,4,17,"youth_pop_punk",0.8
78499,"6nMSUUQKCkvbJH4pJ9ITwC","Mütze Katze;Pazoo;Schalldicht","Berliner Luft","Berliner Luft - Extended Mix",28,200171,TRUE,0.936,-3.817,0,0.457,0.019,0,0.299,0.487,143.945,4,17,"youth_pop_punk",0.57
78523,"1uI7O9wYA7ZSZXSkwn641o","Balek","Bier Schmeckt Sogar Veganern","Bier Schmeckt Sogar Veganern",28,140769,FALSE,0.719,-6.562,1,0.245,0.0376,0,0.0639,0.347,142.917,4,17,"youth_pop_punk",0.4
78550,"0xTsllHxzqwYrsPUcruf72","Die Atzen;Nena","Party Chaos","Strobo Pop",62,194173,FALSE,0.796,-3.797,0,0.11,0.111,2.93e-05,0.118,0.407,135.034,4,17,"youth_pop_punk",0.53
78562,"2zeYHLABcv2evKHI3KtG3b","Jörg & Dragan (Die Autohändler);Micaela Schäfer","Deine Freundin","Deine Freundin",27,176019,FALSE,0.995,-2.765,1,0.328,0.135,0,0.121,0.909,127.067,4,17,"youth_pop_punk",0.57
78563,"1vO11Md7Y9UaRnLRckZgm9","Ingo ohne Flamingo","Saufen morgens, mittags, abends - Die Party","Saufen statt Laufen",27,204000,FALSE,0.969,-1.884,1,0.06,0.251,0,0.306,0.817,125.062,4,17,"youth_pop_punk",0.53
78604,"79rkeDCaRnazooohZvRSWr","Anstandslos & Durchgeknallt;Jazzy Gudd;DIZE","Zeit mit dir","Zeit mit dir",26,149047,FALSE,0.796,-3.933,0,0.0771,0.0549,0,0.326,0.315,126.04,4,17,"youth_pop_punk",0.55
78614,"75PBVFA7kwamMcSOQSr9bn","DJ Düse","Für's ganze Leben","Für's ganze Leben",26,174000,FALSE,0.94,-3.729,0,0.195,0.0312,0,0.363,0.404,133.091,4,17,"youth_pop_punk",0.56
78615,"2IHTPzWvCxfYdLzdWofJYp","Michael Wendler","The Very Best Of","Nina",26,232653,FALSE,0.864,-5.678,1,0.0441,0.116,0.00073,0.259,0.726,128.063,4,17,"youth_pop_punk",0.37
78632,"3l5f0c3cGee49Tmc6DxpCY","Rick Arena","DJ Cashi präsentiert Mallora Closing 2022 powered by Xtreme Sound","Keine Termine, leicht einen sitzen",0,175614,FALSE,0.956,-3.55,1,0.0917,0.0277,0,0.52,0.698,145.022,4,17,"youth_pop_punk",0.47
78635,"6pLLqDBq11NzPXkrFLl7TD","Marry","DJ Cashi präsentiert Mallora Closing 2022 powered by Xtreme Sound","Sinkt das Niveau",0,182470,FALSE,0.965,-3.273,0,0.196,0.00922,0,0.401,0.537,147.02,4,17,"youth_pop_punk",0.37
78647,"6dnDqXvIdqcBQw2uNNUfYn","Kreisligahelden","Après Ski Fussball Party 2022 - Wir feiern auf den Hütten","Kreisligahelden sind wir",0,205013,FALSE,0.998,-3.036,1,0.168,0.0265,0,0.416,0.65,139.994,4,17,"youth_pop_punk",0.66
78657,"0pW5MgSW6vVznIfpkLYLPp","Die Flippers","35 Jahre - Ein Leben für die Zärtlichkeit","Nur wer die Sehnsucht kennt",27,213186,FALSE,0.856,-4.552,1,0.036,0.146,0,0.492,0.705,118.064,4,17,"youth_pop_punk",0.23
78659,"5dAaJ0adZP2C0eYP3unJvx","Tim Toupet","Knackarsch","Knackarsch - Single Mix",26,148178,FALSE,0.956,-2.544,1,0.039,0.0942,0,0.207,0.88,125.931,4,17,"youth_pop_punk",0.43
78664,"0AWOqczvnAzLC4tSbvVD86","voXXclub","Donnawedda (I mog di so - Edition)","Spitzenmadl",27,204760,FALSE,0.782,-4.048,1,0.0562,0.0394,0,0.113,0.862,125.999,4,17,"youth_pop_punk",0.56
78671,"3w4vMxIZW2UAL2g7bJWC3U","Tim Toupet;DJ Padre","Humba Täterä (Gebt Mir Ein H vs. DJ Padre)","Humba Täterä - Single-Version",26,214666,FALSE,0.993,-1.816,0,0.193,0.15,0,0.381,0.44,127.951,4,17,"youth_pop_punk",0.15
78673,"1SR21MUIPddO8uA5fSvuzX","Ingo ohne Flamingo","Saufen morgens, mittags, abends (Remix 2018)","Saufen morgens, mittags, abends - Remix 2018",25,224001,FALSE,0.954,-4.357,0,0.117,0.0607,2.46e-05,0.379,0.577,133.985,4,17,"youth_pop_punk",0.29
78699,"49MGp2seNFJDLbf1PMI5G4","Wolfgang Petry","Genau jetzt!","Geh mir aus den Augen",27,219440,FALSE,0.826,-3.699,0,0.0381,0.0314,1.54e-05,0.101,0.371,125.018,4,17,"youth_pop_punk",0.61
78711,"1biZ7RbSpj3g02Cbf3MT0E","minnie rock;Franco Piccolini;Luigi Ferrari","7 Tage blau","7 Tage blau",25,167723,FALSE,0.7,-6.385,1,0.216,0.0938,2.49e-06,0.162,0.526,131.643,4,17,"youth_pop_punk",0.17
78713,"3K7cOYoNt1XlQsa9QDVe5n","Andreas Gabalier","Home Sweet Home (International Special Edition)","Traditional Clothing",25,227893,FALSE,0.844,-4.627,1,0.0288,0.229,0,0.18,0.598,118.012,4,17,"youth_pop_punk",0.41
78720,"22vmMJlhaqVKluZKBRoeW6","Andreas Lawo;Mick Wendir","Jetzt ist Schluss (Mick Wendir Remix)","Jetzt ist Schluss - Mick Wendir Remix",26,224023,FALSE,0.96,-3.203,1,0.108,0.13,9.74e-06,0.345,0.827,131.937,4,17,"youth_pop_punk",0.63
78721,"7lPLU2Ux4J4ozNIUq90JhH","Die Flippers","Ihre großen Sommerhits","Acapulco",26,194333,FALSE,0.773,-9.777,1,0.028,0.343,1.93e-05,0.0994,0.764,124.562,4,17,"youth_pop_punk",0.41
78723,"6V6NyqSDWLqtJinNR9EtvQ","Fäaschtbänkler","Orgasmusik","Orgasmusik",25,268266,FALSE,0.749,-4.262,1,0.0318,0.0644,6.76e-06,0.0997,0.825,125.978,4,17,"youth_pop_punk",0.4
78730,"4CjaNHwSulDYuLIXoPRGNP","Mia Julia","Mitten in Mia","Weil sie für immer ist",25,203426,FALSE,0.819,-3.792,1,0.0881,0.001,0,0.295,0.425,179.927,4,17,"youth_pop_punk",0.57
78738,"4jVuGl8cpREZPuFoK6gNa8","Höhner","Wir sind für die Liebe gemacht (Deluxe Edition)","Wir halten die Welt an",26,189840,FALSE,0.697,-5.339,1,0.0333,0.303,0,0.225,0.796,129.019,4,17,"youth_pop_punk",0.58
78747,"5abClWYbqx6mQNg5nn4wR6","Killermichel","Saufen morgens, mittags, abends - Die Party","Auswärts sind wir asozial",25,215983,FALSE,0.973,-2.713,0,0.0928,0.0678,0,0.958,0.587,145.002,4,17,"youth_pop_punk",0.47
78749,"01ygrG3sTaMaU3rmAkL8Wr","GABBY;Anstandslos & Durchgeknallt","Ballermann Hits Party 2023","Klempner Klaus",0,155820,FALSE,0.859,-4.615,1,0.0568,0.00153,0,0.053,0.802,133.984,4,17,"youth_pop_punk",0.63
78758,"4CegSIh4ztZnpqN1JiArEp","Fränker;Andy Luxx","Dosenbier macht schlau","Dosenbier macht schlau",24,171995,FALSE,0.937,-3.739,1,0.0485,0.108,0,0.349,0.723,135.016,4,17,"youth_pop_punk",0.61
78765,"5jtNLGrEjZtGZcf95TYTpZ","Markus Becker;Die Mallorca Cowboys","Das Rote Pferd (Après Ski Version)","Das Rote Pferd - Après Ski Version",25,193013,FALSE,0.997,-1.744,1,0.117,0.135,0,0.848,0.682,134.005,4,17,"youth_pop_punk",0.43
78774,"6vb9UfLGqYI3Ta3QZOrsrA","Fäaschtbänkler","Oagasenn","John",25,241600,FALSE,0.521,-7.301,1,0.031,0.27,4.15e-05,0.0655,0.8,105.03,4,17,"youth_pop_punk",0.63
78783,"3kssiEBTsNdh6mLKnnpXme","Paveier","Karneval der Stars 51","Hau op die Trumm",26,201413,FALSE,0.886,-4.941,0,0.0319,0.00261,1.82e-06,0.0621,0.823,134.968,4,17,"youth_pop_punk",0.58
78787,"46lziNJyPoaOEAmbUpzd9l","Mia Julia","Mitten in Mia","Mitten in Mia",25,231480,FALSE,0.965,-2.594,1,0.23,0.0337,0,0.24,0.652,129.959,4,17,"youth_pop_punk",0.33
78798,"430NK9iO0QBe3NKJgZtHUN","FiNCH;Paul Elstak","Liebe ist ...","Gabber Girl",25,192357,TRUE,0.908,-4.811,0,0.0375,0.00528,0.014,0.0637,0.389,167.945,4,17,"youth_pop_punk",0.62
78801,"5o4Mlib2LCewXvo9ykW9MM","Schürze","Mallotze (Zeigt mir eure Hände)","Mallotze (Zeigt mir eure Hände)",24,187352,FALSE,0.869,-2.528,1,0.0458,0.0854,0,0.743,0.437,124.999,4,17,"youth_pop_punk",0.51
78803,"6Eo1tU0Zw7Bgw3cPtVKxRX","Balek","112","112",24,188689,TRUE,0.801,-6.871,1,0.126,0.00537,0,0.244,0.706,145.048,4,17,"youth_pop_punk",0.2
78822,"59tawqUSoRWHe2rRPQXWnn","Cooltime Kids","Oh Santa! Kids Christmas Songs","Frosty The Snowman",0,173733,FALSE,0.457,-7.711,1,0.0319,0.481,0,0.112,0.785,174.056,4,17,"youth_pop_punk",0.39
78836,"2JjmTbiaj8Zin3ePd6hfdB","FiNCH","Kassenhäuschen EP","Maschinen",24,156269,TRUE,0.886,-3.745,0,0.258,0.114,0,0.148,0.631,150.073,4,17,"youth_pop_punk",0.69
78838,"4FDQiVdgAydMD3r9L96QjM","Cooltime Kids","Diversión para los peques","Alphabet Song",0,106706,FALSE,0.473,-7.552,1,0.0361,0.753,0,0.076,0.836,115.988,4,17,"youth_pop_punk",0.56
78839,"2nO01qKJnRVBzr5ned6bHX","Andreas Gabalier","Herzwerk","Wo immer du auch bist",24,220026,FALSE,0.836,-4.598,1,0.0367,0.231,0,0.361,0.73,125.977,4,17,"youth_pop_punk",0.3
78846,"6Neol95yHAmjgPDrXBnuXk","Jürgen Drews","Das ist der Moment","Das ist der Moment - Single Mix",25,183426,FALSE,0.964,-2.404,0,0.0379,0.0486,0,0.108,0.748,130.099,4,17,"youth_pop_punk",0.33
78855,"201JhyjZsx9B41LBmLlAvq","Höhner","2,3,4","Liebchen",25,197893,FALSE,0.881,-4.29,1,0.0514,0.0341,0,0.248,0.943,133.909,4,17,"youth_pop_punk",0.53
78862,"4xk4WjpxqjOlxVxrWghHbj","Fränker","Wir geh'n auf große Reise","Wir geh'n auf große Reise",24,194276,FALSE,0.949,-2.989,0,0.163,0.00274,0,0.44,0.491,140.049,4,17,"youth_pop_punk",0.58
78867,"6KdLBjzHwYSuD9u8mM9aAg","Mickie Krause","Wir woll'n feiern für die Ewigkeit - Best Of!","Biste braun, kriegste Fraun - Version 2015",24,185226,FALSE,0.652,-6.17,1,0.06,0.021,9.45e-05,0.0803,0.386,127.987,4,17,"youth_pop_punk",0.49
78873,"5DvT8tKxOnWdfDhmpoQILU","Brings","Polka, Polka, Polka","Polka, Polka, Polka - Single Version",25,222966,FALSE,0.803,-4.571,0,0.0586,0.226,0,0.055,0.854,125.022,4,17,"youth_pop_punk",0.52
78901,"6bW4olKzz8M2BRYNU1ASUi","FiNCH;Leony;VIZE","Fliesentisch Romantik 2","Easy Peasy",65,150413,TRUE,0.808,-6.324,1,0.0303,0.199,6.24e-05,0.322,0.519,142.884,4,17,"youth_pop_punk",0.65
78903,"6YTx1TtfgqypbYXmycm08k","DJ Ostkurve;Krümel","Jürgen","Jürgen",23,211862,FALSE,0.954,-5.601,1,0.291,0.0186,0,0.043,0.371,144.953,4,17,"youth_pop_punk",0.53
78907,"3Mr3jWsuDC6M0d4BedY1ay","Axel Fischer","Mallorca Mallorca (Moviestar) [Oktoberfest Wiesn Mix]","Mallorca Mallorca (Moviestar) - Oktoberfest Wiesn Mix",24,170510,FALSE,0.906,-3.804,1,0.0639,0.0207,0,0.318,0.787,129.969,4,17,"youth_pop_punk",0.59
78911,"4C3b5zTNboQvWMDZXmSZGO","Mickie Krause","Krause's Fussballhits","Düp Düp - Radio Version",24,213320,FALSE,0.999,-3.615,1,0.0815,0.107,0.0568,0.846,0.622,140.005,4,17,"youth_pop_punk",0.63
78917,"5lP307dpV3fMzc57lzroto","Empyre One;AlexKea","Mirrors","Mirrors - AlexKea! Edit",24,192794,FALSE,0.997,-2.589,1,0.0529,0.00219,0.000185,0.335,0.649,144.006,4,17,"youth_pop_punk",0.81
78924,"5wZ7Hw40wC04N0k4NDlgBC","Jack Gelee","Zicke Zacke, Prost ihr Säcke","Zicke Zacke, Prost ihr Säcke",23,170042,FALSE,0.998,-1.898,1,0.304,0.0221,0,0.529,0.712,140.089,4,17,"youth_pop_punk",0.36
78925,"3xJdoHzRyzv8EFR303btHU","Anna-Maria Zimmermann","Sternstunden","Tanz",23,189933,FALSE,0.995,-3.695,1,0.0578,0.0196,0,0.293,0.73,130.99,4,17,"youth_pop_punk",0.34
78929,"09wPwzAhF5LSl1kK0qYsTU","Mia Julia;Tom Tigo","Weck mich nicht auf (Tom Tigo RMX)","Weck mich nicht auf - Tom Tigo RMX",23,224774,FALSE,0.962,-4.995,1,0.0397,0.0063,0,0.4,0.354,133,4,17,"youth_pop_punk",0.43
78946,"45xXb4lQwMAwZwTzHeX6Jt","Wolfgang Petry","Nie genug","Das darf doch nicht wahr sein",24,212306,FALSE,0.91,-4.74,1,0.0317,0.151,0,0.211,0.816,127.988,4,17,"youth_pop_punk",0.52
78959,"5HDmqQZ3NYoiQkbrTris5y","Choo Choo Soul","Choo Choo Soul","The Bullet Train - Original Version",24,122466,FALSE,0.909,-5.239,0,0.0689,0.0304,0,0.039,0.893,94.004,4,17,"youth_pop_punk",0.73
78961,"3YTnmesf2jh2lqkDZteKPc","Andi Latte","Einer ist immer die Pussi","Einer ist immer die Pussi",22,202700,FALSE,0.938,-4.592,1,0.0707,0.0118,0,0.337,0.883,141.912,4,17,"youth_pop_punk",0.39
78973,"3NU97CByi69CH0CPQRxd16","Franco Piccolini;Luigi Ferrari","Viez auf Hawaii","Viez auf Hawaii",22,231219,FALSE,0.549,-7.289,1,0.0423,0.0822,0,0.0917,0.334,79.971,4,17,"youth_pop_punk",0.43
78974,"5QYnAUA5esDf99x7oYN6tY","Matthias Reim","Das ultimative Best Of Album","Wie man liebt",24,253520,FALSE,0.828,-5.33,1,0.0303,0.0168,0,0.0764,0.593,124.036,4,17,"youth_pop_punk",0.53
78989,"2DIoPe6gRrtIkEsQl8SJWj","Isi Glück","Saufen morgens, mittags, abends - Die Party","Ich will zurück zu dir (Hände hoch Malle) - Voodoo Mix",22,203301,FALSE,0.729,-4.238,1,0.0996,0.109,0,0.388,0.308,129.965,4,17,"youth_pop_punk",0.71
78992,"1ab3aopHKgzElPiHnPRQ3F","Summerfield United;Kreisligalegende","Geile Zeit","Kreisligalegenden - Original Mix",22,190744,FALSE,0.92,-2.154,1,0.105,0.121,0,0.101,0.561,136.03,4,17,"youth_pop_punk",0.59
78993,"4GjxCT8Wh51esusanzbHsZ","Stereoact;Vanessa Mai","Für immer","Ja Nein Vielleicht",24,169106,FALSE,0.719,-5.422,1,0.0422,0.173,0,0.0633,0.765,116.965,4,17,"youth_pop_punk",0.45
78996,"4Mq9ahpzHiirkm0Z4uIt1X","Marco Wagner;Dave Brown","House by the Sea","House by the Sea (Extended Version)",23,204693,FALSE,0.947,-3.878,1,0.0331,0.0348,4.05e-06,0.32,0.765,127.951,4,17,"youth_pop_punk",0.54
81002,"1aL9518P5G72N92b48tuKw","AP Dhillon","Summer High","Summer High",83,177391,FALSE,0.541,-6.51,0,0.0325,0.165,0.163,0.0663,0.952,114.984,4,8,"alt_electronic_pop",0.76
81030,"2qxmye6gAegTMjLKEBoR3d","Alec Benjamin","Narrated For You","Let Me Down Slowly",85,169353,FALSE,0.557,-5.714,0,0.0318,0.74,0,0.124,0.483,150.073,4,8,"alt_electronic_pop",0.81
81034,"58ynJq9eLLDChA3GNFJcDL","Akhil Sachdeva;Mansheel Gujral","Channa Ve (From ""Bhoot - Part One: The Haunted Ship"")","Channa Ve",75,211578,FALSE,0.696,-6.68,1,0.0452,0.666,0,0.0931,0.606,94.945,4,8,"alt_electronic_pop",0.82
81043,"6tCd8bPvYnceDG7W9M1RMk","BLACKPINK","BORN PINK","Shut Down",87,175889,FALSE,0.657,-6.447,1,0.0372,0.00269,0,0.183,0.651,110.053,3,8,"alt_electronic_pop",0.42
81044,"5urYiIXu1ZhfMAOsp7WDTc","Yasser Desai;Neha Kakkar;Rajat Nagpal","Dil Ko Karaar Aaya (From ""Sukoon"")","Dil Ko Karaar Aaya (From ""Sukoon"")",77,231486,FALSE,0.448,-9.117,1,0.0366,0.777,0.000459,0.111,0.388,147.986,4,8,"alt_electronic_pop",0.89
81055,"3sqRODOZ1Z6hR4F2tnFAlg","Maninder Buttar","Sakhiyaan","Sakhiyaan",73,179325,FALSE,0.674,-5.932,1,0.044,0.3,0,0.202,0.359,83.001,4,8,"alt_electronic_pop",0.72
81056,"0a6zRnrjmaOcqsEIFkXIhw","Akhil","Khaab","Khaab",72,201689,FALSE,0.661,-5.689,1,0.0514,0.417,0,0.0784,0.222,80.009,4,8,"alt_electronic_pop",0.76
81060,"0lYBSQXN6rCTvUZvg9S0lU","DJ Snake;Justin Bieber","Encore","Let Me Love You",84,205946,FALSE,0.716,-5.371,1,0.0349,0.0863,2.63e-05,0.135,0.163,99.988,4,8,"alt_electronic_pop",0.33
81075,"0NvGVd87SYZnryTcfQPKUO","Madhur Sharma","Kali Kali Zulfon Ke","Kali Kali Zulfon Ke",73,350324,FALSE,0.495,-6.699,1,0.0383,0.726,0,0.125,0.433,154.03,3,8,"alt_electronic_pop",0.55
81086,"3oWxFNsXstcancCR1wODR4","Akhil Sachdeva;Tulsi Kumar","Kabir Singh","Tera Ban Jaunga",72,236436,FALSE,0.53,-6.346,1,0.0246,0.821,0,0.131,0.397,93.95,4,8,"alt_electronic_pop",0.33
81089,"3JkVYvxNoGf2HCWJo61462","Sidhu Moose Wala;Sunny Malton","No Name","Never Fold (feat. Sunny Malton)",74,183225,FALSE,0.786,-5.178,0,0.232,0.069,0,0.0976,0.797,93.025,4,8,"alt_electronic_pop",0.64
81098,"3eH3HTKPBmxvbT7OgxjNit","Vishal Chandrashekhar;Anurag Kulkarni;Sinduri Vishal","Kaanunna Kalyanam [From ""Sita Ramam (Telugu)""]","Kaanunna Kalyanam (From ""Sita Ramam (Telugu)"")",72,232513,FALSE,0.425,-12.018,0,0.0413,0.664,0,0.364,0.72,180.2,3,8,"alt_electronic_pop",0.55
81106,"45OX2jjEw1l7lOFJfDP9fv","LISA","LALISA","MONEY",78,168227,FALSE,0.553,-10.121,0,0.234,0.163,4.12e-05,0.135,0.4,140.037,4,8,"alt_electronic_pop",0.54
81121,"5eGsHi6RcL33gb9k89UYaB","Tegi Pannu;Manni Sandhu","Schedule","Schedule",72,148376,FALSE,0.581,-6.425,0,0.21,0.518,2.49e-06,0.0703,0.787,92.434,4,8,"alt_electronic_pop",0.52
81122,"2Fv2injs4qAm8mJBGaxVKU","Arijit Singh;Mithoon","Tujhe Kitna Chahne Lage (From ""Kabir Singh"")","Tujhe Kitna Chahne Lage (From ""Kabir Singh"")",72,284779,FALSE,0.396,-7.556,1,0.0366,0.736,0,0.11,0.306,70.368,4,8,"alt_electronic_pop",0.61
81124,"39LLxExYz6ewLAcYrzQQyP","Dua Lipa","Future Nostalgia","Levitating",84,203807,FALSE,0.884,-2.278,0,0.0753,0.0561,0,0.213,0.914,103.014,4,8,"alt_electronic_pop",0.52
81126,"6IaHIJYxIG8xbosaRr25AC","Harnoor","Parshawan","Parshawan",70,168000,FALSE,0.44,-7.422,0,0.061,0.559,0,0.105,0.43,90.006,4,8,"alt_electronic_pop",0.52
81136,"4O0ymDK32zylHELT506JPI","The Weeknd","Halloween Party 2022","Blinding Lights",0,201573,FALSE,0.796,-4.075,1,0.0645,0.00147,0.000209,0.0938,0.344,171.014,4,8,"alt_electronic_pop",0.33
81148,"3KeMulXbLDJBQdY5PZbGEh","A.R. Rahman;Shreya Ghoshal","Mimi (Original Motion Picture Soundtrack)","Param Sundari",72,200218,FALSE,0.761,-7.162,0,0.144,0.192,0,0.0272,0.82,121.999,4,8,"alt_electronic_pop",0.55
81150,"09mEdoA6zrmBPgTEN5qXmN","The Weeknd","My Dear Melancholy,","Call Out My Name",89,228373,FALSE,0.593,-4.954,1,0.0356,0.17,0,0.307,0.175,134.17,3,8,"alt_electronic_pop",0.86
81157,"6ZoCBDOB308GqUdt2AJrV2","Shafqat Amanat Ali","Ra-One","Dildaara (Stand By Me)",69,249660,FALSE,0.779,-5.799,1,0.037,0.102,0.000934,0.145,0.761,100.013,4,8,"alt_electronic_pop",0.78
81169,"6mTvwBzWTGDOVeCNQEqtOE","Amaal Mallik;Arijit Singh;Tulsi Kumar","Airlift","Soch Na Sake",71,281322,FALSE,0.667,-5.797,1,0.0323,0.597,0,0.213,0.516,151.728,4,8,"alt_electronic_pop",0.79
81170,"09vHbIezp9NP31CZWysk3v","Tanishk Bagchi;Pav Dharia;Nikhita Gandhi","Najaa (From ""Sooryavanshi"")","Najaa (From ""Sooryavanshi"")",70,191239,FALSE,0.727,-5.028,0,0.051,0.0818,0,0.0824,0.697,93.97,4,8,"alt_electronic_pop",0.68
81193,"69xohKu8C1fsflYAiSNbwM","BTS","Proof","Run BTS",84,204939,FALSE,0.818,-3.747,1,0.168,0.0201,0,0.0358,0.696,77.004,4,8,"alt_electronic_pop",0.61
81206,"6SPLYHHBN0dKGaoD2Jcccs","AP Dhillon","Two Hearts Never Break The Same","Hills",68,159942,FALSE,0.331,-10.115,1,0.0794,0.411,0.00577,0.11,0.182,96.012,4,8,"alt_electronic_pop",0.63
81222,"4FQZ1qUU6ds4QKL9s74uV8","Ed Sheeran;Lil Baby","Hits Hits Hits","2step",2,163449,FALSE,0.643,-5.867,0,0.0828,0.138,0,0.108,0.477,95.055,4,8,"alt_electronic_pop",0.62
81235,"055360csWJbFFGCLNxaTkx","Ed Sheeran;Elton John","Merry Christmas","Merry Christmas",7,208546,FALSE,0.935,-2.018,1,0.0357,0.243,2.36e-06,0.102,0.602,113.99,4,8,"alt_electronic_pop",0.5
81245,"1liUFogbLkZJV0uAdFjBUr","Ed Sheeran;Joel Corry","EDM Hits","Bad Habits - Joel Corry Remix",0,189577,FALSE,0.935,-4.902,0,0.0598,0.0488,0.00117,0.339,0.8,125.971,4,8,"alt_electronic_pop",0.89
81252,"1W1dS4VnIrYnllQJ3CAcZy","Sidhu Moose Wala","So High","So High",72,218666,FALSE,0.763,-6.346,0,0.205,0.0152,0,0.109,0.484,180.002,4,8,"alt_electronic_pop",0.75
81253,"3T0oPETOdddxJ2xTt2qJe4","Arjun Kanungo;Momina Mustehsan","Aaya Na Tu","Aaya Na Tu",70,210000,FALSE,0.539,-7.213,0,0.0474,0.825,5.85e-06,0.121,0.368,110.101,4,8,"alt_electronic_pop",0.53
81255,"1ZaeaGLhFSckG8sv1y7AWk","Harrdy Sandhu","Kya Baat Ay","Kya Baat Ay",68,179444,FALSE,0.592,-4.309,0,0.102,0.632,2.39e-06,0.108,0.652,89.966,4,8,"alt_electronic_pop",0.56
81269,"5LseDWFft6Fhwj5iK4fD5E","Justin Bieber","Santa Claus Is Coming To Town","Mistletoe",0,183066,FALSE,0.668,-7.282,0,0.0531,0.475,0,0.0862,0.823,161.948,4,8,"alt_electronic_pop",0.73
81276,"0E25sMDvRSgBT2uTBhYlEn","Justin Bieber;Usher","Rockin' Around The Christmas Tree 2022","The Christmas Song (Chestnuts Roasting On An Open Fire)",1,216426,FALSE,0.426,-9.525,0,0.0297,0.46,0,0.1,0.152,103.267,3,8,"alt_electronic_pop",0.88
81286,"6EqRZzXK89sFBZBxLRPTZe","Justin Bieber","CHRISTMAS TOP HITS 2022","Christmas Eve",0,223613,FALSE,0.57,-10.54,0,0.0711,0.687,0,0.173,0.336,128.657,4,8,"alt_electronic_pop",0.86
81288,"7rtCj2OfL0GChOsaSgUCWq","Justin Bieber","Weihnachtspop 2022","Rockin' Around The Christmas Tree",0,132732,FALSE,0.642,-3.656,1,0.032,0.0189,0,0.0957,0.828,151.592,4,8,"alt_electronic_pop",0.28
81299,"1G1Z9hpmbR5yRBBFRzu5D3","Justin Bieber;Busta Rhymes","Weihnachtspop 2022","Drummer Boy",0,225333,FALSE,0.85,-8.327,1,0.0819,0.025,0.000131,0.149,0.491,122.991,4,8,"alt_electronic_pop",0.65
81334,"0EtwxDYKlVgtoa4FNL9JiZ","Justin Bieber","pov: you are walking in a winter wonderland","Mistletoe",1,183066,FALSE,0.668,-7.282,0,0.0531,0.475,0,0.0862,0.823,161.948,4,8,"alt_electronic_pop",0.58
81336,"4ov51gsBbA32vSn4l49sOB","Justin Bieber;Usher","Slow Christmas Songs 2022","The Christmas Song (Chestnuts Roasting On An Open Fire)",0,216426,FALSE,0.426,-9.525,0,0.0297,0.46,0,0.1,0.152,103.267,3,8,"alt_electronic_pop",0.47
81345,"5daXN4TLvGWMIAxE3VlmrY","Justin Bieber;Busta Rhymes","It's Christmas, Let's Dance","Drummer Boy",0,225333,FALSE,0.85,-8.327,1,0.0819,0.025,0.000131,0.149,0.491,122.991,4,8,"alt_electronic_pop",0.69
81359,"1QZRCi2Z1DQQaR6bGAzhtN","Yo Yo Honey Singh","Desi Kalakaar","Love Dose",69,224444,FALSE,0.768,-4.554,0,0.117,0.256,0,0.614,0.662,139.998,4,8,"alt_electronic_pop",0.57
81370,"1GzgV0pRSUbenz25xWV2s8","Payal Dev;Badshah","Tauba (feat. Badshah)","Tauba (feat. Badshah)",68,199310,FALSE,0.56,-6.175,1,0.079,0.462,0,0.109,0.684,86.993,4,8,"alt_electronic_pop",0.57
81376,"2hDMBVN3P47GEhH5VtmA6m","Tegi Pannu;Manni Sandhu","Untouchable","Untouchable",69,153210,FALSE,0.603,-6.552,0,0.0676,0.472,0,0.124,0.519,146.864,4,8,"alt_electronic_pop",0.7
81377,"2BgEsaKNfHUdlh97KmvFyo","Anne-Marie","Speak Your Mind (Deluxe)","2002",82,186986,FALSE,0.683,-2.881,0,0.117,0.0372,0,0.137,0.603,96.133,4,8,"alt_electronic_pop",0.46
81378,"6IWZKBeAkeCzaYNE8SmedK","Rochak Kohli;Jubin Nautiyal;Neeti Mohan","Meri Zindagi Hai Tu (From ""Satyameva Jayate 2"")","Meri Zindagi Hai Tu (From ""Satyameva Jayate 2"")",69,284233,FALSE,0.86,-4.07,0,0.0359,0.38,0.000547,0.147,0.585,96.025,4,8,"alt_electronic_pop",0.46
81398,"7hMKAmUlUUYa5qEiHWK4bk","G. V. Prakash;Roop Kumar Rathod;Harini;Andrea Jeremiah","Madharasapattinam (Original Motion Picture Soundtrack)","Pookkal Pookkum",68,396466,FALSE,0.424,-12.006,0,0.0359,0.844,0.00381,0.169,0.561,119.823,4,8,"alt_electronic_pop",0.79
81405,"5wANPM4fQCJwkGd4rN57mH","Olivia Rodrigo","SOUR","drivers license",88,242013,TRUE,0.431,-8.81,1,0.0578,0.768,1.42e-05,0.106,0.137,143.875,4,8,"alt_electronic_pop",0.95
81407,"0Cy7wt6IlRfBPHXXjmZbcP","Ellie Goulding","Fifty Shades Freed (Original Motion Picture Soundtrack)","Love Me Like You Do",79,253520,FALSE,0.597,-6.633,0,0.0292,0.27,0,0.105,0.324,95.012,4,8,"alt_electronic_pop",0.75
81410,"3nFCZ39UfurEsVPT7y5vvJ","Arijit Singh;Tulsi Kumar;Tanishk Bagchi;Kumaar","Dhokha Round D Corner","Mahi Mera Dil",29,180117,FALSE,0.471,-9.65,1,0.0403,0.829,0,0.147,0.21,154.039,3,8,"alt_electronic_pop",0.86
81411,"0JBhoxPKHJc1ZeJrjSt0VO","Gajendra Verma","Tera Ghata","Tera Ghata",68,254173,FALSE,0.573,-7.309,0,0.0451,0.458,0.00533,0.0953,0.686,180.043,4,8,"alt_electronic_pop",0.94
81413,"1feANd8EfcDP5UqSvbheM3","Sachet Tandon;Sachet-Parampara","Bekhayali (From ""Kabir Singh"")","Bekhayali (From ""Kabir Singh"")",68,371790,FALSE,0.585,-5.18,0,0.0428,0.45,0,0.319,0.345,171.843,3,8,"alt_electronic_pop",0.66
81420,"64r6z0P3RnhpTGdkA7p5Os","Darshan Raval","Ek Tarfa","Ek Tarfa",67,234374,FALSE,0.615,-6.006,0,0.0328,0.547,0,0.139,0.33,79.948,4,8,"alt_electronic_pop",0.86
81452,"7wW9scVNLYFLsmBb1yAUmS","Yo Yo Honey Singh","Blue Eyes","Blue Eyes",68,220943,FALSE,0.51,-5.469,0,0.192,0.137,0.000106,0.0346,0.533,188.067,4,8,"alt_electronic_pop",0.6
81456,"0Aqi7ArnBrGblW5T6p2jmD","Trevor Daniel","Nicotine","Falling",79,159381,FALSE,0.431,-8.756,0,0.0364,0.123,0,0.0887,0.236,127.085,4,8,"alt_electronic_pop",0.71
81457,"4t77OsiudWy4timV32lPa2","Harrdy Sandhu","Backbone","Backbone",66,175058,FALSE,0.828,-2.495,0,0.114,0.053,0,0.135,0.483,84.659,4,8,"alt_electronic_pop",0.47
81458,"2aV8nAkyt5nsWdQTruzgmJ","Arijit Singh;Manan Bhardwaj;Khushalii Kumar","Dhokha","Dhokha",67,245160,FALSE,0.834,-3.726,0,0.129,0.29,0,0.0888,0.347,183.953,4,8,"alt_electronic_pop",0.82
81466,"1n1IDjxVczGQoNg4GMl670","A.R. Rahman;A. R. Reihana;Bamba Bakya","Ponniyin Selvan Part-1 (Original Motion Picture Soundtrack)","Ponni Nadhi",68,290526,FALSE,0.633,-9.552,1,0.141,0.119,0,0.291,0.567,151.996,4,8,"alt_electronic_pop",0.75
81468,"6EB454nVg2u6sbeCvWAPej","Sam C.S.;Anirudh Ravichander;Shakthisree Gopalan","Yaanji (From ""Vikram Vedha"")","Yaanji - From ""Vikram Vedha""",67,270375,FALSE,0.624,-6.492,0,0.0337,0.368,0,0.108,0.487,132.896,4,8,"alt_electronic_pop",0.63
81471,"7vv8wSGmc8Qm8o1qrgTEq1","David Guetta;Becky Hill;Ella Henderson","New Arrivals","Crazy What Love Can Do",0,169756,FALSE,0.713,-3.758,0,0.0449,0.0282,0,0.158,0.464,122.872,4,8,"alt_electronic_pop",0.58
81474,"3QBOSFnhe6GrJKAOrm9Hij","David Guetta;Becky Hill;Ella Henderson","Cardio Tracks","Crazy What Love Can Do",2,169756,FALSE,0.713,-3.758,0,0.0449,0.0282,0,0.158,0.464,122.872,4,8,"alt_electronic_pop",0.41
81478,"6XmBh5HSdVzEAaqzEftL9t","Stephen Zechariah;Srinisha Jayaseelan","Adi Penne","Adi Penne",68,301862,FALSE,0.648,-7.556,0,0.0392,0.449,0,0.382,0.423,107.978,1,8,"alt_electronic_pop",0.69
81482,"7fec0UcxeHVe6kHIez2GSs","Vivek - Mervin","Orasaadha (Madras Gig)","Orasaadha - Madras Gig",67,235500,FALSE,0.776,-4.892,1,0.0807,0.141,0,0.109,0.606,159.906,4,8,"alt_electronic_pop",0.54
81517,"3gOXq3FPPesm7VLPKmef6j","A.R. Rahman;Arijit Singh;Shashaa Tirupati","Atrangi Re","Rait Zara Si",68,291462,FALSE,0.495,-10.272,1,0.0362,0.781,0,0.0837,0.244,125.998,4,8,"alt_electronic_pop",0.78
81521,"324Y55zUTRSMdtFwc91csa","Vishal-Shekhar;Vishal Dadlani;Shekhar Ravjiani;Kumaar;Vayu","Jayeshbhai Jordaar","Firecracker",67,166600,FALSE,0.63,-5.609,0,0.171,0.242,0,0.0719,0.64,100.986,4,8,"alt_electronic_pop",0.89
81524,"7kcMEKsmqgfq68gSQk6F9c","A.R. Rahman;Antara Nandy","Ponniyin Selvan Part-1 (Original Motion Picture Soundtrack)","Alaikadal",68,314207,FALSE,0.308,-10.107,0,0.0407,0.958,0.000231,0.0638,0.292,149.593,3,8,"alt_electronic_pop",0.91
81537,"7tWbogz6sIIV6FDcbxkEKw","Billie Eilish","Halloween & Alternative","bury a friend",3,193143,FALSE,0.388,-14.505,1,0.349,0.739,0.143,0.106,0.205,120.035,4,8,"alt_electronic_pop",0.49
81545,"0ZamEnH0D9EvQD1GchY21Y","Billie Eilish","Halloween & Chill","all the good girls go to hell",0,168839,FALSE,0.446,-8.957,0,0.198,0.313,0.215,0.156,0.57,92.545,4,8,"alt_electronic_pop",0.81
81549,"5so1wKv1JCcpllBGxrOjjL","David Guetta;Sam Martin","EDM Hits","Dangerous - David Guetta Banging Remix",0,367786,FALSE,0.931,-4.32,0,0.0595,0.0237,0.852,0.0767,0.0825,128.004,4,8,"alt_electronic_pop",0.8
81554,"4t1DkxexoMbIHfSHS4Uiyr","Arijit Singh;Asees Kaur","Kesari","Ve Maahi",67,223999,FALSE,0.551,-6.906,1,0.0274,0.405,0,0.219,0.294,102.934,4,8,"alt_electronic_pop",0.78
81559,"68AyTcvyK46hpzwohHUkJI","Harnoor","Waalian","Waalian",66,218523,FALSE,0.392,-9.295,1,0.193,0.381,0,0.1,0.313,84.499,4,8,"alt_electronic_pop",0.57
81597,"5ElpusNZMl7iKKmVuxC6EH","Feid;J Balvin;Maluma;Nicky Jam;Sech;Justin Quiles","Verano en Junio","PORFA - Remix",0,333800,TRUE,0.737,-4.731,0,0.0785,0.0765,0,0.0747,0.697,167.969,4,8,"alt_electronic_pop",0.74
81601,"1v1oIWf2Xgh54kIWuKsDf6","AURORA","All My Demons Greeting Me As A Friend (Deluxe)","Runaway",79,248826,FALSE,0.302,-9.214,1,0.0372,0.629,7.83e-05,0.104,0.123,114.089,4,8,"alt_electronic_pop",0.84
81610,"3tj1y5eQNFMcXnkH0AcXTm","Sam Smith","pov: it's 2020","Diamonds",3,213869,FALSE,0.667,-6.764,0,0.0423,0.154,0,0.107,0.556,104.181,4,8,"alt_electronic_pop",0.61
81619,"3n7RtboHPFAG1Y6CF0cIgi","Harvi","Sufna Banke","Sufna Banke",66,179343,FALSE,0.626,-6.428,1,0.0527,0.387,0,0.357,0.308,163.826,4,8,"alt_electronic_pop",0.61
81628,"39eL80vvxZ36RXKfOZgrPb","Sam Smith","Best Road Trip Pop Tunes","Time After Time - Live At Abbey Road Studios",1,232128,FALSE,0.459,-9.413,1,0.0461,0.571,0.000165,0.101,0.272,129.661,4,8,"alt_electronic_pop",0.84
81633,"7kJAJJWRFRn1kmqC2zlKim","Feid","Reggaeton Mix Perreito","Si Te La Encuentras Por Ahí",1,191506,FALSE,0.569,-3.559,0,0.0779,0.144,5.27e-05,0.112,0.433,171.973,4,8,"alt_electronic_pop",0.72
81635,"0FYD3N8NI3yQ8mKvIMDJol","Feid","El perreo es el futuro","Normal",0,171880,TRUE,0.56,-4.867,0,0.171,0.034,0,0.315,0.541,170.082,4,8,"alt_electronic_pop",0.75
81664,"4xqrdfXkTW4T0RauPLv3WA","Conan Gray","Kid Krow","Heather",87,198040,FALSE,0.425,-7.301,1,0.0333,0.584,0,0.322,0.27,102.078,3,8,"alt_electronic_pop",0.78
81676,"07fDD54BLVrdAvM4krVGlG","Navaan Sandhu","Black Life","Black Life",66,179228,FALSE,0.682,-6.518,0,0.137,0.00392,0,0.181,0.646,89.81,4,8,"alt_electronic_pop",0.95
81677,"5rRifW8OsCeZaqDPjxTSTq","Lana Del Rey","Halloween Party 2022","Cherry",7,180902,TRUE,0.533,-9.493,0,0.0613,0.0471,0.00107,0.384,0.347,121.292,3,8,"alt_electronic_pop",0.82
81691,"2s694fZ36AJLuVnn3IBtFU","Lana Del Rey","Herbststimmung","If You Lie Down With Me",5,265186,FALSE,0.346,-9.508,1,0.036,0.913,3.99e-05,0.104,0.187,122.101,4,8,"alt_electronic_pop",0.47
81695,"1SWliBgqzayYYnvmxwbouX","Billie Eilish","Autumn Vibes 2022","Happier Than Ever",0,298899,FALSE,0.238,-8.802,1,0.0389,0.741,0.00193,0.128,0.303,72.535,3,8,"alt_electronic_pop",0.6
81698,"7xe9vBhh7elaVAa2ZvuAYM","Lana Del Rey;Cedric Gervais","Workout Hits 2023","Summertime Sadness (Lana Del Rey Vs. Cedric Gervais) - Cedric Gervais Remix",4,214912,FALSE,0.81,-5.791,0,0.0557,0.0147,6.94e-06,0.13,0.106,126.045,4,8,"alt_electronic_pop",0.71
81700,"2qgXrzJsry4KgYoJCpuaul","The Local Train","Aalas Ka Pedh","Choo Lo",67,233630,FALSE,0.695,-6.349,1,0.0271,0.0265,0.00815,0.146,0.351,145.957,4,8,"alt_electronic_pop",0.45
81711,"7zT8FxjvIjRlQoRbR7Wtec","Bruno Mars;Anderson .Paak;Silk Sonic","Give You Love - Cozy Hits","Leave the Door Open",0,242096,FALSE,0.616,-7.964,1,0.0324,0.182,0,0.0927,0.719,148.088,4,8,"alt_electronic_pop",0.56
81719,"1Fym4wXCqQDGSOdBPqKv9c","Bruno Mars;Anderson .Paak;Silk Sonic","On Chill - Rap & RnB","Leave the Door Open",0,242096,FALSE,0.616,-7.964,1,0.0324,0.182,0,0.0927,0.719,148.088,4,8,"alt_electronic_pop",0.52
81728,"3nyfXFUqmQB3yflF2sy9qH","Bruno Mars;Anderson .Paak;Silk Sonic","Hot Mix Pop","Skate",4,203122,FALSE,0.598,-8.365,1,0.0291,0.037,0,0.17,0.698,112.027,4,8,"alt_electronic_pop",0.84
81743,"1COGvQEAtPxisowBQjZyZ1","Bruno Mars","Music for Rainy Days","It Will Rain",0,257720,FALSE,0.835,-6.826,1,0.0516,0.337,0,0.082,0.468,150.014,4,8,"alt_electronic_pop",0.83
81744,"1qJ4p0TK46dVxY4nEHDGTb","Bruno Mars;R3HAB","Today's Party Hits","24K Magic - R3hab Remix",0,158678,FALSE,0.708,-5.692,0,0.21,0.146,0,0.33,0.566,106.175,4,8,"alt_electronic_pop",0.62
81768,"1YMLgvsQdE27r30q0fsLeV","Arijit Singh","Genius (Original Motion Picture Soundtrack)","Tera Fitoor",66,310000,FALSE,0.688,-5.136,1,0.0319,0.346,0.0439,0.262,0.726,135.984,4,8,"alt_electronic_pop",0.6
81777,"7HPM13Xek5XoRWxRzHfvkB","Jubin Nautiyal;Meet Bros.;Shardul Rathod","Dil Galti Kar Baitha Hai","Dil Galti Kar Baitha Hai",67,273272,FALSE,0.78,-5.123,0,0.0814,0.0781,0,0.0593,0.554,92.059,4,8,"alt_electronic_pop",0.86
81797,"6fBMKVPDNNdnKzaW4Hvu2M","Coldplay","Coffee Moment","Everyday Life",0,258532,FALSE,0.452,-8.991,1,0.0292,0.775,0.0818,0.065,0.235,124.103,4,8,"alt_electronic_pop",0.64
81812,"4a9tbd947vo9K8Vti9JwcI","BTS;Halsey","MAP OF THE SOUL : PERSONA","Boy With Luv (feat. Halsey)",80,229773,FALSE,0.862,-4.761,0,0.0845,0.0933,0,0.193,0.803,119.947,4,8,"alt_electronic_pop",0.56
81819,"58SIEtTjWErr0yEXVBKxvd","Jubin Nautiyal","Shri Krishna Govind Hare Murari","Shri Krishna Govind Hare Murari",66,153002,FALSE,0.632,-7.996,1,0.0376,0.301,0,0.169,0.345,110,4,8,"alt_electronic_pop",0.82
81828,"0x4WfZkQ3rTlUgHm8ngBdb","Sam Smith","Christmas Dinner","Have Yourself A Merry Little Christmas",2,170964,FALSE,0.178,-9.402,1,0.0414,0.957,1.1e-06,0.316,0.344,75.25,1,8,"alt_electronic_pop",0.88
81829,"4zGwr3Ur8g5j6BlTnUl6y2","Sam Smith","GOD JUL","Have Yourself A Merry Little Christmas",0,170964,FALSE,0.178,-9.402,1,0.0414,0.957,1.1e-06,0.316,0.344,75.25,1,8,"alt_electronic_pop",0.59
81830,"4NhdeAhleoj6ATVmboNtVm","Sam Smith","JULPYNTA","Have Yourself A Merry Little Christmas",0,170964,FALSE,0.178,-9.402,1,0.0414,0.957,1.1e-06,0.316,0.344,75.25,1,8,"alt_electronic_pop",0.84
81841,"5bA9oLT5JVquw1uHB1SdjQ","Sam Smith","Santa Claus Is Coming To Town","Have Yourself A Merry Little Christmas",0,170964,FALSE,0.178,-9.402,1,0.0414,0.957,1.1e-06,0.316,0.344,75.25,1,8,"alt_electronic_pop",0.76
81850,"1wnozUBSe7OMpmZiTPJC5j","A.R. Rahman;Javed Ali;KIRTI SAGATHIA;Pooja AV","Raanjhanaa (Original Motion Picture Soundtrack)","Tum Tak",66,304466,FALSE,0.621,-9.773,1,0.0491,0.676,0,0.0679,0.566,114.987,4,8,"alt_electronic_pop",0.65
81856,"18uwL0vNUanqZH0ro2QcOP","Jeremy Zucker","summer,","comethru",79,181613,FALSE,0.178,-11.991,1,0.0574,0.607,0,0.623,0.608,93.982,4,8,"alt_electronic_pop",0.64
81867,"3t3wsY5IdLVzB9WidegJSU","Atif Aslam;Shreya Ghoshal","Ramaiya Vastavaiya (Original Motion Picture Soundtrack)","Jeene Laga Hoon",65,236933,FALSE,0.732,-7.901,0,0.0424,0.166,0.000189,0.138,0.554,90.315,4,8,"alt_electronic_pop",0.71
81872,"36cqlmc53NqlEUqPJdgUOx","Sidhu Moose Wala;Raja Kumari","Moosetape","US (feat. Raja Kumari)",67,230068,FALSE,0.601,-6.112,0,0.0404,0.663,0,0.114,0.598,72.048,4,8,"alt_electronic_pop",0.62
81879,"06YVd30bpfbyLnfNp4Lsnf","Prashant Katheriya","Devine Nostalgia (Unplugged)","Tum Chhupa Na Sakogi",67,69741,FALSE,0.229,-11.711,0,0.035,0.88,0.0228,0.257,0.641,80.99,4,8,"alt_electronic_pop",0.91
81882,"4TgxFMOn5yoESW6zCidCXL","Jawsh 685;Jason Derulo;BTS","Savage Love (Laxed - Siren Beat) [BTS Remix]","Savage Love (Laxed – Siren Beat) [BTS Remix]",73,184905,TRUE,0.598,-5.695,0,0.0868,0.16,0,0.295,0.658,149.836,4,8,"alt_electronic_pop",0.5
81889,"6WAfYZXIKo2ufmQZQR9L8E","A.R. Rahman","Vendhu Thanindhathu Kaadu (Original Motion Picture Soundtrack)","Marakkuma Nenjam",66,258319,FALSE,0.373,-15.071,1,0.0362,0.783,0.105,0.111,0.315,119.972,4,8,"alt_electronic_pop",0.57
81895,"1PMyULgDs4FZNhFi7MPw8n","Siddharth Slathia","Haare Haare Hum To Dil Se Haare (Unplugged Version)","Haare Haare Hum To Dil Se Haare - Unplugged Version",65,157648,FALSE,0.369,-8.766,1,0.0405,0.835,0,0.1,0.548,159.687,4,8,"alt_electronic_pop",0.5
81902,"71mHO4fFmS2Xu5XxZbcRND","Chris Brown","Under The Influence","Under The Influence (Body Language)",77,148750,TRUE,0.62,-6.322,0,0.0375,0.0388,0.000213,0.129,0.459,144.835,4,8,"alt_electronic_pop",0.68
81904,"5e08a8D8T3z4LDXbUIjxKQ","WILLOW","ARDIPITHECUS","Wait a Minute!",69,196520,FALSE,0.705,-5.279,0,0.0278,0.0371,1.94e-05,0.0943,0.672,101.003,4,8,"alt_electronic_pop",0.4
81912,"4nydCE0L7G13XLKPzvLlNs","Arijit Singh","Mary Kom","Sukoon Mila",65,200437,FALSE,0.378,-8.367,1,0.0295,0.566,0,0.0919,0.527,123.949,4,8,"alt_electronic_pop",0.72
81939,"1rvJahl2EPy25dSsBNzTr4","Siddhu Kumar;Vineeth Sreenivasan;K. Sivaangi","Adipoli (From ""Think Originals"")","Adipoli (From ""Think Originals"")",65,172750,FALSE,0.6,-7.751,1,0.3,0.586,7.65e-06,0.15,0.706,149.982,4,8,"alt_electronic_pop",0.65
81964,"5T2ZZiBMDGh3TZDUbxg4rV","Palak Muchhal","M.S.Dhoni - The Untold Story","Kaun Tujhe",65,241448,FALSE,0.431,-8.937,0,0.037,0.868,2.47e-05,0.127,0.19,107.99,4,8,"alt_electronic_pop",0.63
81978,"1rfofaqEpACxVEHIZBJe6W","Camila Cabello;Young Thug","Camila","Havana (feat. Young Thug)",80,217306,FALSE,0.523,-4.333,1,0.03,0.184,3.56e-05,0.132,0.394,104.988,4,8,"alt_electronic_pop",0.88
81982,"4RULn5FlCuqIFSreEVp2Lb","JERRY","Street Style","Street Style",63,158048,TRUE,0.743,-6.107,0,0.282,0.07,0,0.107,0.445,81.335,4,8,"alt_electronic_pop",0.85
81984,"2NBYiYtI4v1ujkhHZBq3xw","Sidhu Moose Wala;Stefflon Don","Moosetape","Invincible (feat. Stefflon Don)",66,244444,FALSE,0.672,-4.351,1,0.0621,0.276,1.82e-05,0.111,0.307,107.956,4,8,"alt_electronic_pop",0.92
81988,"7xNCacksfUkYXsXuSW4vNF","salem ilese;TOMORROW X TOGETHER;Alan Walker","PS5 (with TOMORROW X TOGETHER & Alan Walker)","PS5 (with TOMORROW X TOGETHER & Alan Walker)",76,152214,FALSE,0.642,-5.404,0,0.211,0.0131,5.33e-06,0.0668,0.54,175.978,4,8,"alt_electronic_pop",0.81
81992,"40a42KKcVcnqT3Wz24INIm","Shankar Mahadevan","Kandukondain Kandukondain","Enna Solla Pogirai",63,360880,FALSE,0.438,-13.101,0,0.164,0.0303,9.1e-06,0.0862,0.331,82.013,4,8,"alt_electronic_pop",0.65
82003,"3qmncUJvABe0QDRwMZhbPt","Weezer","90's Music Grandi Successi","Say It Ain't So",2,258825,FALSE,0.551,-7.136,1,0.0354,0.00743,1.82e-05,0.07,0.451,151.779,4,17,"youth_pop_punk",0.69
82013,"2Nmgl5ms85CE90Yu4lm8jL","Weezer","Alternative Christmas 2022","O Holy Night",0,244306,FALSE,0.609,-7.724,1,0.0482,0.359,0,0.1,0.0988,197.819,3,17,"youth_pop_punk",0.79
82036,"7bg7JfJvKgKX1xTn1gGAki","Jimmy Eat World","Mirando las nubes","The Middle",0,166040,FALSE,0.848,-5.385,1,0.0529,0.0358,0,0.0676,0.928,162.151,4,17,"youth_pop_punk",0.84
82058,"3A6nR4GSolo160nu7xtDk7","Weezer;AJR","All My Favorite Songs (feat. AJR)","All My Favorite Songs (feat. AJR)",63,170720,FALSE,0.7,-6.47,1,0.0277,0.00998,0,0.116,0.588,84.962,4,17,"youth_pop_punk",0.59
82062,"27L8sESb3KR79asDUBu8nW","Fountains Of Wayne","Welcome Interstate Managers","Stacy's Mom",76,197986,FALSE,0.75,-4.927,0,0.0412,0.00207,1.78e-05,0.0808,0.927,118.015,4,17,"youth_pop_punk",0.41
82064,"6S3JlDAGk3uu3NtZbPnuhS","Badfinger","Straight Up (Remastered 2010 / Deluxe Edition)","Baby Blue - Remastered 2010",67,217346,FALSE,0.876,-7.788,1,0.066,0.0189,0.0134,0.0728,0.515,124.431,4,17,"youth_pop_punk",0.81
82067,"75GQIYnRaBg7ndHxhfYuQy","Raspberries","Raspberries","Go All The Way",62,205346,FALSE,0.849,-4.892,1,0.0999,0.548,0.000134,0.0995,0.555,134.287,4,17,"youth_pop_punk",0.73
82069,"5Th6EdNVhxp0TPX41ZLZk6","Blondie","One Way Or Another","One Way Or Another - Remastered/2001",60,212706,FALSE,0.877,-6.403,1,0.0532,0.0118,4.95e-05,0.0699,0.896,162.477,4,17,"youth_pop_punk",0.7
82070,"31Tp5iKrVUayn65qhg06nE","Elvis Costello","In Motion Pictures","She",70,187720,FALSE,0.28,-12.87,1,0.032,0.427,1.88e-06,0.13,0.276,130.876,4,17,"youth_pop_punk",0.7
82077,"0a4agFmqHXxcZl1nho1BxM","Blondie","Best Of Blondie","Heart Of Glass - Special Mix",69,275733,FALSE,0.577,-14.63,1,0.0308,0.015,0.00836,0.0853,0.845,114.478,4,17,"youth_pop_punk",0.55
82085,"6nW2ucfxkjeb6IeKWesbPJ","Marshall Crenshaw","Songwriters In the 1980s","Whenever You're On My Mind",34,197493,FALSE,0.748,-11.793,1,0.0434,0.173,0,0.22,0.895,115.061,4,17,"youth_pop_punk",0.57
82087,"5qeIxEG7ugqXcddblbARHV","Andrew Gold","Halloween y diversión para peques","It Must Be Halloween",0,176933,FALSE,0.472,-12.911,0,0.0763,0.652,0,0.401,0.527,117.053,4,17,"youth_pop_punk",0.62
82091,"3wbLj9Rd3YBZzKRDxC266o","The Smithereens","Especially For You","Blood And Roses",41,216826,FALSE,0.686,-14.141,1,0.0406,0.0101,0.0118,0.0633,0.81,120.837,4,17,"youth_pop_punk",0.65
82094,"32jlsYHeLMvnJNeaDUbWaO","Andrew Gold;Greg Prestopino","Para pedir dulces","Gimme A Smile (The Pumpkin Song)",0,239506,FALSE,0.395,-12.054,1,0.0401,0.767,0,0.109,0.681,111.075,4,17,"youth_pop_punk",0.42
82095,"2d3CLdRZNaRw6hUfvIXwk0","Andrew Gold","Halloween Kids Party 2022","Spooky, Scary Skeletons - Undead Tombstone Remix",0,125624,FALSE,0.788,-5.414,0,0.0619,0.0027,0.000502,0.353,0.574,127.91,4,17,"youth_pop_punk",0.63
82102,"2ckXnzyvgva2oE9FWjb405","Todd Rundgren","The Very Best of Todd Rundgren","Hello It's Me",55,264093,FALSE,0.848,-6.842,1,0.0261,0.0563,0.00426,0.0963,0.779,87.246,4,17,"youth_pop_punk",0.63
82109,"1VrIr1toXX6bOSdotodB71","Badfinger","No Dice (Remastered 2010 / Deluxe Edition)","Without You - Remastered 2010",53,283493,FALSE,0.339,-10.393,1,0.0274,0.429,2.75e-06,0.16,0.309,135.235,4,17,"youth_pop_punk",0.54
82110,"0V8SWgdKA0BWydzwQflZAY","Badfinger","Straight Up (Remastered 2010 / Deluxe Edition)","Sweet Tuesday Morning - Remastered 2010",52,150786,FALSE,0.396,-13.505,0,0.0296,0.738,7.9e-05,0.121,0.486,78.046,4,17,"youth_pop_punk",0.65
82127,"0otlwsD3mSogk7VJCTp6Kg","Pete Townshend","Empty Glass","Let My Love Open The Door",65,164653,FALSE,0.653,-9.731,1,0.0545,0.365,0.000117,0.0742,0.729,164.912,4,17,"youth_pop_punk",0.69
82132,"4jJ3rcbPevOdXr6hFIVW45","Swingin' Utters","A Juvenile Product of the Working Class","Windspitting Punk",35,134800,FALSE,0.959,-6.02,0,0.123,0.00142,0.000146,0.0866,0.665,174.296,4,17,"youth_pop_punk",0.62
82164,"4rETMmjiQ7NL0KFCIZa5oV","Cheap Trick","The Epic Archive, Vol. 3 (1984-1992)","Mighty Wings - From ""Top Gun"" Original Soundtrack",60,231080,FALSE,0.939,-7.793,1,0.0494,0.0384,0,0.181,0.805,158.44,4,17,"youth_pop_punk",0.63
82168,"3GjNgJri0tX34qavdUSXuh","The 20 Belows","Wreckage","So Simple",28,137144,FALSE,0.894,-2.063,1,0.039,2.49e-05,0.636,0.395,0.604,88.746,4,17,"youth_pop_punk",0.7
82170,"2FVEJt4xS9rumGapVJfw82","The Dollyrots","Because I'm Awesome","My Best Friend's Hot",27,190133,FALSE,0.867,-2.671,1,0.0369,0.000673,0.00016,0.128,0.637,143.966,4,17,"youth_pop_punk",0.59
82171,"416BxG9416xVKVQrdXDfAf","The Plimsouls","Beach Town Confidential: Live at the Golden Bear 1983","Oldest Story In The World",27,217106,FALSE,0.806,-5.247,1,0.0405,0.557,6.48e-06,0.717,0.211,126.598,4,17,"youth_pop_punk",0.52
82176,"25UEMYOAjBNiPpjJ4frzmc","Screeching Weasel","Boogadaboogadaboogada! (2020 Remaster)","Dingbat",30,118880,FALSE,0.972,-5.698,1,0.0826,0.0164,0,0.366,0.812,138.368,4,17,"youth_pop_punk",0.52
82182,"6p082R9fzGVugAWKXlOq4V","The 20 Belows","Late Nights","The Lakes",29,164623,FALSE,0.984,-3.367,1,0.0835,1.99e-05,0.274,0.106,0.454,135.94,4,17,"youth_pop_punk",0.59
82190,"60NgzbI2jBY1TuTbooGUOM","Masked Intruder","Masked Intruder","25 to Life",28,128706,FALSE,0.886,-5.086,1,0.0394,0.000333,0.000169,0.142,0.762,109.989,4,17,"youth_pop_punk",0.73
82196,"7z4SmxVFUoMUJ9RjXjXsFA","Alex Chilton","Free Again: The ""1970"" Sessions","Jumpin' Jack Flash",31,247893,FALSE,0.97,-5.57,1,0.0398,0.000225,6.95e-05,0.0706,0.584,122.091,4,17,"youth_pop_punk",0.81
82206,"5gWod9YHXBh6cdW8w2lszm","Weezer","SZNZ: Autumn","What Happens After You?",56,199592,FALSE,0.607,-7.671,0,0.0335,0.0127,2.32e-05,0.32,0.536,123.033,4,17,"youth_pop_punk",0.68
82209,"08nbKZTgrxdObcdVFVX6W2","Shannon & The Clams","Onion","Did You Love Me",28,212080,FALSE,0.706,-6.931,1,0.0384,0.086,0.922,0.685,0.43,149.775,3,17,"youth_pop_punk",0.68
82233,"5oHJE4qCu170sH2ABgr52M","Dillinger Four","C I V I L W A R","A Jingle for the Product",28,227826,FALSE,0.966,-4.452,1,0.203,0.0301,0,0.342,0.544,159.985,4,17,"youth_pop_punk",0.54
82237,"0QKKI3pKCkSIJnICOWQMvG","Andrew Gold","Classic Rock Masters (Re-Recorded Versions)","Lonely Boy - Re-Recorded",27,268000,FALSE,0.691,-4.965,1,0.0322,0.11,0,0.0824,0.482,122.906,4,17,"youth_pop_punk",0.41
82239,"0MlXO3L2vRz5bPSsV1pYZo","Teenage Bottlerocket","They Came From The Shadows","Not Ok",29,197560,FALSE,0.989,-3.403,1,0.115,1.34e-05,0,0.104,0.695,198.032,4,17,"youth_pop_punk",0.46
82251,"6qQGxKyy6LcyZVsWn93lyS","Weezer","Pinkerton","Pink Triangle",58,238600,FALSE,0.894,-4.834,1,0.0822,0.0118,0,0.347,0.466,118.809,4,17,"youth_pop_punk",0.63
82266,"6zVhXpiYbJhLJWmLGV9k1r","Weezer","OK Human","All My Favorite Songs",52,202703,FALSE,0.628,-8.018,0,0.031,0.126,9.93e-06,0.314,0.394,161.438,4,17,"youth_pop_punk",0.43
82276,"0wpJR7m3gGrywZbmG20Oai","Barreracudas","Can Do Easy","Promises",25,182013,FALSE,0.936,-5.967,1,0.129,0.0185,0.000224,0.0782,0.899,164.402,4,17,"youth_pop_punk",0.54
82277,"50boDUJ7PKWc0XC85915Od","The Manges","Go Down","Vengeance Is Mine",25,120826,FALSE,0.9,-2.788,1,0.131,0.00732,0.000144,0.0658,0.899,187.068,4,17,"youth_pop_punk",0.59
82280,"68g3xsAjcdPGyKfKj7QG5d","The Bombpops","Fear of Missing Out","F.O.M.O.",26,162853,FALSE,0.972,-5.133,1,0.075,5.53e-05,0,0.192,0.613,196.978,4,17,"youth_pop_punk",0.4
82288,"2NEeO8TLqtks9M7kaKRikJ","Hoodoo Gurus","Kinky","A Place In The Sun - 2005 Remaster",26,223253,FALSE,0.929,-3.653,1,0.03,0.00238,0.0187,0.344,0.693,165.233,4,17,"youth_pop_punk",0.78
82297,"2nIdwh499z1vWpzNy7IeGP","Hoodoo Gurus","In Blue Cave","Night Must Fall - Remaster 2005",26,346666,FALSE,0.845,-7.585,0,0.177,0.0761,0.289,0.721,0.233,151.433,4,17,"youth_pop_punk",0.63
82314,"0M3rVS2aYMDiobszBYRmVh","Shannon & The Clams","Year Of The Spider","Crawl",26,139133,FALSE,0.645,-4.608,0,0.0287,0.234,0,0.112,0.767,111.525,3,17,"youth_pop_punk",0.42
82324,"2tDcQzjl8q3qwsYFc3bCwa","Elvis Costello & The Attractions","Taking Liberties","Girls Talk",25,116266,FALSE,0.513,-17.406,1,0.033,0.318,0,0.168,0.965,136.314,4,17,"youth_pop_punk",0.69
82325,"1J8PgePsTmVm3TAuYnblw6","Blondie","Eat To The Beat","Slow Motion",25,208977,FALSE,0.884,-4.283,1,0.0378,0.0236,0,0.282,0.809,138.31,4,17,"youth_pop_punk",0.76
82326,"1pdDiwTCPxoE3MkoYoagL7","The Jayhawks","Smile (Expanded Edition)","Smile",25,229640,FALSE,0.435,-10.028,1,0.0275,0.00857,0,0.0932,0.24,75.348,4,17,"youth_pop_punk",0.47
82340,"4rfoxdyoyZc9Es4TitEpMr","Blondie","Blondie 4(0)-Ever: Greatest Hits Deluxe Redux / Ghosts Of Download","Rapture - Rerecorded 2014 Version",25,333505,FALSE,0.862,-4.521,0,0.0395,0.331,0.00317,0.0847,0.909,107.343,4,17,"youth_pop_punk",0.51
82351,"11PUdjgVfGEZLG9zs9UeTp","Fountains Of Wayne","Welcome Interstate Managers","Hackensack",47,180093,FALSE,0.52,-9.515,1,0.0317,0.543,0.000256,0.0965,0.701,117.008,4,17,"youth_pop_punk",0.56
82353,"29f4cPjqBi9n5lS8XQlKa3","Jimmy Eat World","Place Your Debts","Place Your Debts",38,310380,FALSE,0.458,-6.649,1,0.0285,0.00343,0.158,0.0747,0.0647,87.959,4,17,"youth_pop_punk",0.73
82357,"7zz7iNGIWhmfFE7zlXkMma","The Posies","Amazing Disgrace","Grant Hart",22,144973,FALSE,0.957,-6.887,1,0.0897,2.29e-05,0.0063,0.378,0.204,172.932,4,17,"youth_pop_punk",0.6
82391,"6jKpaytieEZYfz9VI2VURv","The Queers","Love Songs For the Retarded","Teenage Bonehead",25,134920,FALSE,0.84,-3.404,1,0.0341,0.00154,0,0.113,0.672,184.58,4,17,"youth_pop_punk",0.4
82397,"0C9E39MqYy5usQcl0aGPU0","The Lillingtons","Death By Television","I Saw The Apeman",25,150106,FALSE,0.836,-5.993,1,0.0288,0.000672,0.000667,0.208,0.84,94.796,4,17,"youth_pop_punk",0.61
82399,"6EkjoXJvFQ6V7l5nto15bL","The Lemonheads","Come On Feel The Lemonheads","Rest Assured",24,148199,FALSE,0.885,-9.792,1,0.0454,0.0022,0,0.173,0.764,101.392,4,17,"youth_pop_punk",0.55
82404,"390viE1HgESBNYE8vRKiQB","Big Star","#1 Record (Remastered)","The Ballad Of El Goodo",38,260240,FALSE,0.562,-5.536,1,0.0294,0.0144,0,0.0492,0.368,152.313,4,17,"youth_pop_punk",0.56
82413,"74kpJaQf7qjEoDcZmF8hQj","The Manges","Go Down","Another Day",23,120520,FALSE,0.964,-3.065,1,0.05,0.000107,0.0107,0.0688,0.734,105.196,4,17,"youth_pop_punk",0.6
82417,"3u7pHtKn4sU86VzJHM4Wbw","Direct Hit!","Wasted Mind","Artificial Confidence",24,169658,FALSE,0.973,-3.126,1,0.117,0.00764,0,0.105,0.707,167.92,4,17,"youth_pop_punk",0.69
82424,"3urIHiMeJLHGVTO0ybSF0d","Weezer","90s Mixtape","Buddy Holly",24,160133,FALSE,0.913,-4.233,1,0.0425,0.00245,0.000156,0.0686,0.786,121.183,4,17,"youth_pop_punk",0.67
82425,"5r2z0FHOoFI06GZEVGDjzM","Squeeze","East Side Story","Tempted",61,240333,FALSE,0.356,-13.743,0,0.0347,0.0916,0.0905,0.052,0.392,95.026,4,17,"youth_pop_punk",0.65
82431,"1Q21VA8HYwM49wrlh2fkg4","Mannequin Pussy","Mannequin Pussy","Pissdrinker",24,196440,FALSE,0.854,-5.701,1,0.034,0.057,0.0027,0.102,0.316,78.825,4,17,"youth_pop_punk",0.51
82445,"5KckAOzQttI3LsIEzfSAaG","Off With Their Heads","Home","Janie",24,123733,FALSE,0.996,-3.269,1,0.0564,5.4e-05,0,0.421,0.501,102.12,4,17,"youth_pop_punk",0.69
82470,"5zHx5ZKOLaatEm9mdVhobm","Shannon & The Clams","Onion","Tell Me When You Leave",23,142706,FALSE,0.757,-6.786,1,0.0514,0.127,0.892,0.0969,0.912,156.164,4,17,"youth_pop_punk",0.57
82472,"2wSQ3R8BBAG2lB16Wnh3Cg","Dave Edmunds","Trax on Wax 4","Trouble Boys",23,182306,FALSE,0.957,-5.613,1,0.0569,0.0268,1.53e-05,0.0616,0.953,164.405,4,17,"youth_pop_punk",0.82
82473,"6oRgBbSeawL4i7gF3tqRJJ","Freedy Johnston","This Perfect World","This Perfect World",23,275293,FALSE,0.395,-12.134,0,0.026,0.332,0.0167,0.121,0.217,95.955,4,17,"youth_pop_punk",0.7
82475,"6KlLjzEYcJs0VmPMLe6FUw","glass beach","classic j dies and gets a million streams","classic j dies and gets a million streams",23,302903,FALSE,0.362,-11.382,0,0.0498,0.0661,0,0.573,0.156,123.371,4,17,"youth_pop_punk",0.71
82497,"5bgm3hAFXiqjdsKSa3aSTs","Hoodoo Gurus","Gold Watch","What's My Scene - 2005 Remaster",23,229000,FALSE,0.937,-2.839,1,0.0645,0.00169,0.000455,0.134,0.599,166.944,4,17,"youth_pop_punk",0.62
82518,"2oJeOK86g6rG3ni3KWJ33U","The Godfathers","The Best Of The Godfathers: Birth, School, Work, Death","She Gives Me Love",22,232440,FALSE,0.814,-8.855,1,0.0503,0.00043,0.0051,0.0633,0.561,140.143,4,17,"youth_pop_punk",0.82
82573,"0wb21I1NV5uVUolRXIqlJF","Badfinger","Magic Christian Music (Remastered 2010 / Deluxe Edition)","Come And Get It - Remastered 2010",55,143213,FALSE,0.629,-6.9,1,0.0263,0.0285,1.32e-06,0.208,0.606,94.004,4,17,"youth_pop_punk",0.56
82574,"4beOdN2knXQ56LvxNruIWi","The Dream Syndicate","Ultraviolet Battle Hymns and True Confessions","Every Time You Come Around",23,225853,FALSE,0.722,-5.732,0,0.0458,0.0506,0.562,0.215,0.619,117.216,4,17,"youth_pop_punk",0.65
82589,"2tMnUAgtaxh69R5K7Fa3uf","Hoodoo Gurus","Magnum Cum Louder","Axegrinder",22,207293,FALSE,0.849,-2.329,1,0.0347,0.00716,0.00295,0.0601,0.834,110.029,4,17,"youth_pop_punk",0.74
82590,"4gi2e6rh7dKSw14P4pODT7","Sloppy Seconds","More Trouble Than They're Worth","Fifteen Minutes... Or It's Free",22,159333,FALSE,0.955,-4.068,1,0.0435,0.00136,0,0.146,0.58,96.042,4,17,"youth_pop_punk",0.56
82608,"5hrm4EsjKXstkHgBypelD7","Alejandro Escovedo","Burn Something Beautiful","Horizontal",24,214666,FALSE,0.744,-5.969,1,0.0349,0.000188,0.000194,0.129,0.369,106.502,4,17,"youth_pop_punk",0.79
82611,"2TuQv76tDFGZbAA8vcrH9b","Direct Hit!","Human Movement","Blood on Your Tongue",22,138506,FALSE,0.942,-5.113,1,0.0348,6.9e-05,1.06e-06,0.133,0.722,174.978,4,17,"youth_pop_punk",0.73
82632,"4pl9lukL9Yme5nRtbd5ujH","Screeching Weasel","Anthem for a New Tomorrow","Totally",23,101773,FALSE,0.972,-3.235,1,0.0808,0.00279,0,0.153,0.741,99.608,4,17,"youth_pop_punk",0.62
82637,"2KOEGN6Q7ByNjmPNJ8O07o","White Reaper","The World's Best American Band","Party Next Door",22,135262,FALSE,0.778,-2.64,1,0.0507,0.156,0,0.214,0.758,165.15,4,17,"youth_pop_punk",0.65
82645,"4y9OVwrQLvzB9vsC39y5Vm","The Queers","Punk Rock Confidential","Like A Parasite",23,172200,FALSE,0.934,-4.28,1,0.0364,0.00103,0.211,0.375,0.97,130.956,4,17,"youth_pop_punk",0.7
82663,"1eWIf1OBcQ4S1prYGVdiJP","The Smithereens","Out Of This World","Out Of This World",22,213080,FALSE,0.936,-3.423,0,0.0482,0.00866,1.82e-06,0.0368,0.722,118.13,4,17,"youth_pop_punk",0.59
82683,"72JzlqSqHIor9bU3e5CbE8","The Replacements","Don't Tell a Soul (Expanded)","Anywhere's Better Than Here - 2008 Remaster",23,167760,FALSE,0.874,-5.887,1,0.0429,0.0603,4e-04,0.767,0.826,130.456,4,17,"youth_pop_punk",0.86
82689,"4qPaCbwwvKJVzkvUuwJldh","Teenage Bottlerocket","Stealing the Covers","Back and Forth",23,181200,FALSE,0.991,-2.703,1,0.056,0.00195,0,0.207,0.665,102.467,4,17,"youth_pop_punk",0.78
82698,"158QZS0zZ4ycGZtZFPa7In","Squeeze","Greatest Hits","Last Time Forever",23,253373,FALSE,0.511,-13.411,1,0.0405,0.167,0.000147,0.0744,0.72,176.23,4,17,"youth_pop_punk",0.82
82706,"16SYxKZlGXo0NN418KVVbo","The Boys With The Perpetual Nervousness;Mary Lou Lord","The Third Wave of...","Isolation",21,168266,FALSE,0.624,-8.729,1,0.0285,0.0316,0.431,0.145,0.805,120.091,4,17,"youth_pop_punk",0.58
82708,"7j6jTmlMd4l496KFdv1Kju","PEARS","Go to Prison","You're Boring",22,53986,FALSE,0.981,-6.285,0,0.256,0.000767,0,0.0941,0.532,195.882,4,17,"youth_pop_punk",0.28
82744,"12aorxTsA3NlwJd7wDiOi3","The Lawrence Arms","The Greatest Story Ever Told","The Ramblin' Boys of Pleasure",24,164493,FALSE,0.835,-5.887,1,0.0712,0.0045,0,0.35,0.266,101.646,4,17,"youth_pop_punk",0.56
82785,"26LtMtNSAFwBMl6ehOq37r","Joe Jackson","Night And Day","Real Men",23,244933,FALSE,0.5,-5.951,1,0.0256,0.633,5.61e-05,0.156,0.348,113.485,3,17,"youth_pop_punk",0.49
82794,"6dF0VLtLe6De30w17TMquI","The New Pornographers","Together","Your Hands (Together)",22,212786,FALSE,0.528,-8.21,1,0.0362,0.0163,0,0.343,0.47,150.721,4,17,"youth_pop_punk",0.55
82795,"29GYqN3PpCr6Q6Frvozmwo","Joe Jackson","Jumpin' Jive (Remastered 1999)","What's The Use Of Getting Sober (When You're Gonna Get Drunk Again)",23,229400,FALSE,0.363,-7.809,1,0.034,0.603,1.13e-06,0.0496,0.396,77.887,4,17,"youth_pop_punk",0.47
82811,"6IZIEhCq9crPjl2jGUvELS","The Jayhawks","Rainy Day Music","Save It For A Rainy Day",51,187733,FALSE,0.757,-3.536,1,0.0267,0.278,0,0.358,0.718,124.805,4,17,"youth_pop_punk",0.7
82824,"7JlrM6MxsLw5l70L6xDaUw","Screeching Weasel","The Awful Disclosures Of Screeching Weasel","In La Quinta del Sordo",22,158613,FALSE,0.912,-5.542,0,0.0704,2.94e-05,0.0407,0.12,0.49,179.847,4,17,"youth_pop_punk",0.63
82842,"2xEuXzb9Iqd6Bzy2abykOg","Masked Intruder","Masked Intruder","Why Don't You Love Me in Real Life",20,166040,FALSE,0.426,-6.558,1,0.0911,0.0298,0.000228,0.0983,0.569,149.368,4,17,"youth_pop_punk",0.69
82848,"5hGCgA3TV7Z8iE4EItBKdr","The Lillingtons","Death By Television","I Came From The Future",22,98026,FALSE,0.985,-5.664,0,0.089,2.02e-05,0.783,0.265,0.561,168.582,4,17,"youth_pop_punk",0.7
82862,"1q4Dl6dxDMltMGHH9TdYqo","The Muffs","The Muffs","Not Like Me",20,183693,FALSE,0.734,-10.207,1,0.0306,0.000182,0.000103,0.1,0.943,118.503,4,17,"youth_pop_punk",0.71
82876,"2Uug3JtuWyuiBqmvpaRHOp","Groovie Ghoulies","Go! Stories","Chupacabras",19,83266,FALSE,0.938,-4.619,1,0.0814,0.00293,0.000142,0.271,0.961,169.78,4,17,"youth_pop_punk",0.81
82888,"5usqAd5N9BgRJhM93KCxbq","The Lemonheads","It's A Shame About Ray (Expanded Edition)","Kitchen - Demo Version",20,192386,FALSE,0.268,-14.772,1,0.0319,0.911,0.0505,0.13,0.682,81.807,4,17,"youth_pop_punk",0.66
82897,"3xKJA2UdkdiTvH7g4LFX7A","The Lawrence Arms","Apathy and Exhaustion","Navigating the Windward Passage",23,203426,FALSE,0.973,-6.158,1,0.103,3.74e-05,0.00195,0.441,0.5,148.642,4,17,"youth_pop_punk",0.74
82899,"3nbRFWzOJrHIRh3xc53bKK","Material Issue","International Pop Overthrow","Renee Remains The Same",19,196600,FALSE,0.913,-10.643,1,0.0556,0.000817,7.96e-05,0.232,0.624,133.392,4,17,"youth_pop_punk",0.67
82925,"6gCRvKpLUWhbJ9wZ9LgqzG","Mannequin Pussy","Mannequin Pussy","My Baby (Axe Nice)",21,59400,FALSE,0.922,-3.562,1,0.0527,0.197,2.01e-05,0.148,0.248,92.456,4,17,"youth_pop_punk",0.67
82934,"7fQk04iA9GcH4hexEblRon","Los Crudos","Discografía","¿Por Qué-",21,68789,FALSE,0.961,-3.297,1,0.164,0.00286,0.778,0.402,0.574,172.55,3,17,"youth_pop_punk",0.72
82936,"1K0Q6IDaQpKbHXcPsKTEUS","Screeching Weasel","First World Manifesto","Frankengirl",22,109800,FALSE,0.957,-3.506,0,0.0527,0.015,0,0.365,0.789,105.543,4,17,"youth_pop_punk",0.65
82940,"6MftrZMEUrUDgWUjjifia4","Hoodoo Gurus","Kinky","I Don't Mind - 2005 Remaster",20,219973,FALSE,0.962,-2.798,1,0.0578,0.0685,0.00117,0.0378,0.804,138.096,4,17,"youth_pop_punk",0.59
82942,"2WpEHlXuYViB3tFGGwm8rr","Los Crudos","Discografía","Cipayos, Traidores y Vendidos",21,34456,FALSE,0.993,-3.608,1,0.144,0.000151,0.000385,0.19,0.515,157.578,4,17,"youth_pop_punk",0.54
82946,"4AKGj2MWGWVtsSkLNAitPK","The Replacements","All for Nothing / Nothing for All","Beer for Breakfast",21,97866,TRUE,0.855,-5.594,1,0.0355,0.0733,0.00123,0.0678,0.913,180.499,4,17,"youth_pop_punk",0.65
82953,"6Qe3oEUnOc3YkmDtvoFRLj","The Reflectors","Faster Action","All Made Up",19,131573,FALSE,0.918,-6.479,1,0.0477,0.00822,6.68e-05,0.109,0.673,156.836,4,17,"youth_pop_punk",0.62
82955,"1vBb0m2Ggsj9MTtwrVKW1I","The Exploding Hearts","Guitar Romantic","Jailbird",19,217013,FALSE,0.962,-5.594,1,0.0461,0.216,3.87e-06,0.201,0.575,138.865,4,17,"youth_pop_punk",0.52
82957,"2mypeVhzzgPXe4inY9c8fL","Tony Molina","Dissed and Dismissed","Don't Come Back",20,92244,FALSE,0.839,-6.01,1,0.0545,0.138,0.0963,0.444,0.476,148.266,4,17,"youth_pop_punk",0.52
82963,"0voIXYsgcMrgwm94dOi1Nb","The Records","Play Live! Evanston ILL 9/7/80","Starry Eyes",20,287893,FALSE,0.776,-6.978,1,0.053,0.186,0.000154,0.979,0.393,158.096,4,17,"youth_pop_punk",0.61
82968,"6oo6VQtCWER0Havn92qyvY","Dinosaur Jr.","Bug","Keep the Glove",22,170973,FALSE,0.928,-5.11,1,0.095,0.00857,0.000421,0.0812,0.37,129.266,4,17,"youth_pop_punk",0.63
82974,"1DXTkrWs5R0WFLaE776Ath","Old 97's","Satellite Rides","Weightless",21,224426,FALSE,0.423,-10.147,1,0.025,0.0717,0.00215,0.276,0.474,84.097,4,17,"youth_pop_punk",0.61
83014,"6YUTL4dYpB9xZO5qExPf05","Calvin Harris","Motion","Summer",82,222533,FALSE,0.856,-3.556,0,0.0346,0.0211,0.0178,0.141,0.743,127.949,4,15,"underground_heavy_hybrid",0.45
83033,"4wobSR77IcbVP58BUwllTy","Marshmello;Bastille","Workout Hits 2023","Happier",1,214289,FALSE,0.792,-2.749,1,0.0452,0.191,0,0.167,0.671,100.011,4,15,"underground_heavy_hybrid",0.54
83036,"7mbd55vVvtqHOfxL2L5zRM","R3HAB;TINI;Reik","Fiesta portatil","Bésame (I Need You)",0,136200,FALSE,0.701,-6.029,1,0.0944,0.0165,0.00365,0.0513,0.273,99.984,4,15,"underground_heavy_hybrid",0.57
83041,"3GqdU7BqLVpP7hBtlncv3n","Swedish House Mafia","Larga Vida al Electro","One - Radio Edit",0,169920,FALSE,0.78,-6.564,1,0.0367,0.0075,0.824,0.147,0.623,125.027,4,15,"underground_heavy_hybrid",0.62
83048,"0k30CIxipiw4Vx0NLG6qqk","Swedish House Mafia;John Martin","Electro sounds","Don't You Worry Child - Radio Edit",0,211360,FALSE,0.83,-3.229,0,0.0552,0.117,0,0.18,0.478,128.986,4,15,"underground_heavy_hybrid",0.55
83076,"2PhlrsYp7TSkK96ngbmL38","Matisse & Sadko;Hanne Mjøen","Into You","Into You",60,161538,FALSE,0.687,-6.4,1,0.034,0.0336,0,0.125,0.278,156,4,15,"underground_heavy_hybrid",0.28
83081,"2wQ411UQL2MRsdAgPRUstT","Vicetone","Walk Thru Fire","Walk Thru Fire",65,194482,FALSE,0.664,-4.926,1,0.0357,0.329,1.53e-06,0.382,0.351,116.028,4,15,"underground_heavy_hybrid",0.44
83098,"13QlmzEg89fD2DmW3f503g","Duke Dumont;Jax Jones","Fiesta portatil","I Got U",0,285596,FALSE,0.761,-7.752,0,0.035,0.00383,0.00784,0.0851,0.462,120.842,4,15,"underground_heavy_hybrid",0.81
83112,"5aXTfpNOqLj35ydEiLio67","Martin Garrix;Zedd","Follow","Follow",67,221220,FALSE,0.78,-6.102,0,0.0432,0.0333,0.193,0.0728,0.201,127.085,4,15,"underground_heavy_hybrid",0.45
83153,"24LS4lQShWyixJ0ZrJXfJ5","Calvin Harris;Florence Welch","18 Months","Sweet Nothing (feat. Florence Welch)",72,212560,FALSE,0.929,-3.942,0,0.109,0.197,0.000112,0.0567,0.582,127.934,4,15,"underground_heavy_hybrid",0.78
83161,"5itOtNx0WxtJmi1TQ3RuRd","Calvin Harris;Rag'n'Bone Man","Giant (with Rag'n'Bone Man)","Giant (with Rag'n'Bone Man)",73,229184,FALSE,0.887,-4.311,0,0.0361,0.016,0.000503,0.0811,0.606,122.015,4,15,"underground_heavy_hybrid",0.7
83164,"043bfUkTydw0xJ5JjOT91w","Swedish House Mafia;John Martin","Until Now","Don't You Worry Child",63,403493,FALSE,0.88,-4.051,1,0.0463,0.0144,0.0021,0.118,0.338,129.007,4,15,"underground_heavy_hybrid",0.51
83170,"5tsZgJv9QqdrIqxU9piCku","Calvin Harris;Dua Lipa;R3HAB","One Kiss (with Dua Lipa) [Remixes]","One Kiss (with Dua Lipa) - R3HAB Remix",58,190866,FALSE,0.919,-3.314,0,0.146,0.158,0.000214,0.0595,0.133,126.926,4,15,"underground_heavy_hybrid",0.63
83179,"18YRKiIZO4qDEc5Ik0Cry6","Marshmello;Anne-Marie;R3HAB","FRIENDS (R3hab Remix)","FRIENDS - R3hab Remix",56,157142,TRUE,0.814,-4.398,0,0.0409,0.028,0,0.0969,0.696,104.93,4,15,"underground_heavy_hybrid",0.77
83197,"4IZ2mxI4BOhvvyk3y7UsMX","Otto Knows","Electro sounds","Parachute - Radio Edit",0,202503,FALSE,0.779,-3.352,0,0.0369,0.0205,2.98e-05,0.319,0.585,127.991,4,15,"underground_heavy_hybrid",0.38
83228,"3c9IKwzgIPcCweCl9so748","Tujamo","Underwater","Underwater",69,141895,FALSE,0.692,-5.748,0,0.0412,0.00469,1.64e-06,0.12,0.491,124.077,4,15,"underground_heavy_hybrid",0.49
83231,"3LkdTjyywksp2Zr1yqJS6d","Dimitri Vangelis & Wyman;Mike Perry","Coming Home","Coming Home",57,207998,FALSE,0.921,-4.199,1,0.0625,0.0205,9.67e-06,0.119,0.427,127.964,4,15,"underground_heavy_hybrid",0.63
83233,"15blW8gWnwnu96IVuHnWs2","Robbie Seed;Steve Brian","ASOT 1090 - A State Of Trance Episode 1090","Holding On (ASOT 1090) - Steve Brian Remix",38,178760,FALSE,0.812,-9.471,1,0.0387,0.000445,0.0166,0.271,0.145,127.993,4,15,"underground_heavy_hybrid",0.62
83239,"3wvo6Fh3RBn5t60p3iK16Z","Markus Schulz;Delacey;GXD","ASOT 1090 - A State Of Trance Episode 1090","Destiny (ASOT 1090) - GXD Remix",38,279420,FALSE,0.901,-7.969,0,0.0474,0.000228,0.00691,0.197,0.048,133.863,4,15,"underground_heavy_hybrid",0.66
83248,"3IgXAJImaSIZ8pBF1z1Ucv","Armin van Buuren","ASOT 1090 - A State Of Trance Episode 1090","A State Of Trance (ASOT 1090) - GXD Guest Mix",36,31520,FALSE,0.68,-7.537,1,0.307,0.0195,0,0.395,0.937,127.677,5,15,"underground_heavy_hybrid",0.56
83284,"2ZFx4terxlW3FNY25kpy71","Armin van Buuren;AVIRA;Chicane","Feel Again, Pt. 2","Offshore",0,199680,FALSE,0.948,-5.977,0,0.0392,0.0011,0.896,0.128,0.354,125.016,4,15,"underground_heavy_hybrid",0.59
83285,"3GmVvoNGooqTx3fV2H1rjU","Armin van Buuren","ASOT 1090 - A State Of Trance Episode 1090","A State Of Trance (ASOT 1090) - Outro",32,36170,FALSE,0.829,-9.952,1,0.509,0.0973,0,0.287,0.555,72.434,3,15,"underground_heavy_hybrid",0.3
83289,"2DnINK9YPAgEpT9hP5cWqc","Armin van Buuren","ASOT 1090 - A State Of Trance Episode 1090","A State Of Trance (ASOT 1090) - Track Recap, Pt. 2",38,31900,FALSE,0.85,-7.678,1,0.28,0.0187,0,0.369,0.894,137.354,4,15,"underground_heavy_hybrid",0.61
83291,"7GXsxXkvOvSN8qyOtidFDQ","Armin van Buuren","ASOT 1090 - A State Of Trance Episode 1090","A State Of Trance (ASOT 1090) - Coming Up",38,35541,FALSE,0.626,-8.127,1,0.321,0.0115,0,0.301,0.704,125.716,4,15,"underground_heavy_hybrid",0.48
83294,"2a1dpnaLw3CmTu9ofgwLE3","Armin van Buuren","ASOT 1090 - A State Of Trance Episode 1090","A State Of Trance (ASOT 1090) - Tune Of The Year Votings, Pt. 4",40,35450,FALSE,0.812,-8.006,1,0.293,0.27,0,0.354,0.832,128.921,4,15,"underground_heavy_hybrid",0.55
83295,"5xKGdGXYh3LRYTzwVZSb0u","Armin van Buuren;Lucky Lou","Feel Again, Pt. 2","Pas de Bourree",0,141071,FALSE,0.867,-5.729,0,0.0413,0.000611,0.134,0.0463,0.454,126.031,4,15,"underground_heavy_hybrid",0.44
83330,"57Zcl7oKKr29qHp38dzzWi","Yves V","Echo","Echo",60,180560,FALSE,0.656,-7.41,1,0.09,0.0298,0,0.192,0.415,128.256,4,15,"underground_heavy_hybrid",0.38
83339,"45qQ4VQkG5MVbFJZXOMSs6","Dimitri Vegas & Like Mike;KSHMR;Alok;Zafrir","ALL WE HAVE IS N:OW","Reunion (Free Fire 4th Anniversary Theme Song) [with Alok & Zafrir]",48,158000,FALSE,0.91,-5.253,0,0.0817,0.000782,1.03e-05,0.102,0.251,128.049,4,15,"underground_heavy_hybrid",0.56
83344,"0moqpuDhgttCjbCW9eYtNq","Armin van Buuren;Gareth Emery;Owl City","Forever & Always","Forever & Always",59,194002,FALSE,0.921,-7.376,1,0.0463,0.00787,8.06e-05,0.097,0.37,144.98,4,15,"underground_heavy_hybrid",0.57
83350,"04AYgtKFrpldRXe5y0LNGQ","Marshmello;Wrabel","Ritual (feat. Wrabel)","Ritual (feat. Wrabel)",56,237472,FALSE,0.946,-0.899,1,0.128,0.00848,2.05e-05,0.0635,0.3,109.891,4,15,"underground_heavy_hybrid",0.44
83365,"04J03yanQCmSuigan5Y0cM","KSHMR;Sak Noel;TxTHEWAY","Bruk It Down (feat. TxTHEWAY)","Bruk It Down (feat. TxTHEWAY)",44,136981,FALSE,0.897,-3.807,0,0.206,0.0483,6.77e-06,0.0944,0.625,108.312,4,15,"underground_heavy_hybrid",0.36
83396,"12KMoAMzaeBFh91O5sxP2o","NWYR;W&W","The Lone Ranger","The Lone Ranger",63,156923,FALSE,0.954,-5.088,0,0.353,0.0559,0.504,0.606,0.358,129.957,4,15,"underground_heavy_hybrid",0.73
83401,"5IpIl6c14WCJhjlIl6poVD","Kaskade","On Your Mind","On Your Mind",60,320280,FALSE,0.828,-4.512,0,0.0949,0.00235,0.743,0.0602,0.178,107.995,4,15,"underground_heavy_hybrid",0.43
83402,"023H4I7HJnxRqsc9cqeFKV","Duke Dumont;Jax Jones","I Got U","I Got U",68,285596,FALSE,0.761,-7.752,0,0.035,0.00377,0.00784,0.0851,0.463,120.837,4,15,"underground_heavy_hybrid",0.55
83427,"6JYbfA8kwEAQesToLmP34V","KSHMR;Tungevaag","Close Your Eyes (VIP Mix)","Close Your Eyes - VIP Mix",47,174315,FALSE,0.719,-4.825,1,0.0349,0.0138,0,0.186,0.319,95.035,4,15,"underground_heavy_hybrid",0.5
83440,"6IE6DtVDkPotP6rApA7a10","Vicetone;Jordan Powers;Bekah Novi","Legacy","Animal",58,197661,FALSE,0.916,-2.155,0,0.0318,0.0248,0.00124,0.362,0.14,123.991,4,15,"underground_heavy_hybrid",0.51
83447,"2XI5yPRHlAg2a2xZtlTbpI","John De Sohn;Ericka Jane","Only For The Better","Only For The Better",59,168297,FALSE,0.678,-6.024,1,0.0268,0.00858,8.31e-06,0.0753,0.488,100.049,4,15,"underground_heavy_hybrid",0.64
83466,"0ThPAtLfX0NbibIrEfWFHi","Cristoph;Yotto;Sansa","Out Of Reach","Out Of Reach",55,255991,FALSE,0.762,-7.861,0,0.036,0.00102,0.701,0.128,0.0317,123.968,4,15,"underground_heavy_hybrid",0.68
83471,"483XiZ5o13Cc1zoWV7jGml","Oliver Heldens;Becky Hill","Gecko (Overdrive) [Radio Edit]","Gecko (Overdrive) - Radio Edit",68,165440,FALSE,0.885,-5.469,1,0.0642,0.00521,1.15e-05,0.336,0.76,124.959,4,15,"underground_heavy_hybrid",0.45
83474,"75kMrDKPJJpgEQaXVh7QMB","Calvin Harris;HAIM","Motion","Pray to God (feat. HAIM)",63,232226,FALSE,0.949,-2.749,0,0.0414,0.015,2.76e-05,0.109,0.436,120.031,4,15,"underground_heavy_hybrid",0.64
83477,"124I9Ixm0EtFGsBx5vZDr0","Firebeatz","Remember Who You Are","Remember Who You Are",51,162461,FALSE,0.626,-6.527,1,0.0323,0.0233,2.76e-05,0.0448,0.292,129.861,4,15,"underground_heavy_hybrid",0.46
83483,"4D5uw4lzpyBIwA54NmjFND","Sandro Silva;Quintino;Garmiani","Epic (Garmiani Remix)","Epic - Garmiani Remix",56,155864,FALSE,0.989,-1.382,1,0.0732,0.00283,0.0515,0.056,0.0499,127.971,4,15,"underground_heavy_hybrid",0.42
83491,"3krdgrUkow0lWczI0S80ga","Martin Garrix;Brooks","Sentio","Quantum",51,178593,FALSE,0.902,-5.149,0,0.0384,0.0105,0.952,0.0997,0.135,128.021,4,15,"underground_heavy_hybrid",0.52
83492,"3Y6CWrNdkuaJ5iW2Y829fU","Hardwell","REBELS NEVER DIE","INTO THE UNKNOWN",54,238125,FALSE,0.954,-8.58,1,0.107,0.00127,0.778,0.297,0.0273,127.969,3,15,"underground_heavy_hybrid",0.42
83495,"0vQdNTM18KusMJJrXWXDAy","Quintino;Thomas Gold","Quechua","Quechua",60,179090,FALSE,0.983,-3.429,0,0.084,0.000611,0.00764,0.175,0.375,131.967,4,15,"underground_heavy_hybrid",0.54
83500,"6eVwaToHDpGJGlLdeu5fVB","Duke Dumont","Ocean Drive (Extended Mix)","Ocean Drive - Extended Mix",58,279931,FALSE,0.685,-5.595,0,0.0384,0.00751,0.000124,0.172,0.368,115.009,4,15,"underground_heavy_hybrid",0.38
83502,"5RZY3BSCd2FOVAhrEDzjzg","Chuckie;ChildsPlay;Alkaline","Bruk Out","Bruk Out",47,168028,FALSE,0.768,-6.235,1,0.158,0.0483,3.4e-06,0.0995,0.233,99.921,4,15,"underground_heavy_hybrid",0.47
83503,"1GmMrJoxbF13PliZnpeXcy","Hardwell;Jason Derulo","United We Are","Follow Me",45,200028,FALSE,0.786,-2.883,1,0.0471,0.0114,0,0.0731,0.409,128.059,4,15,"underground_heavy_hybrid",0.62
83509,"6pTtP9aJpW2qtywe9xjA7z","R3HAB;Timmy Trumpet;W&W","Distant Memory (with Timmy Trumpet x W&W)","Distant Memory (with Timmy Trumpet x W&W)",34,150468,FALSE,0.781,-5.3,0,0.151,0.00575,0,0.139,0.343,127.919,4,15,"underground_heavy_hybrid",0.59
83525,"23tSVCziOnXVAyayQt0Bi7","Curbi","Flying","Flying",67,184836,FALSE,0.855,-7.27,1,0.0341,0.24,0.807,0.111,0.219,130.038,4,15,"underground_heavy_hybrid",0.6
83528,"3ZFosXgzvmN6wXs9wTaIxh","Calvin Harris;Tom Grennan;Oliver Heldens","By Your Side (feat. Tom Grennan) [Oliver Heldens Remix]","By Your Side (feat. Tom Grennan) - Oliver Heldens Remix",59,238064,FALSE,0.861,-6.047,0,0.0442,0.18,0.00684,0.0975,0.392,124.045,4,15,"underground_heavy_hybrid",0.61
83544,"7cTM2e54YEoJvFOFWBU4qZ","KSHMR;Tanishk Bagchi","Good Newwz","Good Newwz Theme",28,165685,FALSE,0.879,-3.675,0,0.0501,0.0172,0.00654,0.112,0.593,170.029,4,15,"underground_heavy_hybrid",0.68
83548,"3Ct8NiRoh0OqFhTTsrwkEc","John De Sohn","Made For You","Happy Kids",57,177209,FALSE,0.65,-5.848,1,0.0477,0.0102,0,0.243,0.678,124.068,4,15,"underground_heavy_hybrid",0.35
83591,"6h7MPC2hBJHJQuobsRXqwF","KSHMR;KAAZE;Karra","Devil Inside Me (feat. KARRA)","Devil Inside Me (feat. KARRA)",51,189333,FALSE,0.869,-4.587,0,0.0622,0.00214,4.06e-06,0.304,0.177,134.934,4,15,"underground_heavy_hybrid",0.62
83596,"3nDEjp2MvXJuqtUsv8GuyQ","Dimitri Vegas & Like Mike;Brennan Heart","Because The Night","Because The Night",65,201330,FALSE,0.906,-5.353,0,0.0781,0.0463,5.07e-05,0.398,0.334,143.039,4,15,"underground_heavy_hybrid",0.6
83599,"7EkEG47RFRjxbpSafL0Ufp","York;Sin Plomo;Janet Taylor;JJ Flores","Swanky Club House, Vol. 1","It's You - JJ Flores Remix Extended",0,382187,FALSE,0.939,-5.23,1,0.0472,0.0607,0.31,0.0891,0.398,126.984,4,15,"underground_heavy_hybrid",0.48
83616,"2WCInR4Z5mlpuk6qbYooQE","KSHMR;Lovespeake","Over You (feat. Lovespeake)","Over You (feat. Lovespeake)",45,173858,FALSE,0.846,-4.27,1,0.0958,0.0397,0,0.101,0.337,126.929,4,15,"underground_heavy_hybrid",0.57
83623,"0iGHKQrXFK5ciq1BXYoDnR","Eli & Fur","Skyway","Skyway",53,220309,FALSE,0.551,-11.299,0,0.0298,0.0641,0.388,0.115,0.165,122.972,4,15,"underground_heavy_hybrid",0.52
83642,"44ib3nlda2rBy0qmMUelnd","Martin Garrix;Mesto","Sentio","Limitless",49,146681,FALSE,0.83,-5.122,1,0.0339,0.0882,0.733,0.0713,0.311,126.011,4,15,"underground_heavy_hybrid",0.8
83648,"4b6FjQyawYRV1qZHp8x8W7","Aly & Fila;Billy Gillies","FSOE - October 2022","Kings (FSOE750 Anthem)",0,171428,FALSE,0.993,-4.213,0,0.0753,0.000122,0.916,0.347,0.138,139.891,4,15,"underground_heavy_hybrid",0.43
83652,"3wK37814vyrRNUvTV4R2MU","CamelPhat;Eli & Fur","Dark Matter","Waiting",49,331511,FALSE,0.758,-9.247,1,0.0461,0.097,0.289,0.144,0.249,120.001,4,15,"underground_heavy_hybrid",0.67
83655,"6VfKN3j3Cqb7nMWZPIX3bJ","Tchami;Gunna","Praise (feat. Gunna)","Praise (feat. Gunna)",55,210000,FALSE,0.681,-10.063,0,0.0536,0.0401,0.0011,0.31,0.799,124.023,4,15,"underground_heavy_hybrid",0.43
83661,"5d3NlNeGMJRu8EIT0X559G","Sunnery James & Ryan Marciano;Bruno Martini;Mayra","Savages","Savages",47,175020,FALSE,0.695,-5.401,0,0.0297,0.0463,0.00175,0.23,0.3,123.96,4,15,"underground_heavy_hybrid",0.64
83664,"1PQ8ywTy9V2iVZWJ7Gyxxb","Mako","Our Story (Radio Edit)","Our Story - Radio Edit",49,208125,FALSE,0.689,-3.526,1,0.0356,0.173,0,0.149,0.412,128.067,4,15,"underground_heavy_hybrid",0.67
83670,"1CjuV5ayEioZUc17iR9pGp","KSHMR;Zafrir","Winners Anthem","Winners Anthem",44,210434,FALSE,0.93,-4.46,0,0.0487,0.0443,0.487,0.166,0.128,138.079,4,15,"underground_heavy_hybrid",0.32
83677,"7gWSWDBriMK7YKefAe4NMP","Swedish House Mafia;Tinie Tempah","Disc-Overy","Miami 2 Ibiza - Swedish House Mafia vs. Tinie Tempah",55,206460,TRUE,0.929,-5.89,0,0.0674,0.00237,1.11e-05,0.402,0.658,125.03,4,15,"underground_heavy_hybrid",0.47
83679,"0q6ty9Ga2ebtTKa2C74jrC","CID;Westend","Let Me Take You","Let Me Take You",64,154761,FALSE,0.908,-3.573,0,0.0593,0.00839,0.0891,0.343,0.905,125.981,4,15,"underground_heavy_hybrid",0.42
83685,"23YAweZPLgWqOTJdpvSv1O","Don Diablo","2 Things","2 Things",59,191250,FALSE,0.813,-3.963,1,0.0506,0.0854,0.00146,0.149,0.234,128.013,4,15,"underground_heavy_hybrid",0.72
83712,"3m4vB0q02q4xvBenENEkLw","Firebeatz;KSHMR;Luciana","No Heroes (feat. Luciana)","No Heroes (feat. Luciana)",50,245002,FALSE,0.877,-4.09,0,0.0451,0.00365,0.181,0.0594,0.411,127.992,4,15,"underground_heavy_hybrid",0.66
83731,"5PLfjUnpV6eFXymcsXwa37","Swedish House Mafia","Paradise Again","It Gets Better",55,184611,FALSE,0.707,-6.979,1,0.0369,0.00272,0.447,0.283,0.0608,118.979,4,15,"underground_heavy_hybrid",0.44
83739,"72uPnmLGOhom6vU6q8zIvZ","Hardwell;KAAZE;Jonathan Mendelsohn","Hardwell presents Revealed Volume 8","We Are Legends (Mix Cut)",45,209854,FALSE,0.857,-2.397,0,0.0529,0.0179,7.44e-05,0.216,0.0581,128.079,4,15,"underground_heavy_hybrid",0.58
83743,"5XZXl7asBflC33KL5zaLXW","ARTY;Annie Schindel","Where Have You Been","Where Have You Been",57,167619,FALSE,0.931,-3.163,0,0.0357,0.0169,0.842,0.117,0.866,126.002,4,15,"underground_heavy_hybrid",0.72
83761,"5ZSIKIjJtKnqT9lJcP6BvM","Michael Calfan;INNA","Call Me Now","Call Me Now",50,146866,FALSE,0.673,-5.466,1,0.0535,0.0273,0,0.425,0.569,122.016,4,15,"underground_heavy_hybrid",0.67
83783,"5yo9aAVvgiINP2lowSXP5Y","Yves V;Robert Falcon;Jimmy Clash","Forget You","Forget You",57,165000,FALSE,0.826,-2.691,1,0.0382,0.0181,0.0533,0.0785,0.0353,126.024,4,15,"underground_heavy_hybrid",0.47
83802,"7qDV8EUMjj5sJdholWKUqk","Martin Garrix;Troye Sivan;Dzeko","There For You: The Remixes","There For You - Dzeko Remix",48,159047,FALSE,0.907,-5.224,1,0.154,0.0207,3.82e-05,0.165,0.515,126.235,4,15,"underground_heavy_hybrid",0.58
83818,"47cmM6ptQ3dH7iQlcWg9ac","Lane 8;Arctic Lake","Reviver","All I Want",51,240000,FALSE,0.406,-10.6,1,0.0307,0.122,0.694,0.1,0.237,121.995,3,15,"underground_heavy_hybrid",0.44
83822,"7gq9Mo03Zr417T2C5sgR03","Matisse & Sadko;Aspyer;Matluck","Don't Tell Me","Don’t Tell Me",47,173571,TRUE,0.785,-3.219,0,0.04,0.113,0,0.336,0.575,126.002,4,15,"underground_heavy_hybrid",0.51
83832,"3gGPEpLaeJcEPwndud44Wy","Dimitri Vangelis & Wyman","ID2","ID2 - Radio Edit",53,204312,FALSE,0.906,-5.382,0,0.0355,0.000754,0.00257,0.446,0.212,127.983,4,15,"underground_heavy_hybrid",0.46
83836,"0q4jvSCvU5fVkq1X5Fhcri","Eelke Kleijn","Transmission","Transmission",46,274749,FALSE,0.91,-6.508,1,0.041,0.000236,0.921,0.0883,0.583,124.008,4,15,"underground_heavy_hybrid",0.5
83842,"3e4VawNTLG2hot2Gvkug8m","Dimitri Vangelis & Wyman","Horns","Horns",55,151997,FALSE,0.878,-4.13,0,0.067,0.0317,0.671,0.297,0.372,125.083,4,15,"underground_heavy_hybrid",0.55
83846,"6wt5fq3i6DayHetAx6ZGwv","Mike Williams","Storylines","Best Part Missing",0,193636,FALSE,0.799,-5.631,1,0.0551,0.0113,0,0.896,0.307,131.972,4,15,"underground_heavy_hybrid",0.62
83848,"4ZhKe7DXXoR6DnC208HYpV","Mike Williams;RYVM","Storylines","When The Sun Is Gone (feat. RYVM) - Extended Mix",0,251250,FALSE,0.893,-5.294,1,0.0679,0.00743,8.48e-06,0.087,0.563,128.017,4,15,"underground_heavy_hybrid",0.48
83851,"0YhWnmiXMwmSVQU9KL1cdf","DVBBS;Space Primates;GASHI","SLEEP","Say It (feat. GASHI)",46,192755,FALSE,0.846,-4.245,0,0.0465,0.041,0,0.166,0.11,127.012,4,15,"underground_heavy_hybrid",0.38
83859,"0i2epTUkxC5NLi7oKtUzC9","R3HAB;Amba Shepherd","Smells Like Teen Spirit","Smells Like Teen Spirit",26,153442,FALSE,0.776,-4.956,0,0.0321,0.0184,0.216,0.114,0.209,121.948,4,15,"underground_heavy_hybrid",0.61
83865,"1Ai5UrDsntCo4nB1xEq9HW","Syn Cole","Getaway","Getaway",43,194181,FALSE,0.835,-3.501,1,0.0355,0.222,0,0.111,0.664,110.03,4,15,"underground_heavy_hybrid",0.62
83870,"3J3EdH1ZgXqk1ROTzQOF0U","DVBBS;Galantis;Cody Simpson","When The Lights Go Down (feat. Cody Simpson)","When The Lights Go Down (feat. Cody Simpson)",54,189265,FALSE,0.713,-5.977,0,0.0444,0.0999,1.06e-06,0.0542,0.49,126.077,4,15,"underground_heavy_hybrid",0.52
83880,"2mUnxSunvs3Clvtpq3FtGo","Kaskade;WILL K","Flip Reset","Flip Reset",54,187661,FALSE,0.916,-4.773,1,0.0699,0.00127,0.193,0.0611,0.426,126.006,4,15,"underground_heavy_hybrid",0.6
83898,"5aprEINVTgXGT3avmHyxSW","Kura","Armada Music - ADE 2022","White Line (The One)",1,268800,FALSE,0.795,-7.356,1,0.0325,0.000633,0.674,0.0997,0.0363,124.989,4,15,"underground_heavy_hybrid",0.61
83921,"2eotSKVADMMV6qaY15qDOd","Martin Garrix;Matisse & Sadko","Break Through The Silence EP","Break Through The Silence - Radio Edit",48,204772,FALSE,0.95,-5.167,1,0.0666,0.00289,0.00119,0.299,0.153,128.013,4,15,"underground_heavy_hybrid",0.62
83933,"4HElAyseA6VciKAJTLuxSU","Braxton;Jody Wisternoff;James Grant;Ezequiel Arias","Group Therapy 500 Live From Los Angeles - Deep Set","SpaceTime - Ezequiel Arias Remix",37,304560,FALSE,0.859,-9.304,0,0.0404,0.00519,0.925,0.0617,0.364,122.93,4,15,"underground_heavy_hybrid",0.59
83934,"6S8hzeDFZmsJbQCO3w97Zz","Calvin Harris;Justin Timberlake;Halsey;Pharrell Williams","Funk Wav Bounces Vol. 2","Stay With Me (Part 2) (with Justin Timberlake, Halsey & Pharrell)",56,83736,FALSE,0.88,-6.137,0,0.0351,0.0245,0.00386,0.263,0.927,126.002,4,15,"underground_heavy_hybrid",0.71
83938,"0DiTeEH38dwM9Vstp4R5dj","Mat Zo;Chuck D","Journey To ABGT500 pt.2","Pyramid Scheme (ABGT499D3)",34,219375,FALSE,0.834,-7.969,0,0.0581,0.000515,0.62,0.452,0.511,128.04,4,15,"underground_heavy_hybrid",0.63
83949,"715tkqOhDEkRyQ4RgVRz6m","Robbie Rivera;Vanilla Ace;dharkfunkh","Balearic House Winter 2022","Follow My Bassline - Vanilla Ace & Dharkfunkh Remix",0,407855,FALSE,0.717,-9.211,1,0.0488,0.00012,0.795,0.195,0.486,123.002,4,15,"underground_heavy_hybrid",0.61
83957,"33P76PS6skAOeQzYK77xss","Hardwell;Lee Grant","REMINISCE","REMINISCE",49,241875,FALSE,0.966,-5.845,0,0.0601,8.96e-05,0.197,0.297,0.0382,128.02,4,15,"underground_heavy_hybrid",0.42
83968,"58u2M8igOOD89doT24hjf7","Hardwell;Trevor Guthrie","Summer Air (feat. Trevor Guthrie)","Summer Air",41,201904,FALSE,0.574,-8.584,1,0.053,0.0951,0,0.215,0.556,125.99,4,15,"underground_heavy_hybrid",0.49
83994,"1jkh0HKmZnBELVtNcWQ3eZ","Tony Junior;Futuristic Polar Bears;Skazi","Breathless","Breathless",52,172374,FALSE,0.956,-3.971,0,0.0372,0.000116,0.533,0.123,0.0467,133.605,4,15,"underground_heavy_hybrid",0.6
83998,"41VQsZP0pOHnWCPTfcp5r4","Andy Moor;GXD","Black Hole Trance Music 10-22","Resurrection - GXD Extended Remix",0,352027,FALSE,0.947,-3.534,0,0.0374,0.000525,0.885,0.342,0.488,134.967,4,15,"underground_heavy_hybrid",0.43
83999,"6BBd7p4EKS5KmLfEGm1vA7","Futuristic Polar Bears;Chrom3","Pure House, Vol. 4","Bring the Heat - Original Mix",0,399464,FALSE,0.829,-7.118,1,0.0685,8.67e-05,0.253,0.147,0.273,126.978,4,15,"underground_heavy_hybrid",0.48
84010,"2Z6XU2SwKr00LGpNXOyHxc","The Beach Boys","Slow Christmas Songs 2022","We Three Kings Of Orient Are - 1991 Remix",0,245510,FALSE,0.158,-11.508,1,0.0297,0.745,0,0.123,0.204,106.031,3,2,"indie_soul_rock",0.67
84013,"4jfBzfvzRe4RLPcyM5qap5","The Beach Boys","Weihnachten Playlist","Frosty The Snowman - 1991 Remix",0,114551,FALSE,0.473,-7.924,1,0.0335,0.353,0,0.0234,0.937,181.752,4,2,"indie_soul_rock",0.48
84020,"5tEcfo106PMFTrnGMZ5rRG","The Beach Boys","Rockin' Around The Christmas Tree 2022","God Only Knows - Mono / 1997 Remastered",0,173040,FALSE,0.487,-7.525,0,0.0299,0.253,0,0.0579,0.482,117.108,4,2,"indie_soul_rock",0.49
84023,"45skzwZt6b2YX5ap828goG","The Beach Boys","Christmas Playlist 2022","The Man With All The Toys - 1991 Remix",0,91186,FALSE,0.491,-8.596,1,0.0365,0.442,9.88e-06,0.0624,0.657,138.347,4,2,"indie_soul_rock",0.21
84025,"3lVCBwV0t7qPhGpZAxEHSF","The Beach Boys","CHRISTMAS TOP HITS 2022","Little Saint Nick - 1991 Remix",0,118840,FALSE,0.553,-9.336,1,0.0328,0.108,0,0.0512,0.971,130.594,4,2,"indie_soul_rock",0.78
84034,"49dWqx7i6heyJYCMdhAKsA","The Beach Boys","Home At Christmas","Little Saint Nick - 1991 Remix",0,118840,FALSE,0.553,-9.336,1,0.0328,0.108,0,0.0512,0.971,130.594,4,2,"indie_soul_rock",0.57
84038,"2TZ3ofX1PWwlpcyfd75CDg","The Beach Boys","Xmas Classics 2022","Little Saint Nick - 1991 Remix",0,118840,FALSE,0.553,-9.336,1,0.0328,0.108,0,0.0512,0.971,130.594,4,2,"indie_soul_rock",0.69
84043,"6JlGpQNMYS1iVjcGArDAfn","The Beach Boys","Home For Christmas 2022","Merry Christmas, Baby - 1991 Remix",0,146093,FALSE,0.494,-11.419,1,0.058,0.31,0,0.0888,0.816,127.382,4,2,"indie_soul_rock",0.6
84044,"402FSzREJH9uDSrXgL2P6f","The Beach Boys","Christmas Classics","God Only Knows - Mono / 1997 Remastered",0,173040,FALSE,0.487,-7.525,0,0.0299,0.253,0,0.0579,0.482,117.108,4,2,"indie_soul_rock",0.69
84055,"6lJ4R2yQFUCevI7hVw9vnC","The Beach Boys","A Very 60s Christmas","Frosty The Snowman - 1991 Remix",2,114551,FALSE,0.473,-7.924,1,0.0335,0.353,0,0.0234,0.937,181.752,4,2,"indie_soul_rock",0.18
84057,"3Lu4WAsmpag6CZSN0H3Wor","Steely Dan","Fiesta temática 70s","Do It Again",0,354933,FALSE,0.583,-8.265,0,0.0303,0.157,7.61e-05,0.0576,0.96,124.61,4,2,"indie_soul_rock",0.28
84063,"33ChkGU26Kcs4M16oAJLTB","The Beach Boys","Christmas Classics","Frosty The Snowman - 1991 Remix",0,114551,FALSE,0.473,-7.924,1,0.0335,0.353,0,0.0234,0.937,181.752,4,2,"indie_soul_rock",0.56
84069,"7kgnklf0HG5upgIo0N4SYa","The Beach Boys","Christmas Dinner 2022","Little Saint Nick - 1991 Remix",0,118840,FALSE,0.553,-9.336,1,0.0328,0.108,0,0.0512,0.971,130.594,4,2,"indie_soul_rock",0.19
84070,"5J5IcNcokBBSrn5k7hqaot","The Beach Boys","Best Christmas Music 2022","Frosty The Snowman - 1991 Remix",0,114551,FALSE,0.473,-7.924,1,0.0335,0.353,0,0.0234,0.937,181.752,4,2,"indie_soul_rock",0.46
84072,"0b7odBgkNQa61UjaqMOinQ","The Beach Boys","Classic Christmas 2022","Little Saint Nick - 1991 Remix",0,118840,FALSE,0.553,-9.336,1,0.0328,0.108,0,0.0512,0.971,130.594,4,2,"indie_soul_rock",0.73
84074,"1FUNMM1Fy6WaEVFDFNIvff","The Beach Boys","A Very 60s Christmas","Santa Claus Is Comin' To Town - 1991 Remix",0,141540,FALSE,0.314,-9.309,0,0.0347,0.249,0,0.0819,0.437,131.821,4,2,"indie_soul_rock",0.48
84092,"3X0Zk9dmswnfwMI7tF4yD0","The Beach Boys","pov: you have a holly jolly christmas","Little Saint Nick - 1991 Remix",0,118840,FALSE,0.553,-9.336,1,0.0328,0.108,0,0.0512,0.971,130.594,4,2,"indie_soul_rock",0.54
84094,"50vHd5RWEP0FTHdWEXDDTK","The Beach Boys","Home At Christmas","Merry Christmas, Baby - 1991 Remix",0,146093,FALSE,0.494,-11.419,1,0.058,0.31,0,0.0888,0.816,127.382,4,2,"indie_soul_rock",0.66
84114,"05uGBKRCuePsf43Hfm0JwX","Pink Floyd","The Dark Side of the Moon","Brain Damage",66,226666,FALSE,0.265,-13.398,1,0.0302,0.0732,0.341,0.366,0.208,133.568,4,2,"indie_soul_rock",0.56
84122,"389QX9Q1eUOEZ19vtzzI9O","The Beatles","The Beatles (Remastered)","While My Guitar Gently Weeps - Remastered 2009",70,285000,FALSE,0.654,-8.855,0,0.0317,0.0205,0.00395,0.172,0.702,115,4,2,"indie_soul_rock",0.35
84137,"2mIla23uhGqqkdNtzqIg3r","Wolfmother","Kick It","Woman",0,177186,FALSE,0.94,-3.929,0,0.152,2.15e-05,0.124,0.154,0.223,151.296,4,2,"indie_soul_rock",0.32
84148,"4BHhSAdFoiRFwfLz2HDnIS","The Monkees","Merry Christmas","Unwrap You at Christmas",0,212080,FALSE,0.801,-3.366,1,0.0322,0.247,0,0.328,0.473,127.994,4,2,"indie_soul_rock",0.28
84164,"2kkvB3RNRzwjFdGhaUA0tz","Derek & The Dominos","Layla And Other Assorted Love Songs (Remastered 2010)","Layla",74,423840,FALSE,0.902,-3.88,1,0.0665,0.577,0.297,0.287,0.497,115.669,4,2,"indie_soul_rock",0.61
84173,"25yQPHgC35WNnnOUqFhgVR","The Beatles","Sgt. Pepper's Lonely Hearts Club Band (Remastered)","Lucy In The Sky With Diamonds - Remastered 2009",68,208466,FALSE,0.325,-9.042,1,0.0283,0.0469,0,0.139,0.668,65.09,1,2,"indie_soul_rock",0.1
84177,"2AxCeJ6PSsBYiTckM0HLY7","Jimi Hendrix","Electric Ladyland","Voodoo Child (Slight Return)",68,313373,FALSE,0.91,-6.662,1,0.389,0.477,0.00833,0.0517,0.448,175.549,4,2,"indie_soul_rock",0.5
84179,"7DD7eSuYSC5xk2ArU62esN","The Beatles","Help! (Remastered)","Help! - Remastered 2009",70,139560,FALSE,0.725,-7.576,0,0.0332,0.188,0,0.0994,0.763,95.003,4,2,"indie_soul_rock",0.22
84182,"1UKobFsdqNXQb8OthimCKe","Crosby, Stills & Nash","Crosby, Stills & Nash","Helplessly Hoping - 2005 Remaster",68,157893,FALSE,0.159,-13.648,1,0.0353,0.914,0,0.111,0.423,146.721,4,2,"indie_soul_rock",0.72
84193,"55Kb9jM9W9s9axYfaZ8Op1","Derek & The Dominos","On air 70's Hits","Layla - 40th Anniversary Version / 2010 Remastered",1,423840,FALSE,0.903,-3.88,1,0.0664,0.574,0.305,0.287,0.498,115.669,4,2,"indie_soul_rock",0.46
84194,"2Ey6v4Sekh3Z0RUSISRosD","Derek & The Dominos","70s Christmas Party","Layla",0,423680,FALSE,0.89,-3.246,1,0.0487,0.451,0.11,0.306,0.447,115.654,4,2,"indie_soul_rock",0.62
84195,"6S0Vwp6CA0rLVdP7Zi3fOF","Free","On air 70's Hits","All Right Now",0,338426,FALSE,0.481,-11.323,1,0.101,0.0062,2.38e-06,0.122,0.77,119.937,4,2,"indie_soul_rock",0.77
84201,"09x9v1o51dbqi5H0u7UGfp","The Beatles","The Beatles (Remastered)","I Will - Remastered 2009",63,105933,FALSE,0.387,-11.529,1,0.0262,0.742,0.000406,0.0822,0.832,103.11,4,2,"indie_soul_rock",0.48
84204,"2lwi35A2ym3FAmSlvOGnQp","Unknown Mortal Orchestra","II","So Good At Being in Trouble",67,230146,FALSE,0.435,-10.136,1,0.0515,0.0363,0.881,0.119,0.594,103.817,4,2,"indie_soul_rock",0.49
84216,"6bIPHR8AJG5HAcn9oF21Ma","Pink Floyd","The Division Bell","Marooned",56,330385,FALSE,0.341,-14.836,1,0.0303,0.384,0.568,0.12,0.148,74.203,4,2,"indie_soul_rock",0.5
84225,"3KiexfmhxHvG5IgAElmTkd","The Beatles","Please Please Me (Remastered)","I Saw Her Standing There - Remastered 2009",67,173946,FALSE,0.801,-9.835,1,0.0361,0.27,0,0.0665,0.971,160.109,4,2,"indie_soul_rock",0.57
84238,"19tHmIQsRnebkyK09m2UXE","Pink Floyd","Animals","Pigs on the Wing 1",58,84280,FALSE,0.171,-20.731,1,0.0452,0.3,0.001,0.264,0.378,128.631,3,2,"indie_soul_rock",0.57
84240,"0NWPxcsf5vdjdiFUI8NgkP","Jimi Hendrix","Are You Experienced","Hey Joe",70,210160,FALSE,0.768,-5.695,1,0.0377,0.00603,0.38,0.0244,0.532,169.492,4,2,"indie_soul_rock",0.61
84244,"6TiiDZgtQ3xJLWzrGBWDmc","Kamuran Akkor","Sev Yeter","Beni Kaybettin Artık",43,256673,FALSE,0.684,-6.525,0,0.0379,0.658,0.000145,0.315,0.483,149.361,3,2,"indie_soul_rock",0.65
84264,"4TOMI010Sd4ZAX4aZ5TS85","Lou Reed","Transformer","Perfect Day",67,225000,FALSE,0.267,-12.488,1,0.0323,0.744,0.00734,0.103,0.0872,144.799,3,2,"indie_soul_rock",0.36
84274,"5y1Uc72BAKxaleTEXpcJJq","Pink Floyd","The Final Cut","The Final Cut",53,282602,FALSE,0.364,-9.831,1,0.0335,0.787,0.000682,0.118,0.0781,58.588,4,2,"indie_soul_rock",0.5
84276,"0gWvVB4bGvADocoPMEDy3K","The Doors","The Doors","The Crystal Ship",62,152000,FALSE,0.42,-9.806,1,0.0303,0.797,2.35e-06,0.126,0.339,178.711,4,2,"indie_soul_rock",0.64
84277,"2hitsKa8SthKhRJBXUHbIv","Crosby, Stills, Nash & Young","Deja Vu","Our House",68,179760,FALSE,0.205,-14.601,1,0.048,0.896,5.46e-05,0.119,0.378,140.282,4,2,"indie_soul_rock",0.83
84289,"4F1AgKpuFRMLEgtPETVwZk","The Beatles","Help! (Remastered)","You've Got To Hide Your Love Away - Remastered 2009",65,129120,FALSE,0.392,-9.05,1,0.0282,0.207,0,0.102,0.378,184.267,3,2,"indie_soul_rock",0.29
84290,"5piJiL6aRhvrKBa9YuEfS9","The Doors","Morrison Hotel","Peace Frog",66,170132,FALSE,0.725,-7.376,1,0.039,0.16,0.00321,0.648,0.808,112.529,4,2,"indie_soul_rock",0.57
84292,"2O3l4X1yTua8oMMCtazkyo","Pink Floyd","The Wall","The Happiest Days of Our Lives",59,110826,FALSE,0.231,-18.91,0,0.0415,0.551,0.747,0.249,0.546,103.994,4,2,"indie_soul_rock",0.59
84293,"5B4yq02Se2neaNnL1eMELN","Navicula","Love Bomb","Mafia Hukum",38,244083,FALSE,0.765,-4.376,1,0.0526,0.0215,0,0.289,0.448,126.059,4,2,"indie_soul_rock",0.54
84297,"0UY3deGYcjFNhWFfXvIaTM","Barış Manço","Mançoloji, Vol. 1","İşte Hendek İşte Deve",37,212662,FALSE,0.835,-10.584,1,0.0404,0.218,0.000584,0.254,0.784,93.012,4,2,"indie_soul_rock",0.56
84298,"68BTFws92cRztMS1oQ7Ewj","The Beatles","Magical Mystery Tour (Remastered)","All You Need Is Love - Remastered 2009",65,230386,FALSE,0.48,-7.768,1,0.0295,0.346,3.1e-05,0.155,0.653,103.436,4,2,"indie_soul_rock",0.4
84319,"3TETmhGNWOcquUTtcr6RIR","The Animals","The House of the Rising Sun: Best of The Animals","The House of the Rising Sun",58,269906,FALSE,0.484,-9.11,0,0.0308,0.000334,0.00445,0.0912,0.299,117.363,3,2,"indie_soul_rock",0.46
84335,"55e99bv2wlgTYtNEYHWtN1","Pink Floyd","Animals","Sheep",57,619079,FALSE,0.716,-12.095,0,0.0983,0.0652,0.52,0.512,0.0618,135.378,4,2,"indie_soul_rock",0.1
84341,"6FRwDxXsvSasw0y2eDArsz","Cream","Disraeli Gears","Sunshine Of Your Love",60,250000,FALSE,0.481,-12.59,1,0.0384,0.475,6.57e-05,0.118,0.784,115.078,4,2,"indie_soul_rock",0.46
84351,"2DgaPZppYXSYGCaBceXfTw","Sunbeam Sound Machine","Wonderer","In Your Arms",58,279349,FALSE,0.786,-4.112,1,0.0334,0.0295,0.941,0.418,0.444,139.988,4,2,"indie_soul_rock",0.36
84352,"40XeGNGFchGYw7y0ue1GiG","The Beatles","Let It Be (Super Deluxe)","Don’t Let Me Down - First Rooftop Performance",57,209453,FALSE,0.502,-7.539,1,0.0493,0.699,0.000156,0.094,0.674,163.347,4,2,"indie_soul_rock",0.49
84355,"3VwgtTh9D0CubY32jdhI5U","Crumb","Jinx","Cracking",59,111986,FALSE,0.385,-11.621,1,0.0341,0.39,0.783,0.0993,0.117,121.951,4,2,"indie_soul_rock",0.49
84366,"4z3RNAUb0whdaLAudM9EHE","The Beatles","Get Back (Rooftop Performance)","Get Back - Rooftop Performance / Take 2",57,204186,FALSE,0.695,-9.648,1,0.0381,0.101,0.436,0.105,0.33,125.572,4,2,"indie_soul_rock",0.44
84370,"5JzM7QO7lYUaCkechDWAeG","Barış Manço","Hal Hal","Bahçede Hanımeli",34,128733,FALSE,0.0659,-20.696,0,0.0599,0.971,0,0.181,0.219,120.961,4,2,"indie_soul_rock",0.77
84376,"0i19MAZbyn8uTir7FprXId","The Velvet Underground","Loaded: Re-Loaded 45th Anniversary Edition","Oh! Sweet Nuthin' - 2015 Remaster",60,445186,FALSE,0.467,-11.763,1,0.0284,0.303,0.0186,0.124,0.525,75.601,4,2,"indie_soul_rock",0.3
84385,"6dQDk0BjDkNUVpUvV1daYu","Cem Karaca","Nerde Kalmıştık","Herkes Gibisin",34,241946,FALSE,0.394,-13.418,0,0.0445,0.189,0,0.0909,0.321,199.902,4,2,"indie_soul_rock",0.71
84392,"0zK545STj6P7qbFSpCK9pp","Badfinger","No Dice (Remastered 2010 / Deluxe Edition)","No Matter What - Remastered 2010",67,180546,FALSE,0.743,-5.523,1,0.0481,0.177,0,0.0759,0.78,116.817,4,2,"indie_soul_rock",0.42
84411,"0vI64OhYqTo6KYswDlx0yT","Pink Floyd","The Division Bell","Keep Talking",50,370666,FALSE,0.771,-11.938,0,0.0528,0.187,0.00895,0.0788,0.24,100.302,4,2,"indie_soul_rock",0.49
84420,"6p5px9kCJlTCybpWXHIcW3","Cem Karaca","Bindik Bir Alamete","Ölüm",33,407928,FALSE,0.845,-5.827,0,0.108,0.0025,0.00097,0.109,0.573,159.753,4,2,"indie_soul_rock",0.8
84423,"7dbI4g3m8A0isJVvYk2xdD","Vashti Bunyan","Just Another Diamond Day","I'd Like To Walk Around In Your Mind",48,135453,FALSE,0.194,-16.798,1,0.0471,0.924,0.000507,0.117,0.524,172.65,3,2,"indie_soul_rock",0.58
84424,"3kJT7hlwvSFqNwiANnncke","Barış Manço","Mançoloji 2","Gül Bebeğim",33,320104,FALSE,0.43,-9.783,0,0.0317,0.804,0,0.166,0.643,144.132,4,2,"indie_soul_rock",0.52
84429,"4jsj3iF99v2APjfWdUFBZ9","Cem Karaca","Ölümsüzler, Vol. 3","Karacaoğlan",33,157120,FALSE,0.2,-20.635,0,0.0437,0.422,0,0.155,0.339,99.59,4,2,"indie_soul_rock",0.47
84432,"4u9f8hqstB7iITDJNzKhQx","The Who","My Generation (Stereo Version)","My Generation - Stereo Version",65,198706,FALSE,0.782,-9.186,0,0.058,0.308,0.00822,0.0775,0.705,96.732,4,2,"indie_soul_rock",0.18
84434,"1cU34sZG9kF4FYHCoAD0Ib","Grand Funk Railroad","30 Years Of Funk: 1969-1999 The Anthology","Some Kind Of Wonderful - Remastered 1999",70,202733,FALSE,0.691,-6.51,1,0.0514,0.144,0,0.36,0.647,121.472,4,2,"indie_soul_rock",0.8
84443,"4zuTDWD2POZwKDvhJQoajs","Cem Karaca","Merhaba Gençler","Canım Benim",33,366626,FALSE,0.673,-9.658,1,0.0286,0.716,0.00126,0.125,0.569,136.912,4,2,"indie_soul_rock",0.59
84444,"5omhxsgYVuHdXZY8zNIMeh","Tiger Army","II: Power Of Moonlite","Power Of Moonlite",33,178440,FALSE,0.983,-1.956,0,0.13,0.00432,0,0.332,0.453,129.285,4,2,"indie_soul_rock",0.39
84453,"0KpTFH1SzexN8SGc0GPILC","The Animals","The Singles Plus","Don't Let Me Be Misunderstood",57,145693,FALSE,0.568,-9.604,0,0.0285,0.146,0,0.77,0.488,112.584,4,2,"indie_soul_rock",0.55
84459,"3hNUYt4dMM9RhcWmty8oKF","The Beatles","The Beatles 1962 - 1966 (Remastered)","Day Tripper - Remastered 2009",56,169613,FALSE,0.722,-10.553,0,0.0297,0.117,0,0.19,0.698,137.732,4,2,"indie_soul_rock",0.31
84465,"077OhUjy58qkjscrXjW696","Pink Floyd","The Wall","The Show Must Go On",54,96560,FALSE,0.198,-16.919,1,0.0294,0.435,0.125,0.262,0.326,129.024,4,2,"indie_soul_rock",0.24
84469,"3tRFo1mXVNC5Wwrv7T8trF","The Pretty Things","Parachute","The Good Mr. Square",57,86693,FALSE,0.284,-12.714,1,0.0409,0.305,0.000903,0.162,0.386,139.087,4,2,"indie_soul_rock",0.79
84487,"5NQYyej46WQkgCbnzGD21W","The Beatles","The Beatles (Remastered)","Dear Prudence - Remastered 2009",59,235773,FALSE,0.529,-10.533,1,0.0436,0.16,0.0681,0.108,0.332,150.721,4,2,"indie_soul_rock",0.5
84495,"5OsNQfEC4BivT4xBQkFuAY","Tiger Army","II: Power Of Moonlite","Under Saturn's Shadow",32,184360,FALSE,0.97,-1.413,0,0.141,0.000378,0,0.151,0.322,157.695,4,2,"indie_soul_rock",0.55
84500,"4zdsBics0asw0gj4L5wu5v","CAN","Ege Bamyasi (Remastered)","Vitamin C",53,212000,FALSE,0.653,-12.578,0,0.0448,0.00615,0.734,0.143,0.853,117.13,4,2,"indie_soul_rock",0.57
84507,"37U0SOW7pv9n2NyNmlrMRt","The Beach Boys","Made In California","California Dreamin'",55,204413,FALSE,0.706,-11.722,0,0.0425,0.0385,0,0.0968,0.608,116.475,4,2,"indie_soul_rock",0.48
84513,"66YHxyGAUGjMBDdrDlWIMD","Pink Floyd","The Wall","One of My Turns",55,216800,FALSE,0.218,-15.215,1,0.0728,0.305,0.0012,0.226,0.156,175.868,4,2,"indie_soul_rock",0.2
84515,"3CkjLJYnnyOtGk4Jx4iYS4","Wolfmother","Wolfmother","Woman",65,176306,FALSE,0.952,-3.621,1,0.176,5.1e-05,0.0989,0.157,0.172,112.886,1,2,"indie_soul_rock",0.3
84520,"1jOLTO379yIu9aMnCkpMQl","The Beatles","Abbey Road (Remastered)","You Never Give Me Your Money - Remastered 2009",58,242973,FALSE,0.416,-11.051,1,0.0348,0.345,0.136,0.116,0.223,174.464,3,2,"indie_soul_rock",0.68
84521,"5PffgchZakXQs8Err8EsXw","Cem Karaca","Haykırış","Kara Sevda",32,258626,FALSE,0.756,-7.948,0,0.0333,0.0617,0.695,0.274,0.84,93.913,4,2,"indie_soul_rock",0.5
84523,"4BRkPBUxOYffM2QXVlq7aC","The Beatles","Revolver (Remastered)","Taxman - Remastered 2009",58,158853,FALSE,0.596,-8.348,1,0.0749,0.0101,0,0.321,0.783,133.586,4,2,"indie_soul_rock",0.64
84525,"41vwUZryPYjNSzoXiBaaQ7","Cem Karaca","Cem Karaca Anısına, Vol. 3","Kazak Abdal",31,109226,FALSE,0.881,-9.447,1,0.052,0.7,1.81e-05,0.0425,0.874,119.484,4,2,"indie_soul_rock",0.73
84544,"2GKvSb11LvOsZWkuSqlhqe","Eric Burdon","East New York The Ultimate Fantasy Playlist","Don't Let Me Be Misunderstood",0,157360,FALSE,0.712,-7.858,0,0.0273,0.159,0,0.183,0.912,113.061,4,2,"indie_soul_rock",0.5
84554,"6iFwcRQsGBmW4paSWz5phj","Pond","The Weather","Sweep Me off My Feet",45,209093,FALSE,0.806,-3.836,0,0.0402,0.000264,1.08e-05,0.694,0.202,100.157,4,2,"indie_soul_rock",0.64
84559,"6vUssnJuFxgw1EFG717Kd5","The Zombies","Odessey & Oracle_ 30th Anniversary Edition","This Will Be Our Year [Mono]",45,129160,FALSE,0.516,-9.317,1,0.0316,0.779,2.38e-05,0.204,0.522,145.544,3,2,"indie_soul_rock",0.81
84560,"2dxfyqdrI8XVOT3H1YcOsU","Pink Floyd","The Division Bell","A Great Day for Freedom",49,256986,FALSE,0.348,-12.239,1,0.0291,0.626,0.00123,0.236,0.265,84.376,3,2,"indie_soul_rock",0.35
84592,"5ckwOX7SVzt9OISbGkD299","Tim Buckley","Works In Progress","Song to the Siren - Take 7",52,208400,FALSE,0.0513,-21.308,1,0.033,0.845,0.000144,0.106,0.0681,68.39,4,2,"indie_soul_rock",0.6
84603,"3UHv8SSIkNUDRBUHJx3Cg6","The Beatles","Abbey Road (Super Deluxe Edition)","Oh! Darling - 2019 Mix",52,207146,FALSE,0.669,-6.524,1,0.0395,0.0344,0.00395,0.347,0.514,173.67,3,2,"indie_soul_rock",0.41
84616,"21cp8L9Pei4AgysZVihjSv","Deep Purple","Deepest Purple: The Very Best of Deep Purple","Child in Time",55,619266,FALSE,0.34,-14.784,0,0.0369,0.313,0.607,0.234,0.365,126.672,4,2,"indie_soul_rock",0.42
84620,"7FCiDC7ojdm19CJePq6QAe","Pink Floyd","The Wall","Vera",52,93356,FALSE,0.162,-22.191,0,0.162,0.678,0.022,0.119,0.0869,34.821,4,2,"indie_soul_rock",0.5
84622,"3AZ5XoHdiFpiKMky6M1Gt9","Silverchair","Frogstomp (Deluxe Edition) [Remastered]","Suicidal Dream",57,192783,FALSE,0.708,-6.299,0,0.0327,0.0286,1.34e-05,0.108,0.388,97.532,4,2,"indie_soul_rock",0.62
84631,"3eTyKCPNAILqn6yMZQFgmr","Deep Purple","Original Album Classics","Sometimes I Feel Like Screaming",42,449133,FALSE,0.704,-8.313,1,0.0293,0.00623,0.107,0.0861,0.188,89.658,4,2,"indie_soul_rock",0.64
84644,"4LLBKnNCrSRrSjSTuiwjE9","The Beatles","Rubber Soul (Remastered)","You Won't See Me - Remastered 2009",55,199960,FALSE,0.539,-8.752,1,0.0304,0.136,0,0.0538,0.473,115.941,4,2,"indie_soul_rock",0.48
84671,"1ng36571Iyov4HBxUClySn","Butthole Surfers","Electriclarryland","Pepper",64,297266,FALSE,0.804,-5.492,1,0.166,0.00589,0.00116,0.16,0.671,79.898,4,2,"indie_soul_rock",0.57
84680,"2Pz9nDcEruL63jihiedMp3","Flört","Hücum Kayıtlar","Yola Devam",29,374177,FALSE,0.502,-9.719,0,0.0265,0.168,0.0647,0.119,0.356,92.013,4,2,"indie_soul_rock",0.19
84681,"6rHh8urosEFRI67xVa6fzU","The Beatles","Magical Mystery Tour (Remastered)","The Fool On The Hill - Remastered 2009",57,179106,FALSE,0.26,-10.577,0,0.0314,0.913,2.1e-06,0.105,0.49,144.184,4,2,"indie_soul_rock",0.17
84685,"2TyUh4WcQuSgKyHrjlLiuA","Cem Karaca;Dervişan","Parka","Parka",29,355866,FALSE,0.44,-9.908,0,0.047,0.701,0,0.409,0.468,89.657,4,2,"indie_soul_rock",0.35
84687,"7HTH1ppjkkOe7RLoBDKXYJ","The Beatles","Revolver (Remastered)","Good Day Sunshine - Remastered 2009",58,129293,FALSE,0.496,-8.45,1,0.0468,0.719,0,0.123,0.571,117.331,3,2,"indie_soul_rock",0.52
84695,"3ODli2r4fsQnwEFzx6rSqe","The Reverend Horton Heat","The Full Custom Gospel Sounds Of . . .","Big Little Baby",28,151640,FALSE,0.975,-6.804,1,0.0824,0.0059,0.0116,0.391,0.36,116.764,4,2,"indie_soul_rock",0.49
84705,"7rkjOQTeK5G63G4dpWdc6A","Vanilla Fudge","The Complete Atco Singles","You Keep Me Hangin' On",51,175600,FALSE,0.86,-5.824,1,0.0554,0.0593,0.000999,0.0901,0.158,86.337,4,2,"indie_soul_rock",0.5
84722,"5QhH0fX7aEhqeNp2TGF5lz","Flört","Onun Adı Hasan","Onun Adı Hasan",28,241957,FALSE,0.79,-7.141,0,0.0469,0.05,5.98e-06,0.131,0.44,98.065,4,2,"indie_soul_rock",0.67
84730,"045eZUNgQ7hjemzvK7VS2l","Ramona","Cérès","Tranquilízame",29,236563,FALSE,0.659,-8.233,1,0.0313,0.00396,0.0122,0.0731,0.605,154.087,4,2,"indie_soul_rock",0.63
84731,"2RU3BzX7PFSgV9iDv9Qroi","Chicano Batman","Cycles of Existential Rhyme","El Frío",29,110133,FALSE,0.635,-8.714,0,0.0475,0.096,0.55,0.111,0.423,87.81,5,2,"indie_soul_rock",0.74
84749,"4k5q8y7J26urrLirp603xb","Southern Culture on the Skids","Liquored Up and Lacquered Down","King Of The Mountain",27,252865,FALSE,0.885,-3.274,1,0.0334,0.0112,2.02e-05,0.13,0.964,139.678,4,2,"indie_soul_rock",0.72
84754,"12yE1Q5TAg4nh8IqWckVGS","Jim Morrison;The Doors","An American Prayer","The Ghost Song",45,315920,FALSE,0.473,-14.567,0,0.142,0.375,0.00562,0.0629,0.247,110.527,4,2,"indie_soul_rock",0.59
84758,"1057KuzIH4fWCyI5Gb5kX2","Pink Floyd","The Final Cut","The Gunner's Dream",46,318239,FALSE,0.284,-14.264,1,0.054,0.687,0.00444,0.104,0.169,132.667,4,2,"indie_soul_rock",0.3
84760,"1B0cZZLVgAxDYzMNnsZDuF","King Crimson","Larks' Tongues In Aspic (Expanded & Remastered Original Album Mix)","Book Of Saturday",49,175720,FALSE,0.0818,-21.575,0,0.0472,0.597,1.82e-06,0.104,0.202,69.023,5,2,"indie_soul_rock",0.46
84763,"0GbxcbGWZyccF5vGGp4yYF","Flört","Cemiyette Pişiyoruz","Şakalar",28,275240,FALSE,0.481,-9.643,0,0.0267,0.199,0.000335,0.0991,0.503,115.938,4,2,"indie_soul_rock",0.61
84767,"5JcaA4A9ZoXthwEnxOxWvP","Count Five","Psychotic Reaction","Psychotic Reaction",56,185523,FALSE,0.753,-6.641,1,0.0986,0.000259,0.0199,0.266,0.688,164.896,4,2,"indie_soul_rock",0.81
84776,"5gOnivVq0hLxPvIPC00ZhF","T. Rex","Electric Warrior","Cosmic Dancer",58,266533,FALSE,0.803,-8.089,1,0.06,0.0117,0.00601,0.189,0.718,156.047,4,2,"indie_soul_rock",0.55
84778,"08ZP6LzduiKEURYbNex8SH","Pink Floyd","Hey Hey Rise Up (feat. Andriy Khlyvnyuk of Boombox)","A Great Day For Freedom 2022",42,247506,FALSE,0.318,-11.153,1,0.0279,0.0545,0,0.437,0.203,89.605,3,2,"indie_soul_rock",0.23
84783,"4xZtXNZs2xYOmlDDRzQub6","Cem Karaca","Anadolu Efsaneleri","Oğluma",28,321586,FALSE,0.471,-16.781,0,0.0517,0.0552,0.000862,0.209,0.704,164.846,4,2,"indie_soul_rock",0.75
84785,"1kxtStKyjUkbPqMZXh5i4q","Fairport Convention","Meet On The Ledge: The Classic Years (1967-1975)","Who Knows Where The Time Goes?",49,307293,FALSE,0.175,-16.689,1,0.0314,0.689,0.14,0.112,0.413,144.541,4,2,"indie_soul_rock",0.17
84786,"3AZ9y0djGcK0kcOkCxuUOU","Jay Reatard","Singles 06-07","I Know A Place",30,129866,FALSE,0.954,-4.765,1,0.0617,0.338,0,0.439,0.831,174.13,4,2,"indie_soul_rock",0.46
84805,"4fnJmewCdmTfErfSYSysyM","Pink Floyd","Obscured by Clouds","Childhood's End",47,273386,FALSE,0.386,-13.486,1,0.0411,0.242,0.000165,0.0872,0.194,125.08,4,2,"indie_soul_rock",0.35
84816,"3Dnr5MmVE22xUyZXqMPbQf","The Black Angels","Passover","Young Men Dead",50,332253,FALSE,0.74,-5.849,1,0.0303,0.000203,0.0385,0.124,0.0808,129.611,4,2,"indie_soul_rock",0.67
84833,"0xHxeH4QTqlfNrQvczkoTA","The Who","My Generation (Stereo Version)","I Can't Explain - Stereo Version",53,125967,FALSE,0.783,-8.391,1,0.0505,0.0409,0,0.0461,0.843,138.825,4,2,"indie_soul_rock",0.56
84840,"4rq928bInvxoDlfWr6nstY","Cut Worms","Nobody Lives Here Anymore","The Golden Sky",28,235206,FALSE,0.18,-17.289,1,0.0333,0.662,0.0346,0.351,0.418,176.745,4,2,"indie_soul_rock",0.74
84846,"09tyJ0VvbLty84iHIV3WQn","The Monkees","The Best of The Monkees","Listen to the Band - Single Version",28,149106,FALSE,0.659,-8.98,1,0.0625,0.114,2.95e-05,0.499,0.537,184.38,4,2,"indie_soul_rock",0.62
84868,"5FlTfq71n5Fxrei3B07Vx2","Sir Lord Baltimore","Kingdom Come","Hell Hound",27,199240,FALSE,0.899,-10.24,1,0.115,0.00339,1.59e-05,0.842,0.497,102.092,4,2,"indie_soul_rock",0.7
84872,"1ITQbrueGLl581a25XXm9c","The Beatles","The Beatles (Remastered)","Rocky Raccoon - Remastered 2009",57,213106,FALSE,0.363,-11.728,1,0.0315,0.333,0,0.243,0.648,79.456,4,2,"indie_soul_rock",0.88
84875,"1ZhrREyOOeFV6TxDOyiPwu","Steve Miller Band","Fly Like An Eagle","Take The Money And Run",68,170173,FALSE,0.645,-12.923,1,0.0484,0.0552,2.84e-06,0.151,0.836,99.3,4,2,"indie_soul_rock",0.63
84883,"0Q7sFMIqfp3eMtjF3w3S6F","Deep Purple","Slaves and Masters (Bonus Track Version)","Love Conquers All",46,224680,FALSE,0.42,-8.104,0,0.0286,0.264,8.7e-05,0.0884,0.0704,107.779,4,2,"indie_soul_rock",0.76
84888,"63OJHHu2ambZAvdrvhdT2b","The Velvet Underground","Loaded (2015 Remaster)","I Found a Reason - 2015 Remaster",53,255680,FALSE,0.289,-12.063,1,0.0271,0.0619,0.000444,0.104,0.335,77.941,3,2,"indie_soul_rock",0.45
84889,"0miRkg25FkSallQPNvdBx6","Cem Karaca","Nerde Kalmıştık","Nöbetçinin Türküsü",26,257933,FALSE,0.583,-11.141,0,0.068,0.367,0,0.0533,0.449,94.649,3,2,"indie_soul_rock",0.47
84890,"1DFdbWXLe4D2MHvBfIPQKQ","Steely Dan","A Decade Of Steely Dan","Rikki Don't Lose That Number",27,272133,FALSE,0.46,-14.041,1,0.0376,0.552,0.000132,0.0957,0.635,116.124,4,2,"indie_soul_rock",0.62
84894,"0UgAZtkSkSf56vCjsCcnEA","Cem Karaca","Merhaba Gençler","Bedava Yaşıyoruz",27,297706,FALSE,0.763,-7.561,1,0.0519,0.796,0.000114,0.377,0.6,146.218,5,2,"indie_soul_rock",0.69
84897,"1Ki61ngsEfX8h110ubE57g","Kamuran Akkor","Sev Yeter","Anadan Ayrı",28,252261,FALSE,0.61,-6.841,0,0.0436,0.666,0,0.171,0.624,97.352,4,2,"indie_soul_rock",0.83
84898,"7FxxBNwN27gcqRjzSE6T9N","Grateful Dead","Veneta, OR 8/27/72: The Complete Sunshine Daydream Concert (Live)","Casey Jones - Live in Veneta, Oregon 8/27/72",27,385026,FALSE,0.545,-11.22,1,0.028,0.742,0.0268,0.218,0.726,93.491,4,2,"indie_soul_rock",0.66
84906,"2uG7RbrJSq5bZWv7ufDyTg","La Femme","Psycho Tropical Berlin","It's Time to Wake Up 2023",51,411440,FALSE,0.585,-6.886,1,0.0264,0.314,0.666,0.0888,0.113,109.982,4,2,"indie_soul_rock",0.59
84909,"1AAYbsAIgEJMbxgLgpjE9y","The Avalanches","Since I Left You (20th Anniversary Deluxe Edition)","Since I Left You",57,262840,FALSE,0.912,-7.275,1,0.0573,0.226,0,0.726,0.504,102.778,4,2,"indie_soul_rock",0.65
84940,"43IYZ1zQpbXXWhGQEgjAjb","Fairport Convention","Unhalfbricking","Who Knows Where The Time Goes?",52,310173,FALSE,0.0913,-21.164,1,0.0325,0.679,0.367,0.0791,0.385,143.9,4,2,"indie_soul_rock",0.77
84941,"1dxbAIfCASqv6jix2R1Taj","The Beatles","Magical Mystery Tour (Remastered)","Your Mother Should Know - Remastered 2009",54,148413,FALSE,0.293,-11.361,1,0.0332,0.784,0.0106,0.0936,0.724,117.613,4,2,"indie_soul_rock",0.55
84943,"6HfUriaVuymw9EmYeG9WH5","Grinspoon","Thrills, Kills and Sunday Pills","Bleed You Dry",26,204640,FALSE,0.651,-6.009,1,0.0296,0.00107,0,0.144,0.392,83.018,4,2,"indie_soul_rock",0.67
84951,"48mJX8glOrQkrSdVBjc0Wb","PJ Harvey","To Bring You My Love","Down By The Water",57,194506,FALSE,0.622,-12.255,1,0.0412,0.00168,0.181,0.343,0.319,125.166,4,2,"indie_soul_rock",0.38
84962,"2RWCmhT0erG8A9S19EXWq0","Tony Molina","Dissed and Dismissed","Nowhere to Go",27,48325,FALSE,0.725,-8.504,1,0.0356,0.205,1.04e-06,0.302,0.778,143.151,4,2,"indie_soul_rock",0.26
84974,"2sMlm5CTXbSitM813uRN9n","Grateful Dead","Fox Theatre, St. Louis, MO (12/10/71) [Live]","Loser - Live at the Fox Theatre, St. Louis, MO 12/10/71",26,441653,FALSE,0.281,-18.02,1,0.0457,0.814,0.0353,0.111,0.407,119.345,4,2,"indie_soul_rock",0.49
84980,"3r5CAbMLZEWFHQJ2OiDsaU","Selda Bağcan","Türkülerimiz 1","Adaletin Bu mu Dünya",26,185260,FALSE,0.643,-6.063,0,0.0315,0.813,1.85e-05,0.182,0.407,168.658,4,2,"indie_soul_rock",0.26
84995,"1eClAfJCOSOslgOFStm8Rc","Cem Karaca;Dervişan","Parka","Bu Son Olsun",25,169706,FALSE,0.396,-14.006,0,0.0394,0.401,0.000303,0.833,0.636,189.188,3,2,"indie_soul_rock",0.51
85004,"5nlwgUs9iUPoRr8kPEHONO","blink-182","Halloween Party Canzoni per Bambini 2022","Ghost On The Dance Floor",0,257519,TRUE,0.969,-3.967,1,0.0581,2.41e-05,0.0265,0.0912,0.547,103.511,4,17,"youth_pop_punk",0.35
85037,"3Nf1KQH090C4FVrjOXrioq","The All-American Rejects","Rock Workout 2023","Gives You Hell",1,214306,FALSE,0.675,-6.8,1,0.0368,0.0165,0,0.0537,0.595,99.979,4,17,"youth_pop_punk",0.6
85049,"7frumfCbPME9rnrbBB7qZ7","Ramones","Maintain Your Mojo","I Wanna Be Sedated",0,149466,FALSE,0.96,-3.989,1,0.042,0.169,2.89e-05,0.105,0.937,163.011,4,17,"youth_pop_punk",0.52
85053,"3eHYnUFpEZjnTQag1EVxHC","You Me At Six","Night People","Take on the World",40,271306,FALSE,0.532,-6.461,1,0.0302,0.157,4.28e-06,0.0927,0.11,104.02,4,17,"youth_pop_punk",0.44
85063,"0cEBv7oJxFp3bfTFqWFI0R","Hot Chelle Rae;Demi Lovato","Whatever","Why Don't You Love Me (feat. Demi Lovato)",60,211413,FALSE,0.802,-6.494,1,0.0362,0.121,0,0.118,0.566,148.054,3,17,"youth_pop_punk",0.43
85079,"0fgSNUfZsTNRpTZyRUA6cE","Misfits;Glenn Danzig","Rock & Halloween","Horror Business",1,165866,FALSE,0.943,-8.451,1,0.0538,0.588,0.00529,0.227,0.0606,90.264,4,17,"youth_pop_punk",0.6
85090,"6sSyHED31Nw3Blus6oSrU4","Misfits","Anthems for Witches 2022","Halloween",0,112426,FALSE,0.937,-9.01,1,0.0758,0.0172,0,0.271,0.0957,108.729,4,17,"youth_pop_punk",0.79
85103,"0tyR7Bu9P086aWBFZ4QJoo","All Time Low;blackbear","Wake Up, Sunshine","Monsters (feat. blackbear)",71,174067,TRUE,0.845,-3.449,0,0.0611,0.0493,0,0.416,0.782,78.532,4,17,"youth_pop_punk",0.43
85112,"55Fpeuuc2sbQiy74eA1gTt","Set It Off;William Beckett","Duality","Wolf in Sheep's Clothing",62,187880,TRUE,0.907,-3.894,0,0.0773,0.00161,0,0.403,0.71,165.069,4,17,"youth_pop_punk",0.69
85117,"2P9jqjK69Yhc296w9WYXGr","Still Virgin","Stay Gold","Dear Ndut",48,277629,FALSE,0.801,-5.929,1,0.0315,0.0192,0,0.308,0.578,92.555,4,17,"youth_pop_punk",0.32
85122,"20zzr5ptoz7htV9Li3WEqo","The Maine","Emo Christmas 2022","Santa Stole My Girlfriend",0,182960,FALSE,0.493,-6.595,1,0.0323,0.601,0,0.306,0.738,107.993,4,17,"youth_pop_punk",0.45
85126,"6JMUqW6dwWduaPPqGCkcgk","Catupecu Machu","Cuentos Decapitados","Eso Vive",49,181560,FALSE,0.961,-2.564,1,0.0732,0.00558,1.31e-05,0.0306,0.922,104.054,4,17,"youth_pop_punk",0.49
85128,"2h3wkxedVtAkQ8a6rl5N8t","Siouxsie and the Banshees","Spooky Scary Season","Spellbound",0,197106,FALSE,0.931,-6.348,1,0.0449,0.016,0,0.0772,0.295,148.813,4,17,"youth_pop_punk",0.61
85134,"4dUBeg6zboC0lTUS7TKXfs","Siouxsie and the Banshees","Halloween Hits","Spellbound",0,197106,FALSE,0.931,-6.348,1,0.0449,0.016,0,0.0772,0.295,148.813,4,17,"youth_pop_punk",0.55
85136,"0vGAY9aloPKORe0R0KlfGv","Siouxsie and the Banshees","Helloween Party","Spellbound",0,197106,FALSE,0.931,-6.348,1,0.0449,0.016,0,0.0772,0.295,148.813,4,17,"youth_pop_punk",0.49
85137,"4SURRUkM1Pba8fGL1qihRi","Last Child","Our Biggest Thing Ever","Indahkah Perbedaan",49,260893,FALSE,0.865,-4.832,1,0.0373,0.0363,0,0.0866,0.431,140.107,4,17,"youth_pop_punk",0.24
85140,"2u65iUSn9AerEa26a4HBPD","Siouxsie and the Banshees","Rock & Halloween","Halloween",2,221466,FALSE,0.91,-7.097,1,0.08,0.0116,0.000518,0.212,0.364,171.75,4,17,"youth_pop_punk",0.51
85142,"5I8DslpztOwOpwERbGGDTC","Camisa de Vênus","Batalhões de Estranhos","Eu Não Matei Joana d'Arc",47,225533,FALSE,0.75,-11.185,1,0.118,0.00481,0.000483,0.0748,0.745,197.679,4,17,"youth_pop_punk",0.67
85148,"4o7qQwLjPPwXNNSTax6yWr","Los Abuelos De La Nada","Rock x siempre","Lunes Por La Madrugada",0,194693,FALSE,0.655,-9.229,1,0.0288,0.0206,1.16e-06,0.224,0.557,138.854,4,17,"youth_pop_punk",0.67
85149,"2laJdkltxYwwCJanm7yBnn","Raimundos;Érica Martins","Só as Melhores do Pop Rock Brasileiro","A mais pedida",0,233733,FALSE,0.825,-4.021,1,0.0478,0.0105,1.43e-05,0.0693,0.467,125.056,4,17,"youth_pop_punk",0.47
85152,"1FvDJ9KGxcqwv1utyPL3JZ","The Smiths","The Smiths","This Charming Man - 2011 Remaster",77,162920,FALSE,0.846,-5.9,1,0.0436,0.00509,0,0.0784,0.751,103.912,4,17,"youth_pop_punk",0.59
85159,"4QlzkaRHtU8gAdwqjWmO8n","The Cure","Wish","Friday I'm In Love",77,215160,FALSE,0.763,-12.663,0,0.0341,0.00126,6.75e-05,0.359,0.514,136.205,4,17,"youth_pop_punk",0.41
85162,"0tkBOcK7oRVXQJY97zzSvr","Cage The Elephant","Melophobia","Telescope",65,228293,FALSE,0.481,-4.801,1,0.0285,0.273,1.33e-05,0.0986,0.176,93.568,4,17,"youth_pop_punk",0.44
85164,"0jwIgZRcbW2VjYuCbhKnX5","Ratones Paranoicos","Fieras Lunaticas","La Nave",44,223946,FALSE,0.896,-6.069,0,0.057,0.382,0.0201,0.233,0.787,115.4,4,17,"youth_pop_punk",0.4
85179,"6Eg6mlmavrJxtMGW5HxMUb","Planet Hemp","A Invasão do Sagaz Homem Fumaça","Ex-Quadrilha da Fumaça",46,185360,FALSE,0.945,-4.534,1,0.295,0.00636,0,0.106,0.453,105.3,4,17,"youth_pop_punk",0.53
85188,"1u4GsNYG4PPfV8cvxaxC4t","Last Child","Our Biggest Thing Ever","Sadarkan Aku",45,273476,FALSE,0.924,-4.766,1,0.033,0.00176,1.03e-06,0.0582,0.51,112.053,4,17,"youth_pop_punk",0.53
85201,"6LUGvXEAK8WxIBYK43uoTb","The Smiths","Louder Than Bombs","Back to the Old House - 2011 Remaster",74,186626,FALSE,0.488,-7.805,1,0.0253,0.0102,0.000188,0.141,0.404,104.13,3,17,"youth_pop_punk",0.63
85211,"0BzXo4hVmCi4Hy49X1BtRs","PXNDX","Sangre Fría","Lunar De Clavícula",42,224813,FALSE,0.804,-5.336,1,0.0553,0.0202,0.000238,0.154,0.714,125.175,4,17,"youth_pop_punk",0.32
85214,"7a3BtnxJWh4Hr0dfLo467F","Catupecu Machu","El Número Imperfecto","En Los Sueños",44,223080,FALSE,0.835,-5.828,1,0.0322,0.0429,0.000195,0.0938,0.794,141.052,4,17,"youth_pop_punk",0.3
85223,"5Y7Lt08Xc885tzG5kKTZ4u","Skay Beilinson","¿Dónde Vas?","Aves Migratorias",44,202826,FALSE,0.823,-6.44,1,0.0307,0.0133,0.427,0.0919,0.962,120.018,4,17,"youth_pop_punk",0.69
85229,"1JiKG47wsKUFSJwzmSkMwN","Attaque 77","Karmagedon","Cartonero",44,192693,FALSE,0.831,-4.582,0,0.0383,0.00718,0,0.275,0.813,169.874,4,17,"youth_pop_punk",0.62
85232,"3d4oqD3MLxGgmYcKwDcnES","Matanza","A Arte do Insulto","A Arte do Insulto",44,110986,FALSE,0.96,-3.357,1,0.105,5e-05,0,0.416,0.835,178.374,4,17,"youth_pop_punk",0.55
85238,"11oOZ7gWk06lQxZeh6styk","Last Child","Our Biggest Thing Ever","Jalan Lain Ke Hatimu",44,235240,FALSE,0.937,-4.189,0,0.0389,0.0114,0,0.398,0.693,172.021,4,17,"youth_pop_punk",0.66
85255,"17jkqGy5v8YMNRxhnegd6G","We The Kings","We The Kings (Deluxe Version)","Check Yes, Juliet",29,218640,FALSE,0.915,-4.201,1,0.0759,0.00198,0,0.18,0.343,166.843,4,17,"youth_pop_punk",0.68
85258,"7sziTn5nHwrWf4K7gISaaU","Simple Plan;Sean Paul","Get Your Heart On!","Summer Paradise (feat. Sean Paul) - Single Version",61,234786,FALSE,0.822,-4.415,1,0.0542,0.0132,0,0.092,0.751,171.935,4,17,"youth_pop_punk",0.63
85305,"21hbZ0yllYOoXEbiFDYMSI","Anarbor","Burnout (Deluxe Version)","18",66,157360,FALSE,0.854,-2.779,1,0.0997,0.0603,0,0.0805,0.88,98.056,4,17,"youth_pop_punk",0.36
85309,"5ZdzNVOmCSp5HFLk0EgvJS","The All-American Rejects","Move Along","Dirty Little Secret",66,193653,FALSE,0.955,-4.253,1,0.0432,0.000343,1.35e-06,0.548,0.462,143.853,4,17,"youth_pop_punk",0.37
85314,"5CBe28J8qHaBclf9YeBhHU","Architecture In Helsinki","In Case We Die","Do the Whirlwind",44,279040,FALSE,0.415,-8.419,1,0.0562,0.153,0.11,0.387,0.556,112.033,4,17,"youth_pop_punk",0.41
85322,"7M7vBoHAwzFQaMf8VaVIn4","Die Ärzte","Die Bestie in Menschengestalt","Friedenspanzer",42,237026,FALSE,0.927,-5.873,0,0.0591,0.00765,0,0.564,0.516,111.074,4,17,"youth_pop_punk",0.58
85351,"4dk40nfaQav6b4ZsJ9OYUo","The Psychedelic Furs","Forever Now","Love My Way",66,213973,FALSE,0.85,-5.054,1,0.0351,0.00487,0.00018,0.152,0.52,126.106,4,17,"youth_pop_punk",0.33
85354,"3M2bD9SMYnJIPdrTKUnBd3","The Smiths","The Queen Is Dead","I Know It's Over - 2011 Remaster",67,349186,FALSE,0.424,-10.583,1,0.0318,0.0847,0,0.234,0.404,113.311,3,17,"youth_pop_punk",0.6
85361,"1O1sgYGqEI6amm67FVsRmF","Hilera","Hilera","Define",41,191413,FALSE,0.929,-4.644,1,0.0388,0.0302,0,0.118,0.465,135.596,4,17,"youth_pop_punk",0.35
85364,"2AX5E86cn9n2dgioZEjirI","The Stranglers","La Folie","Golden Brown",71,206760,FALSE,0.383,-15.474,1,0.0304,0.143,0.124,0.138,0.599,93.764,3,17,"youth_pop_punk",0.53
85367,"2FBAM2dVhCex33z30YA7hV","Árbol","GUAU!","Canciones",41,139306,FALSE,0.829,-2.177,1,0.0663,0.0901,0,0.136,0.963,147.898,4,17,"youth_pop_punk",0.56
85369,"2Vm4Uy2fsUcyRjViraNRPH","Árbol","GUAU!","Chikanorexika",40,231866,FALSE,0.911,-3.332,0,0.0665,0.162,0,0.0726,0.879,92.003,4,17,"youth_pop_punk",0.31
85395,"40mSjbhKvOJuPpg6vahENQ","Carajo","Inmundo","Chico Granada",42,214733,FALSE,0.957,-3.949,1,0.081,0.00445,0.000115,0.0853,0.394,159.855,4,17,"youth_pop_punk",0.67
85396,"6knhkGeI2ukHjNfo39E7y1","Charly García","García 87/93","Rap de las Hormigas",41,194306,FALSE,0.867,-9.627,1,0.0447,0.381,0.33,0.277,0.888,124.604,4,17,"youth_pop_punk",0.63
85404,"72I5gb06T9KIESon4AWY8S","The Cab","Lock Me Up","Lock Me Up",58,209626,FALSE,0.857,-6.31,0,0.034,0.0852,0,0.467,0.68,94.011,4,17,"youth_pop_punk",0.6
85420,"44DGNUUvSQjqFxwgFC7wsf","boom boom kid","Frisbee","Lo Único Feo Es No Tener Porque Vivir",40,193333,FALSE,0.93,-4.553,1,0.0679,0.0102,0.000671,0.0893,0.448,92.539,4,17,"youth_pop_punk",0.33
85430,"5qjZgLx35G3YbZkI8cKlkn","Riff","Que Sea Rock","Lily Malone",40,302586,FALSE,0.848,-5.559,0,0.0365,1.8e-05,0.000269,0.378,0.374,127.616,4,17,"youth_pop_punk",0.59
85443,"73lIldE4SbKxglgJXiQ7cd","Matanza","Música para Beber e Brigar","Maldito Hippie Sujo",40,176400,FALSE,0.991,-2.897,1,0.0779,0.00526,0,0.371,0.754,164.969,4,17,"youth_pop_punk",0.53
85446,"3fPCgkC6BsI8AHyKc9XLL0","Matanza","Odiosa Natureza Humana","Carvão, Enxofre e Salitre",40,181733,FALSE,0.992,-3.697,1,0.144,0.0019,0,0.249,0.302,93.054,4,17,"youth_pop_punk",0.42
85477,"1964zxkJByManoIYrUkSHU","Tihuana","Nova Bis - Tihuana","Tropa De Elite",39,194773,FALSE,0.881,-5.879,1,0.0935,0.0434,0,0.0383,0.962,144.324,4,17,"youth_pop_punk",0.23
85482,"10Dtu2doQALRkGUbZj4WxT","boom boom kid","Okey Dokey","Brick By Brick",39,136840,FALSE,0.469,-8.433,0,0.0653,0.271,0.000944,0.111,0.134,161.917,4,17,"youth_pop_punk",0.33
85492,"5sZ7F3XUiW3LismMsvoEG1","GIT","GIT, El Album","Sólo Un Hombre De Suerte",39,276586,FALSE,0.415,-11.871,1,0.0286,0.124,0.000232,0.154,0.737,112.634,4,17,"youth_pop_punk",0.58
85501,"3YD9EehnGOf88rGSZFrnHg","blink-182","Take Off Your Pants And Jacket","Stay Together For The Kids",69,239333,FALSE,0.78,-4.939,1,0.0356,0.00165,2.14e-05,0.156,0.166,145.125,4,17,"youth_pop_punk",0.56
85514,"4JAtDXVF8f5OgCkz1vEAfU","Rybičky 48","Muži","Muži",38,220031,FALSE,0.714,-5.445,1,0.038,0.00825,0,0.219,0.509,120.054,4,17,"youth_pop_punk",0.16
85532,"0BWhmRyHvBLMcEJDAos2PD","Charly García","Unplugged","Los Dinosaurios - Live",39,220533,FALSE,0.52,-13.33,1,0.126,0.903,0.0046,0.539,0.286,85.299,4,17,"youth_pop_punk",0.45
85535,"5uwyngLJd6sTOYRic4tH8x","Soda Stereo","Soda Stereo (Remastered)","Ni Un Segundo - Remasterizado 2007",39,207240,FALSE,0.875,-6.094,1,0.0363,0.0919,0.422,0.103,0.942,91.573,4,17,"youth_pop_punk",0.6
85543,"4qDSaWPRtxqc6fsxL4qn7C","Wohnout","Našim klientům","Hledáme zpěváka",38,251280,FALSE,0.891,-5.98,0,0.0522,0.0392,0,0.088,0.329,104.012,4,17,"youth_pop_punk",0.59
85554,"22sno2Y45Ov3ixSl6fN9i8","Waterparks;blackbear","LOVE ABOUT IT","LOVE ABOUT IT (feat. blackbear)",57,172375,FALSE,0.84,-3.777,0,0.0571,0.0289,0,0.726,0.426,158.101,4,17,"youth_pop_punk",0.41
85567,"3Nv85OQTEgxlN29my6unSG","PXNDX","Poetics","¡soy un Ganador!",37,185200,FALSE,0.949,-4.767,1,0.0839,0.0034,0,0.232,0.569,152.021,4,17,"youth_pop_punk",0.45
85569,"5dgHBBHOxxNXhfk6t7DGfG","NTRL;Indra7","XXV","Pertempuran Hati",38,285893,FALSE,0.809,-9.882,1,0.0346,0.000869,0.0805,0.249,0.321,115.989,4,17,"youth_pop_punk",0.48
85577,"2r94LHyx7wZyvB6mUDgvZI","Catupecu Machu","Laberintos Entre Aristas Y Dialectos","Entero O A Pedazos - Acustico",38,306546,FALSE,0.468,-7.287,1,0.0357,0.563,0,0.702,0.352,101.204,4,17,"youth_pop_punk",0.69
85580,"1Ib8I0IUoeRdLk6IKMLenk","Die Toten Hosen","Alles aus Liebe: 40 Jahre Die Toten Hosen","Nur zu Besuch",38,270266,FALSE,0.299,-7.457,0,0.0261,0.502,0,0.112,0.137,108.159,4,17,"youth_pop_punk",0.4
85585,"3KAzDoRRG9BFI5DJ5JA6T1","Attaque 77","Trapos","No Me Arrepiento de Este Amor (En Vivo)",37,298186,FALSE,0.989,-3.351,0,0.113,0.000855,0.000545,0.969,0.193,103.005,4,17,"youth_pop_punk",0.45
85593,"0Jx427NdYDwnsDBhpEXP3Q","Alkehol","20 let na tahu","Hospodo nalejvej",38,204093,FALSE,0.913,-6.295,1,0.0645,0.00516,1.13e-05,0.0507,0.688,150.073,4,17,"youth_pop_punk",0.57
85603,"0aZJGkkXR3DgaFqo5sB8ot","All Time Low","Nothing Personal (Deluxe Version)","Weightless",66,198000,TRUE,0.923,-4.512,1,0.138,0.00282,0,0.158,0.663,181.074,4,17,"youth_pop_punk",0.44
85609,"2e8nVei4B3HyfE3sDEvfLN","The Cab","Lock Me Up","Moon",55,196720,FALSE,0.783,-6.38,0,0.0331,0.00062,0.00447,0.22,0.723,132.474,4,17,"youth_pop_punk",0.32
85610,"0V64VQHOOcwC60IMRrrXFa","The Cab","Symphony Soldier","Endlessly",53,237879,FALSE,0.86,-5.459,1,0.0975,0.0489,0,0.138,0.516,130.054,4,17,"youth_pop_punk",0.43
85630,"03mG8gRIri8ZO92bYmcERo","Charly García","Filosofía Barata y Zapatos de Goma","Filosofía Barata y Zapatos de Goma",37,231733,FALSE,0.404,-15.656,0,0.0352,0.0923,0.0271,0.0613,0.206,100.16,4,17,"youth_pop_punk",0.53
85641,"0bk4vZzYmtZlKOltolZ7Zo","Ultraje a Rigor","2 é Demais","Inútil - Ao vivo",37,217066,FALSE,0.725,-9.956,1,0.0605,0.014,0,0.0824,0.969,164.292,4,17,"youth_pop_punk",0.51
85642,"2ZnAe2Af6C6s8B25gtWbCU","Riff","Zona de Nadie (Remasterizado 2016)","El Forastero - Remasterizado 2016",38,164013,FALSE,0.803,-9.47,1,0.0805,0.0124,0.0149,0.11,0.857,151,4,17,"youth_pop_punk",0.48
85654,"72XWsiLW8q2g8Lv0a010ha","Boys Like Girls","Boys Like Girls","The Great Escape",55,206520,FALSE,0.94,-4.012,0,0.0635,0.00166,0,0.178,0.505,149.934,4,17,"youth_pop_punk",0.78
85662,"11JjtOYafoXmTiD1NDdF0l","Hedley","Almorzando solo","Lose Control",0,226693,TRUE,0.778,-4.42,0,0.0494,0.149,0,0.137,0.852,119.971,4,17,"youth_pop_punk",0.42
85666,"17a6EMs038tuh87eggDJ1G","Luis Alberto Spinetta","Ya No Mires Atrás","Veinte Ciudades",37,179130,FALSE,0.795,-9.396,0,0.0348,0.0874,4.84e-05,0.221,0.7,123.029,4,17,"youth_pop_punk",0.55
85667,"3DLPg2D9Q6XZ4RlUU9B00r","PXNDX","Bonanza","Ilusión, Oh ilusión",36,291280,FALSE,0.622,-5.065,1,0.0293,0.0272,0.000155,0.0942,0.429,147.943,4,17,"youth_pop_punk",0.4
85673,"1OgRBv3J0mxawWAMKE1dOd","Hi! Spencer","Richtung Norden","Richtung Norden",36,243592,FALSE,0.865,-5.502,0,0.0365,0.000583,0,0.141,0.341,148.013,4,17,"youth_pop_punk",0.76
85681,"3bMW8SzwGZTN5cXB6GHmAy","Superman Is Dead","Kuta Rock City","Cerita Semalam",38,236773,FALSE,0.931,-6.491,1,0.0579,0.000968,0,0.124,0.753,110.161,4,17,"youth_pop_punk",0.36
85723,"5ILxI32iOavEkqb0w4rFby","División Minúscula","Extrañando Casa","Simple",38,171760,FALSE,0.74,-7.851,1,0.0535,0.00487,0,0.0824,0.712,124.347,4,17,"youth_pop_punk",0.31
85729,"298zUartEzyZ4BuOA8psBX","Die Toten Hosen","Alles aus Liebe: 40 Jahre Die Toten Hosen","Das ist der Moment",37,180866,FALSE,0.742,-4.148,1,0.0318,0.035,0,0.133,0.605,130.018,4,17,"youth_pop_punk",0.45
85742,"2MeWztYHwBXgb6EcaZ5Uer","Tři Sestry","20 let naživu (Live)","Mexiko - Live",36,237360,FALSE,0.979,-2.718,0,0.207,0.0973,0,0.763,0.516,139.881,4,17,"youth_pop_punk",0.65
85750,"6XsJTpZwPKMcG8QK8k14Z6","ASIAN KUNG-FU GENERATION","ワールド ワールド ワールド","アフターダーク",57,192026,FALSE,0.95,-3.747,1,0.0475,0.00193,0,0.0689,0.541,191.006,4,17,"youth_pop_punk",0.31
85756,"3bYUFS0H27cU8A7DJW0AOY","We The Kings;Derek Sanders","When We Were Young","When We Were Young",49,191493,FALSE,0.929,-5.422,1,0.0449,9.18e-05,0,0.264,0.524,196.027,4,17,"youth_pop_punk",0.42
85763,"71tgx5djlF4AcTt2XGhyty","Margarita Siempre Viva","Un Lugar Más Cierto","Mi Barco",36,210005,FALSE,0.612,-7.434,0,0.0393,0.167,9.35e-05,0.136,0.159,142.98,4,17,"youth_pop_punk",0.64
85765,"174atZQ0R42OWEl4qt8znU","Rantanplan","Licht und Schatten","Kiel",35,194146,FALSE,0.984,-3.265,1,0.063,0.0101,0.25,0.367,0.665,191.064,4,17,"youth_pop_punk",0.42
85775,"2bEpxS2owATA3ZbcSFlTg4","El Bordo","Hermanos","Instinto",36,264453,FALSE,0.855,-4.123,0,0.0368,0.042,3.03e-06,0.11,0.651,138.004,4,17,"youth_pop_punk",0.3
85793,"6ZDqlISeQlTIW50mX2qklc","Planet Hemp","Usuário","Mary Jane",36,129266,FALSE,0.965,-7.096,0,0.184,0.000519,0.000123,0.0871,0.234,162.525,3,17,"youth_pop_punk",0.59
85811,"4uT1leY76vDaNl88JABqic","Thermo","Ancestros","Tu Nombre",36,286797,FALSE,0.945,-2.979,1,0.0544,0.0379,0.00113,0.213,0.675,152.964,4,17,"youth_pop_punk",0.65
85819,"0u75DVC8SAsEaDdRd2RJIZ","The Minds Of 99","Solkongen","Ubåd",36,209124,FALSE,0.945,-3.758,1,0.0541,0.00284,0.00166,0.157,0.587,123.938,4,17,"youth_pop_punk",0.62
85823,"25cfD9161olaTd3XZd4H3p","División Minúscula","Fronteras","Año Nuevo",37,392053,FALSE,0.702,-7.331,1,0.0338,0.257,5.83e-05,0.112,0.134,141.058,4,17,"youth_pop_punk",0.48
85825,"7LX68vk8fkBNgPIzlJnTpD","Beatsteaks","23 Singles","Hey Du",35,217253,FALSE,0.747,-6.921,1,0.0587,0.012,2.9e-06,0.0926,0.388,184.737,4,17,"youth_pop_punk",0.82
85835,"0dBdzZyVg8ldxFAVoRtXP6","Die Toten Hosen","Alles aus Liebe: 40 Jahre Die Toten Hosen","Alles passiert",36,247453,FALSE,0.626,-4.58,1,0.0271,0.0669,0,0.218,0.317,76.023,4,17,"youth_pop_punk",0.39
85839,"5x5DSEnt5Yzo9SoQBenjgY","Bulldog","Pogo, Punk Y Sentimiento","Mi amor, mi sol, mi perdición",36,240451,FALSE,0.934,-3.725,1,0.0491,0.0072,0,0.224,0.725,179.987,4,17,"youth_pop_punk",0.32
85858,"2xmhmt8OMmeFHyB6VwxyLw","Athena","İt","Köpek",35,216456,FALSE,0.964,-6.102,0,0.0652,0.00272,0,0.739,0.663,156.318,4,17,"youth_pop_punk",0.66
85872,"32OYpRgfeg4wPh5kD3DNy5","Allison","120 Km/Hr.","No Hay Distancia",37,262546,FALSE,0.812,-2.03,1,0.0321,0.021,0,0.106,0.435,94.978,4,17,"youth_pop_punk",0.6
85875,"07MWoC4pmDx3N3dEHvRh88","Allison","Allison (Edición Especial)","Mi Destino",37,205973,FALSE,0.627,-6.747,1,0.0307,0.0785,0,0.171,0.51,170.041,4,17,"youth_pop_punk",0.57
85884,"7a07LwoTEqMdngkepQaAsO","Fiskales Ad-Hok","Traga!","Eugenia",35,191000,FALSE,0.955,-7.461,1,0.0568,0.00112,4.96e-05,0.15,0.532,157.168,4,17,"youth_pop_punk",0.59
85887,"5AbtfzFvaTP1iQfIQMN3AF","Hanoi Rocks","Two Steps From The Move","Don't You Ever Leave Me",36,246333,FALSE,0.919,-4.404,1,0.049,0.0215,0.000281,0.21,0.522,107.919,4,17,"youth_pop_punk",0.44
85888,"2DGsn73GOkBsdRugZvsOj0","Charly García","Unplugged","La Sal No Sala - Live",36,284826,FALSE,0.567,-11.338,1,0.101,0.303,0.00805,0.955,0.713,127.663,4,17,"youth_pop_punk",0.42
85891,"3urhyNzxy6sDIvCEywGmlJ","Skay Beilinson","La Marca de Caín","Ángeles Caidos",36,223973,FALSE,0.755,-7.252,1,0.0251,0.00141,0.0801,0.231,0.622,105.026,4,17,"youth_pop_punk",0.54
85894,"3yz3yceLHbR6jlyvfxrEBn","Raimundos","Acústico - Ao Vivo","Bê a Bá - Ao Vivo | Acústico",34,240746,TRUE,0.916,-3.571,1,0.0952,0.326,8.63e-06,0.148,0.348,161.703,4,17,"youth_pop_punk",0.44
85903,"46Qy1xAr2K7rylRYwdQ6Gw","Faster Pussycat","Wake Me When It's Over","House of Pain",55,344613,FALSE,0.727,-6.159,1,0.0346,0.0475,3.86e-05,0.0869,0.249,121.323,4,17,"youth_pop_punk",0.37
85908,"61wfWYE6b8v38Wrt543o2Y","Athena","Mamak Türküsü (Yeni Türkü Zamansız)","Mamak Türküsü - Yeni Türkü Zamansız",35,175151,FALSE,0.751,-7.338,0,0.0318,0.00215,1.07e-06,0.146,0.87,105.597,4,17,"youth_pop_punk",0.47
85912,"3oXjeIZpm8ur7KlFeuSXZb","Hi-STANDARD","ANGRY FIST","FIGHTING FISTS, ANGRY SOUL",34,141360,FALSE,0.895,-4.118,1,0.162,0.000729,0.000218,0.448,0.765,167.415,4,17,"youth_pop_punk",0.23
85919,"7yopp41Rp0Mb2of12tGRHv","Cuchillazo","Cuchillazo","Colgado",35,170906,FALSE,0.626,-7.558,1,0.0307,0.238,0.00297,0.382,0.681,169.371,4,17,"youth_pop_punk",0.24
85922,"2MROIXHFoYn5JVGQtAXVpy","Chite","15 Escupitajos Bailables, Vol. 1","Harry Plones",35,84720,TRUE,0.978,-3.557,1,0.0586,0.000708,0.00496,0.384,0.967,139.69,4,17,"youth_pop_punk",0.6
85925,"7EpQL2axGBXkwPnhnWW2UD","Wohnout","Umění","Umění",35,198086,FALSE,0.62,-5.11,0,0.0474,0.00894,1.4e-05,0.031,0.651,127.049,4,17,"youth_pop_punk",0.81
85933,"0Ro5YO0uiGOr0oknHamRgT","Árbol","Pepsi Music 2005","Pequeños Sueños - En Vivo",35,205891,FALSE,0.784,-7.811,1,0.0415,0.0328,4.65e-06,0.967,0.527,117.478,4,17,"youth_pop_punk",0.27
85934,"52Wj2qAjMAzt65ClmS4uKh","Milliarden","Betrüger","Freiheit is ne Hure",35,220853,FALSE,0.652,-4.829,1,0.0465,0.129,0,0.146,0.294,142.366,3,17,"youth_pop_punk",0.65
85952,"1nFJAKHt0jgzVogbNJT3Zz","Parachute","Parachute","Ocean",48,222400,FALSE,0.711,-4.924,1,0.0279,0.0686,1.17e-05,0.085,0.352,119.989,4,17,"youth_pop_punk",0.38
85961,"4CRpOsjhvgxjF7rQufmyZ1","The Cure","The Head On The Door","Inbetween Days",68,177986,FALSE,0.836,-6.321,1,0.0317,0.107,0.583,0.166,0.735,142.605,4,17,"youth_pop_punk",0.34
85965,"6AR1ZgPWopKS1afyOaUeXa","BRDigung","In goldenen Ketten","Tanz dickes Kind",35,203880,FALSE,0.987,-2.084,0,0.0521,0.00034,0,0.0852,0.74,109.979,4,17,"youth_pop_punk",0.6
85971,"3eQ22OpcKPhcP4fLh0sB6V","Tolidos","Perdidos Encontrados","Si Te Vuelves a Enamorar",36,193480,FALSE,0.902,-4.062,1,0.0487,0.000109,0,0.0399,0.485,142.936,4,17,"youth_pop_punk",0.32
85984,"4Gi2j0N5WjIhhRmgbVlz7T","Huora","Kosto elää!","Oispa kaljaa",35,204053,FALSE,0.944,-6.207,1,0.107,6.46e-05,0.0524,0.104,0.562,167.357,4,17,"youth_pop_punk",0.62
86000,"7EkWXAI1wn8Ii883ecd9xr","Surf Curse","Freaks","Freaks",86,147062,FALSE,0.941,-9.918,1,0.0466,3.84e-05,0.633,0.0511,0.407,179.626,4,16,"alt_punk_rock",0.54
86007,"27pyhbC00sCtwKPhlQtOGe","My Chemical Romance","Timeless Rock Hits","Teenagers",2,161920,FALSE,0.858,-3.063,1,0.0626,0.0506,0,0.184,0.855,111.682,4,16,"alt_punk_rock",0.59
86008,"1I2I4x0SJcK6ccc6qvw76s","My Chemical Romance","Rock - Best of 2022","The Foundations of Decay",6,360760,FALSE,0.67,-6.652,0,0.0552,0.000582,0.548,0.317,0.198,150.15,4,16,"alt_punk_rock",0.7
86009,"6O5spqMgOR3Hk20NHCAPpC","Paramore","Alternative Rock Mixtape","Ain't It Fun",1,296520,FALSE,0.893,-3.681,1,0.0987,0.154,4.18e-05,0.021,0.671,103.985,4,16,"alt_punk_rock",0.38
86010,"3CmUas41TD2t8EGNZ85J9f","blink-182","Emo Christmas 2022","Happy Holidays, You Bastard",2,42440,TRUE,0.99,-2.084,1,0.115,0.02,0,0.513,0.962,172.715,4,16,"alt_punk_rock",0.7
86015,"2LGj1sOH9OEN5y1fF3TPoL","The Smiths","Alternative Rock Mixtape","How Soon Is Now?",1,408173,FALSE,0.93,-6.76,1,0.0599,0.000854,0.121,0.0874,0.73,190.84,4,16,"alt_punk_rock",0.56
86021,"5nlwgUs9iUPoRr8kPEHONO","blink-182","Halloween Party Canzoni per Bambini 2022","Ghost On The Dance Floor",0,257519,TRUE,0.969,-3.967,1,0.0581,2.41e-05,0.0265,0.0912,0.547,103.511,4,16,"alt_punk_rock",0.52
86026,"5XRNXsQhowtR0AbhaI7kIb","blink-182","90's Music Grandi Successi","All The Small Things",1,171066,FALSE,0.9,-5.032,1,0.0529,0.0109,0,0.395,0.609,148.62,4,16,"alt_punk_rock",0.79
86032,"4U2JpOMa70XHieiT6jHLUd","blink-182","Mirando las nubes","All The Small Things",0,171066,FALSE,0.9,-5.032,1,0.0529,0.0109,0,0.395,0.609,148.62,4,16,"alt_punk_rock",0.4
86048,"0afzkvZmb1oSEEC9tgDGez","Rise Against","Alternative Christmas 2022","Making Christmas",0,207213,FALSE,0.97,-4.825,1,0.062,6.21e-05,0.00799,0.149,0.609,163.912,4,16,"alt_punk_rock",0.82
86053,"0WQiDwKJclirSYG9v5tayI","The Smiths","The Queen Is Dead","There Is a Light That Never Goes Out - 2011 Remaster",81,244586,FALSE,0.769,-5.855,1,0.0269,0.04,0,0.136,0.876,136.162,4,16,"alt_punk_rock",0.72
86061,"6DOEBCCPcdo4DmHeRiSzsm","Surf Curse","Here to Forever - All New Indie","TVI",1,161200,FALSE,0.945,-4.309,1,0.0518,0.00243,1.97e-06,0.0997,0.62,184.301,4,16,"alt_punk_rock",0.54
86082,"2vYGlPIhtLGM23rXY8hfgX","The All-American Rejects","OO's Music Grandi Successi","Dirty Little Secret",1,194080,FALSE,0.955,-4.26,1,0.0448,0.000311,4.29e-06,0.421,0.485,143.865,4,16,"alt_punk_rock",0.22
86093,"0klYM8Q5GK4ygCJzukdsi3","Misfits","Pumpkin Patch Hits","Halloween",0,112426,FALSE,0.937,-9.01,1,0.0758,0.0172,0,0.271,0.0957,108.729,4,16,"alt_punk_rock",0.83
86096,"7frumfCbPME9rnrbBB7qZ7","Ramones","Maintain Your Mojo","I Wanna Be Sedated",0,149466,FALSE,0.96,-3.989,1,0.042,0.169,2.89e-05,0.105,0.937,163.011,4,16,"alt_punk_rock",0.82
86104,"1ibeKVCiXORhvUpMmtsQWq","Sum 41","Chuck","Pieces",69,182040,FALSE,0.83,-5.262,1,0.0321,0.00682,0.00337,0.166,0.602,99.93,4,16,"alt_punk_rock",0.39
86115,"6TfBA04WJ3X1d1wXhaCFVT","The Offspring","Rise And Fall, Rage And Grace","You're Gonna Go Far, Kid",81,177826,TRUE,0.917,-3.159,1,0.0638,0.00428,0,0.197,0.601,126.115,4,16,"alt_punk_rock",0.46
86117,"3KFF8fgf5RLmpSXBrxfbtj","Waterparks","Rock Brandneu","FUNERAL GREY",0,164138,TRUE,0.85,-3.627,0,0.0898,0.0202,0,0.656,0.961,145.971,4,16,"alt_punk_rock",0.62
86130,"0Ev1XvxAun4W2uh34XtZpx","AFI","Happy Haunted Halloween Tunes","Halloween",2,238106,FALSE,0.929,-8.494,0,0.091,0.00231,0.00074,0.0946,0.127,99.762,4,16,"alt_punk_rock",0.65
86135,"6uYSPBL3Y2shKlqH52Rw4l","Jimmy Eat World","Emo Christmas 2022","Last Christmas",0,267493,FALSE,0.842,-6.152,1,0.0403,0.00131,1.2e-06,0.33,0.715,126.042,4,16,"alt_punk_rock",0.75
86147,"1lCOmD1I33KfpnbBfB1Zpb","Joe Strummer;Scott Shields;Martin Slattery;Richard Flack;Paul Cook;Tymon Murray;Joe Strummer & The Mescaleros","Hans Zimmer: Epic Scores","Minstrel Boy - Film Verson",15,337173,FALSE,0.674,-9.068,1,0.0376,0.00644,0.419,0.0536,0.414,174.162,3,16,"alt_punk_rock",0.61
86148,"4LKmNU9RTRw5nfRwLNb4CM","Iggy Pop","Fishing Music","The Passenger",0,281026,FALSE,0.935,-3.544,1,0.053,0.0398,5.53e-06,0.57,0.735,134.831,4,16,"alt_punk_rock",0.64
86188,"0E3GkSUYpQCjwP8XDB5g5r","Siouxsie and the Banshees","Happy Haunted Halloween Tunes","Halloween",1,221466,FALSE,0.91,-7.097,1,0.08,0.0116,0.000518,0.212,0.364,171.75,4,16,"alt_punk_rock",0.53
86190,"4tWZkNLe7V7GtBt07MJ5FU","Stand Here Alone","Melodichildish","Move On",48,210848,FALSE,0.928,-2.322,1,0.0649,0.015,0,0.199,0.74,169.934,4,16,"alt_punk_rock",0.6
86194,"04GunTYlMUoEnc5pwzQANm","Charly García","Rock x siempre","Yendo De La Cama Al Living",0,283760,FALSE,0.433,-9.426,0,0.19,0.368,0.000312,0.13,0.572,80.115,4,16,"alt_punk_rock",0.69
86200,"7JIuqL4ZqkpfGKQhYlrirs","Paramore","Brand New Eyes","The Only Exception",74,267653,FALSE,0.563,-6.607,1,0.0272,0.144,0,0.143,0.209,137.715,3,16,"alt_punk_rock",0.45
86204,"0w5Bdu51Ka25Pf3hojsKHh","Paramore","After Laughter","Hard Times",75,182693,FALSE,0.818,-5.379,0,0.0334,0.00647,4.87e-06,0.0219,0.916,119.965,4,16,"alt_punk_rock",0.68
86212,"1xaTREM89RbIxkcjlpf4Uw","The Smiths","Hatful of Hollow","Heaven Knows I'm Miserable Now - 2011 Remaster",77,215760,FALSE,0.759,-4.862,1,0.0276,0.028,0,0.183,0.774,114.045,4,16,"alt_punk_rock",0.71
86215,"1HNE2PX70ztbEl6MLxrpNL","Sum 41","All Killer, No Filler","In Too Deep",76,207093,FALSE,0.844,-5.875,1,0.0505,0.000189,0,0.0607,0.766,116.046,4,16,"alt_punk_rock",0.48
86228,"2P9jqjK69Yhc296w9WYXGr","Still Virgin","Stay Gold","Dear Ndut",48,277629,FALSE,0.801,-5.929,1,0.0315,0.0192,0,0.308,0.578,92.555,4,16,"alt_punk_rock",0.52
86231,"5zOBEirORgMpNAnU5K97iz","The Maine","Alternative Christmas 2022","Ho Ho Hopefully",0,220813,FALSE,0.456,-6.402,1,0.0304,0.627,0,0.176,0.339,120.066,4,16,"alt_punk_rock",0.73
86232,"1BR2rZ8nZ0pPuRkuyE3oZ2","PXNDX","Bonanza","La noche de la mesa triste",46,259946,FALSE,0.965,-3.365,1,0.0893,0.00156,0.00703,0.313,0.558,92.131,4,16,"alt_punk_rock",0.52
86253,"0I329vpTJRdSRjEcWaQsSL","Simple Plan;Natasha Bedingfield","Get Your Heart On! (Deluxe Edition)","Jet Lag (feat. Natasha Bedingfield)",64,204526,FALSE,0.962,-3.453,1,0.0638,0.00361,0,0.163,0.687,144.984,4,16,"alt_punk_rock",0.62
86255,"58KPPL1AdLHMvR2O2PZejr","Green Day","American Idiot","Jesus of Suburbia",67,548253,TRUE,0.929,-3.214,1,0.0636,0.000259,2.26e-06,0.329,0.59,147.116,4,16,"alt_punk_rock",0.84
86257,"1QFh8OH1e78dGd3VyJZCAC","The Cure","Three Imaginary Boys","Boys Don't Cry",77,155973,FALSE,0.836,-5.766,0,0.0621,0.00517,0,0.18,0.671,168.766,4,16,"alt_punk_rock",0.54
86258,"0GgN4MhR5GKn5IcKN0e0rG","My Chemical Romance","The Black Parade","Cancer",69,142973,FALSE,0.515,-4.31,1,0.0261,0.358,0,0.278,0.222,74.984,4,16,"alt_punk_rock",0.7
86261,"5XUuldRjPXcP5QxyEN4IXT","Falling In Reverse","Voices In My Head","Voices In My Head",73,191414,TRUE,0.898,-3.067,0,0.162,0.0266,0,0.129,0.639,173.17,4,16,"alt_punk_rock",0.79
86276,"0YHRPEBjZrfg2LHpMObMZn","Catupecu Machu","Cuadros Dentro De Cuadros","Hechizos",47,279013,FALSE,0.907,-6.206,0,0.0387,0.0138,0,0.13,0.427,97.469,4,16,"alt_punk_rock",0.42
86277,"16KGKcnBVmYSZbmLEqQZ4w","PXNDX","Bonanza","Huésped en casa propia",44,222280,FALSE,0.954,-3.773,0,0.0945,8.76e-05,0.000236,0.176,0.453,136.104,4,16,"alt_punk_rock",0.52
86278,"6Eg6mlmavrJxtMGW5HxMUb","Planet Hemp","A Invasão do Sagaz Homem Fumaça","Ex-Quadrilha da Fumaça",46,185360,FALSE,0.945,-4.534,1,0.295,0.00636,0,0.106,0.453,105.3,4,16,"alt_punk_rock",0.62
86296,"0b9fULR24FUxNnT4co5GWA","The Pogues;Kirsty MacColl","Christmas Time","Fairytale of New York (Edit) - Radio Edit",0,275896,FALSE,0.346,-14.313,1,0.0417,0.648,0.000139,0.0511,0.358,117.916,3,16,"alt_punk_rock",0.72
86305,"4IiuExPFijOGZnVxGsKWcc","The White Stripes;The Glitch Mob","Seven Nation Army (The Glitch Mob Remix)","Seven Nation Army - The Glitch Mob Remix",65,257021,FALSE,0.844,-6.629,1,0.133,0.152,0.626,0.194,0.198,120.04,4,16,"alt_punk_rock",0.53
86306,"4BodkdQk2Ouo6BFbLqoWtG","FM Static","Critically Ashamed","Tonight",65,218586,FALSE,0.547,-5.93,0,0.0232,0.285,0,0.0891,0.25,77.969,4,16,"alt_punk_rock",0.22
86308,"7LZgdL0MxiElfaKZbuuE4l","The Smiths","Louder Than Bombs","Asleep - 2011 Remaster",65,253560,FALSE,0.255,-15.867,1,0.0291,0.88,0.532,0.146,0.215,115.144,3,16,"alt_punk_rock",0.43
86309,"1fkYmLPG2Oi2AkUmcspWKl","A Rocket To The Moon","On Your Side","Like We Used To",60,203733,FALSE,0.71,-3.08,1,0.0308,0.216,0,0.121,0.383,170.113,4,16,"alt_punk_rock",0.47
86310,"7sziTn5nHwrWf4K7gISaaU","Simple Plan;Sean Paul","Get Your Heart On!","Summer Paradise (feat. Sean Paul) - Single Version",62,234786,FALSE,0.822,-4.415,1,0.0542,0.0132,0,0.092,0.751,171.935,4,16,"alt_punk_rock",0.77
86322,"0kjhON7m0xrGhhoOaC8OAE","Last Child;Smash","Percayalah (New Version)","Percayalah - New Version",44,225594,FALSE,0.787,-4.689,1,0.0311,0.00992,0,0.067,0.69,92.554,4,16,"alt_punk_rock",0.4
86324,"0BzXo4hVmCi4Hy49X1BtRs","PXNDX","Sangre Fría","Lunar De Clavícula",42,224813,FALSE,0.804,-5.336,1,0.0553,0.0202,0.000238,0.154,0.714,125.175,4,16,"alt_punk_rock",0.36
86351,"35LIFNsMZjGJhLvRYAYxTX","Где Фантом?","Я тебя люблю","Я тебя люблю",58,196773,FALSE,0.659,-9.738,1,0.0271,0.657,0.415,0.11,0.622,185.032,4,16,"alt_punk_rock",0.63
86352,"5773KSWFzg9kCc8yazjbSt","Le Tigre","Le Tigre","Deceptacon",69,184626,TRUE,0.864,-3.341,0,0.0668,0.055,0.00493,0.0986,0.616,160.488,4,16,"alt_punk_rock",0.49
86389,"38i3hKzRfWSzjhTOMtnzCG","Attaque 77","El Cielo Puede Esperar","El Cielo Puede Esperar",44,253840,FALSE,0.757,-11.223,0,0.0311,0.0016,0.000758,0.0388,0.739,159.319,4,16,"alt_punk_rock",0.82
86395,"6ZOzWPUbMxH24uWHP1k5Eq","Sumo","After Chabon","Mañana en el Abasto",45,248306,FALSE,0.549,-14.125,1,0.0271,0.0784,0.00237,0.0886,0.351,97.082,4,16,"alt_punk_rock",0.59
86405,"2bK6Z4eleadgkBcw4X7cZy","Paramore","Brand New Eyes (Deluxe Edition)","The Only Exception",50,267653,FALSE,0.563,-6.607,1,0.0272,0.144,0,0.143,0.209,137.715,3,16,"alt_punk_rock",0.5
86411,"2HXixVqzzm9rEUIMAWzshl","Joan Jett & the Blackhearts","Up Your Alley","I Hate Myself for Loving You",68,246800,FALSE,0.882,-11.225,1,0.0538,0.0847,1.08e-06,0.192,0.605,117.932,4,16,"alt_punk_rock",0.53
86415,"1FkoVC85Ds3mFoK0fVqEqP","The Offspring","Smash","Self Esteem",77,257826,FALSE,0.862,-7.595,1,0.0476,0.0204,0,0.359,0.706,104.56,4,16,"alt_punk_rock",0.59
86418,"66f7wNdOVDushNX7RfzLoq","Los Abuelos De La Nada","Los Abuelos De La Nada 1","Costumbres Argentinas",43,195293,FALSE,0.833,-10.301,1,0.063,0.0684,0.000262,0.435,0.668,140.961,4,16,"alt_punk_rock",0.77
86419,"56IhGBCFIRw9reDg2NTZSz","Soda Stereo","Nada Personal (Remastered)","El Cuerpo Del Delito - Remasterizado 2007",43,226653,FALSE,0.888,-5.057,0,0.0485,0.54,0.000218,0.0771,0.949,134.065,4,16,"alt_punk_rock",0.53
86421,"6Bleos7zJabAvETR9GdH6V","Patricio Rey y sus Redonditos de Ricota","Gulp!","Te Voy a Atornillar",43,213600,FALSE,0.781,-9.307,1,0.0366,0.0784,0.023,0.293,0.84,147.818,4,16,"alt_punk_rock",0.73
86426,"3Xfnrj21fOiVriGNk3GGim","Rebellion Rose;Havinhell","For All Allies, Comrades And Enemies","Bermalam Bintang ( feat. Havinhell )",41,242973,FALSE,0.888,-4.893,1,0.11,0.0575,0,0.848,0.401,140.037,4,16,"alt_punk_rock",0.6
86441,"7tCPyTEXUH1UU1JQLzd9zu","The Runaways","On air 70's Hits","Cherry Bomb",0,137640,FALSE,0.855,-6.49,1,0.0694,0.0427,4.12e-05,0.141,0.496,136.735,4,16,"alt_punk_rock",0.46
86442,"01Nl8C2RuzukJWbOfYxsU6","Bulldog","Filosopunk","La Noche Sin Tí",41,341952,FALSE,0.895,-5.851,0,0.05,0.0024,0,0.0901,0.354,93.465,4,16,"alt_punk_rock",0.64
86447,"5NykfmxWT7UILu4Xd9zk8F","Plebe Rude","Brasília","Até Quando Esperar",43,268986,FALSE,0.871,-6.669,1,0.0436,0.000157,0.00179,0.118,0.601,94.095,4,16,"alt_punk_rock",0.57
86448,"0ivLKBfGyP3cUiPy4mN9Sm","The Stooges","Maintain Your Mojo","I Wanna Be Your Dog",0,188560,FALSE,0.871,-8.708,1,0.0351,0.0229,0.155,0.419,0.109,120.736,4,16,"alt_punk_rock",0.55
86449,"75vBeICzLafF3LOs1rC3DH","The Stooges","Timeless Rock Hits","I Wanna Be Your Dog",0,190440,FALSE,0.913,-8.03,1,0.0359,0.0681,0.0521,0.414,0.113,120.634,4,16,"alt_punk_rock",0.63
86477,"3X9D8xFPRNIWKSonfedpsZ","O Surto","O Surto - Equalizando As Ideias","O Veneno",41,190266,FALSE,0.922,-3.403,1,0.0783,0.0491,0,0.0934,0.446,154.46,4,16,"alt_punk_rock",0.53
86486,"6YeXrQX6jXWJMUHzKnA5Qy","Catupecu Machu","El Mezcal Y La Cobra","Metrópolis Nueva",42,247453,FALSE,0.881,-2.476,1,0.0505,0.0677,0,0.399,0.434,130.021,4,16,"alt_punk_rock",0.66
86488,"52VZR0uCDHuiyLpkgA84d8","Fiskales Ad-Hok","Traga!","No Estar Aquí",40,179666,FALSE,0.982,-6.543,0,0.0779,0.00273,0.00876,0.0968,0.557,165.896,4,16,"alt_punk_rock",0.76
86498,"4JH85NNtJViZNr4QZpjxVf","GIT","Rock x siempre","Todo El Mundo Va Bailando Así",0,184693,FALSE,0.441,-8.438,1,0.0472,0.205,0.000245,0.1,0.586,80.071,4,16,"alt_punk_rock",0.61
86502,"4FRqM1mahmNdLOT9OQOr8q","Yeah Yeah Yeahs;A-Trak","Houseparty 2020","Heads Will Roll - A-Trak Remix",52,383893,FALSE,0.607,-3.933,0,0.0845,0.00746,0.324,0.0699,0.78,131.982,4,16,"alt_punk_rock",0.46
86524,"3wJpgUzUsNGHE4tfXVEvo4","Remember of Today","Dont Put Off Till Tomorrow What You Can Do Today","Hilang",40,282026,FALSE,0.864,-5.211,1,0.0524,0.000313,0,0.391,0.383,132.991,4,16,"alt_punk_rock",0.63
86525,"3xshQaCOlSCIkXuXDQS1S6","Dear Seattle","The Special Two (triple j Like A Version)","The Special Two - triple j Like A Version",40,255912,TRUE,0.898,-4.782,1,0.119,0.000134,3.67e-06,0.254,0.567,168.88,4,16,"alt_punk_rock",0.35
86543,"0AUf5eIgz3Lxww4BRzhM4J","Machuca","Viva MacHuca","Al Patibulo",39,175266,FALSE,0.907,-4.677,1,0.0545,1.47e-06,0,0.128,0.503,149.14,4,16,"alt_punk_rock",0.71
86561,"2ydUT1pFhuLDnouelIv4WH","blink-182","Take Off Your Pants And Jacket","The Rock Show",73,171600,TRUE,0.959,-4.563,1,0.0869,0.000324,0,0.0766,0.83,193.155,4,16,"alt_punk_rock",0.67
86563,"0vn4H0Kl3KRYHZG4Z6vUYY","Dochi Sadega","Analogi Logika","Dalam Kelam",39,232000,FALSE,0.31,-10.811,1,0.0322,0.513,0,0.13,0.301,84.918,3,16,"alt_punk_rock",0.73
86570,"6UqXM2TcUdJJD8tuHzT4rU","She Past Away","Klubb Död Compilation, Vol. 1","Ruh",38,310000,FALSE,0.897,-5.941,0,0.0441,0.00438,0.71,0.324,0.41,143.999,4,16,"alt_punk_rock",0.55
86571,"55usOKmOdjhZvSvgV4Zu7b","Soda Stereo","Obras Cumbres (Parte 2)","Danza Rota",41,211680,FALSE,0.891,-5.137,1,0.0532,0.0879,0.000304,0.0685,0.64,127.636,4,16,"alt_punk_rock",0.82
86577,"4Dl15Nv5e6XdyzwG0hZbCJ","GUFI","Historias De La Calle","Paul",40,226481,FALSE,0.961,-4.327,1,0.147,8.57e-05,0,0.0964,0.505,184.094,4,16,"alt_punk_rock",0.56
86579,"4h8Eo8YuHropo5SYRSBWEe","Soda Stereo","En el Séptimo Día (SEP7IMO DIA)","En el Séptimo Día (SEP7IMO DIA)",41,183722,FALSE,0.933,-5.208,1,0.0366,0.000502,0.105,0.081,0.726,106.005,1,16,"alt_punk_rock",0.81
86581,"7y7W8abNjZdG9BCHIO4Saa","Patricio Rey y sus Redonditos de Ricota","¡Bang! ¡Bang!... Estás Liquidado","Un Pacman en el Savoy",41,212000,FALSE,0.924,-5.777,0,0.0418,0.225,1.13e-06,0.343,0.729,134.857,4,16,"alt_punk_rock",0.32
86588,"63IZIrLwNjZOJ4nZlNXuAH","Chingadazo de Kung Fu","Orinando Contra el Viento","No Me Importa - ¡Oh, Oh!",40,147046,TRUE,0.81,-6.93,1,0.0383,0.00781,9.3e-06,0.137,0.479,106.39,4,16,"alt_punk_rock",0.64
86595,"6knhkGeI2ukHjNfo39E7y1","Charly García","García 87/93","Rap de las Hormigas",41,194306,FALSE,0.867,-9.627,1,0.0447,0.381,0.33,0.277,0.888,124.604,4,16,"alt_punk_rock",0.63
86607,"6wNyg7Tbcwifx79bVmQvQP","Luis Alberto Spinetta","Pan","Dale Luz Al Instante",41,306800,FALSE,0.431,-11.319,1,0.0283,0.366,0.026,0.216,0.474,77.987,4,16,"alt_punk_rock",0.53
86624,"75PRxVF10tp2Szd2mdHyFq","Riff","Que Sea Rock","Mala Noche",41,247253,FALSE,0.857,-4.941,0,0.0308,0.000157,9.58e-05,0.354,0.538,96.177,4,16,"alt_punk_rock",0.61
86633,"2Vm4Uy2fsUcyRjViraNRPH","Árbol","GUAU!","Chikanorexika",40,231866,FALSE,0.911,-3.332,0,0.0665,0.162,0,0.0726,0.879,92.003,4,16,"alt_punk_rock",0.8
86634,"73Lkj6zuRBzmUJVljC3lcV","Rodox","Rodox","De costas para o mar",40,260613,FALSE,0.961,-4.871,1,0.036,2.61e-05,0.000704,0.101,0.781,150.021,4,16,"alt_punk_rock",0.45
86647,"1LcnI3qjdUdJTml8zX1bAN","Matanza","Pior Cenário Possível","A Sua Assinatura",40,208373,FALSE,0.979,-6.131,1,0.0912,0.00108,2.63e-05,0.0836,0.692,176.127,4,16,"alt_punk_rock",0.6
86670,"1cmIuauHOxvxzTCFXFnNRL","Pornofilmy","В диапазоне между отчаянием и надеждой","В диапазоне",53,331319,FALSE,0.907,-4.309,1,0.111,0.00034,0.000388,0.0768,0.249,168.024,4,16,"alt_punk_rock",0.56
86682,"1gXAOrVN8fJ2CaASrNhofk","Tronic","Evoluciona","Somos Iguales",39,164575,FALSE,0.938,-1.079,1,0.0484,0.225,0,0.297,0.618,206,4,16,"alt_punk_rock",0.49
86687,"6N8AhWCi6BT4Cf6e1e5Ucv","Ultraje a Rigor","O mundo encantado do Ultraje a Rigor","Inútil - Ao vivo",38,200720,FALSE,0.958,-5.88,1,0.0913,0.00176,0.00507,0.913,0.515,175.049,4,16,"alt_punk_rock",0.5
86717,"4Pz6d9chtIKUQ628KWDZpR","Charly García","Parte De La Religion","Adela en el Carrousell",40,315560,FALSE,0.601,-9.175,0,0.0267,0.378,0.000121,0.416,0.631,97.693,4,16,"alt_punk_rock",0.65
86731,"0AfliGtmybmdEdHzQ1pfpJ","Patricio Rey y sus Redonditos de Ricota","Gulp!","Unos Pocos Peligros Sensatos",40,185306,FALSE,0.787,-6.929,1,0.0463,0.0608,0.00539,0.134,0.86,137.041,4,16,"alt_punk_rock",0.68
86732,"61M0BDzSkEdj82xDM8hl6B","Ultraje a Rigor","2 é Demais","Rebelde sem causa",38,203306,FALSE,0.864,-9.67,1,0.0551,0.0991,0.00817,0.102,0.906,176.491,4,16,"alt_punk_rock",0.43
86736,"1ZM2OI2cuxpkGHZqnlC8zW","Ultraje a Rigor","Sexo","Nós vamos invadir sua praia - Avenida",39,254906,FALSE,0.97,-6.732,1,0.0697,0.00951,0.000234,0.0459,0.665,169.121,4,16,"alt_punk_rock",0.79
86745,"6JCgP3lmyFmpYKTTripIq6","Charly García","Piano Bar","Cancion Para Mi Muerte - Bonus Track",40,244600,FALSE,0.522,-7.178,1,0.034,0.258,0,0.375,0.242,107.018,4,16,"alt_punk_rock",0.7
86770,"7aw3Mky5pKWnURtNfFASqu","Danko Jones","Power Trio","Get to You",37,218640,FALSE,0.817,-5.249,0,0.0685,0.000595,0.000516,0.0243,0.601,147.99,4,16,"alt_punk_rock",0.76
86776,"2grJEu2P4KD1YDq2ZaaLoL","GUFI","Historias De La Calle","Punk Superstars",38,187742,FALSE,0.956,-6.303,1,0.0587,0.000782,1.97e-05,0.0991,0.783,167.044,4,16,"alt_punk_rock",0.36
86788,"0R4bRdUVqTtsBARKkyxizh","The Ready Set","Christmas Time","Wonderful Christmastime",0,244426,FALSE,0.492,-6.404,1,0.0258,0.163,0,0.0786,0.526,96.016,4,16,"alt_punk_rock",0.65
86789,"56IBg14HToVmeTFVMrlktB","Stand Here Alone","Melodichildish","Kawan Sampai Mati",37,230688,FALSE,0.917,-2.712,1,0.0638,0.00768,0,0.069,0.433,127.592,4,16,"alt_punk_rock",0.39
86807,"4bPBhZBFJ2OR6VoRa09Cj0","Kilink","Kasaba","Oc (Aslında Alkol Hala Damarımda)",37,140355,FALSE,0.284,-12.263,1,0.039,0.628,2.99e-06,0.11,0.104,147.403,4,16,"alt_punk_rock",0.48
86827,"4qdciGWDHMCQrXz86KMt7q","Sumo","After Chabon","Percussion Baby",40,226133,FALSE,0.543,-10.976,0,0.0948,0.106,0.159,0.0719,0.284,111.926,4,16,"alt_punk_rock",0.73
86831,"64tUOtVFZN98cx48rQEW5T","Dead Fish","Zero e Um","A Urgência",39,181333,FALSE,0.97,-3.252,0,0.126,0.000904,2.81e-05,0.119,0.187,97.836,4,16,"alt_punk_rock",0.69
86837,"0DXZ9fbvSWGBSauek6qyqm","Fiersa Besari","20:20","Cerita Rakyat",39,265081,FALSE,0.443,-8.596,1,0.0327,0.772,1.51e-05,0.169,0.376,199.876,3,16,"alt_punk_rock",0.55
86846,"4qDSaWPRtxqc6fsxL4qn7C","Wohnout","Našim klientům","Hledáme zpěváka",38,251280,FALSE,0.891,-5.98,0,0.0522,0.0392,0,0.088,0.329,104.012,4,16,"alt_punk_rock",0.58
86849,"30wOsGGJ89E6LJkvVJKpSm","Oslo Ess","Verden På Nakken, Venner I Ryggen","Bislett Stadion",37,167746,TRUE,0.984,-1.386,1,0.09,0.00137,0,0.416,0.669,160.029,4,16,"alt_punk_rock",0.64
86851,"7MeP128gHh4GyTMoGUiZlt","LØLØ","u turn me on (but u give me depression)","u turn me on (but u give me depression)",59,147535,TRUE,0.821,-1.912,1,0.0519,0.00964,0,0.107,0.909,118.042,4,16,"alt_punk_rock",0.6
86860,"5wox6DMRibm9xFZklhWmSZ","Árbol","Escapar","Escapar",39,176643,FALSE,0.755,-5.872,1,0.0316,0.0139,0,0.17,0.243,179.886,3,16,"alt_punk_rock",0.66
86864,"3NKnPh805WIonwfjoh0dQG","Herr D.K.;Resi Reiner","Angst vor der Stille","Angst vor der Stille",37,162039,FALSE,0.296,-9.7,1,0.0351,0.398,0.000453,0.0856,0.368,197.886,3,16,"alt_punk_rock",0.62
86865,"1PyYXTsEAF4kvYqoY68noG","Kamikazee","Kamikazee - Their Greatest Hits","Doo Bi Doo",37,243773,FALSE,0.958,-2.092,1,0.0749,0.00562,1.44e-06,0.13,0.716,147.648,4,16,"alt_punk_rock",0.68
86869,"6kQWmc8pD47x343LScCHCc","Cemiyette Pişiyorum","Et Rengi Tuzak","Supradin",37,141394,FALSE,0.876,-6.934,0,0.0386,0.0143,0.000155,0.119,0.662,149.265,4,16,"alt_punk_rock",0.65
86882,"3cC0Ozz9X4RnEMQw2o69Ee","Velhas Virgens","Retalhos de Cetim (Blues Version)","Retalhos de Cetim - Blues Version",37,223061,FALSE,0.617,-5.881,0,0.0436,0.163,3.69e-06,0.241,0.2,180.728,3,16,"alt_punk_rock",0.82
86883,"6skvjLz62eBBh84SKGEnTr","Patricio Rey y sus Redonditos de Ricota","Último Bondi a Finisterre","Las Increíbles Andanzas del Capitán Buscapina en Cybersiberia",39,284533,FALSE,0.886,-6.94,0,0.0437,0.000862,0.00348,0.0577,0.89,179.989,4,16,"alt_punk_rock",0.81
86887,"5uwyngLJd6sTOYRic4tH8x","Soda Stereo","Soda Stereo (Remastered)","Ni Un Segundo - Remasterizado 2007",39,207240,FALSE,0.875,-6.094,1,0.0363,0.0919,0.422,0.103,0.942,91.573,4,16,"alt_punk_rock",0.71
86893,"6sKDsGJJKprpXfE5EL9vpP","Luis Alberto Spinetta","Peluson Of Milk","Ganges",39,242400,FALSE,0.32,-14.251,1,0.0297,0.655,4.58e-05,0.178,0.695,100.029,4,16,"alt_punk_rock",0.39
86901,"5C1RYhiWM3mPIVSxeBZYiw","Simple Plan","Simple Plan","Save You",27,225866,FALSE,0.864,-3.534,1,0.0367,0.000214,0,0.174,0.489,158.984,4,16,"alt_punk_rock",0.69
86918,"7qY7qxZEyLcxxwX5D3lQdj","Ratones Paranoicos","Vivo Paranoico","Lo que doy - Vivo",39,267213,FALSE,0.897,-5.659,0,0.0394,0.174,0.00596,0.904,0.545,126.838,4,16,"alt_punk_rock",0.78
86921,"015ENhxZgNXSvzml1FJueG","O Surto","Todo Mundo Doido","Zaroia",37,237733,FALSE,0.868,-2.974,0,0.0714,0.0648,0,0.169,0.708,137.037,4,16,"alt_punk_rock",0.52
86924,"0853SQNjVnNVFa2j68txPo","Smitten","En Algún Lugar","Nada para Mí, Nada para Vos",37,193800,FALSE,0.697,-3.621,1,0.0294,0.118,0,0.0771,0.667,173.106,4,16,"alt_punk_rock",0.4
86930,"3vHGv2e1xn7Dm3D4i8unmw","Off With Their Heads","Home","Shirts",35,151786,FALSE,0.992,-3.616,0,0.105,0.00254,3.32e-06,0.677,0.629,172.891,4,16,"alt_punk_rock",0.68
86934,"0sGeklmSEIOvf71AJqsPvK","Québec Redneck Bluegrass Project","J'ai Bu","Radio bingo",37,264560,FALSE,0.497,-9.487,0,0.0516,0.783,5.53e-05,0.12,0.722,105.918,4,16,"alt_punk_rock",0.45
86941,"7CCldPeZu4xzCogGuevo4K","Fiskales Ad-Hok","Lindo Momento Frente al Caos","Lindo Momento",36,145746,FALSE,0.954,-3.899,0,0.137,0.0604,0.0137,0.329,0.428,111.152,4,16,"alt_punk_rock",0.66
86944,"4TuolvR6umOx58y53a9Vak","Feine Sahne Fischfilet","Sturm & Dreck","Ich mag kein Alkohol",37,215718,FALSE,0.966,-3.515,0,0.0768,0.00113,0,0.0714,0.497,171.966,4,16,"alt_punk_rock",0.61
86961,"7LxeS6YSxwhKkEevTfBEFm","Kilink","3 Akorun İntikamı","Torba Var Mı Beyler?",36,134226,FALSE,0.802,-7.284,1,0.0671,0.279,0,0.48,0.691,108.498,3,16,"alt_punk_rock",0.56
86969,"2JvO0rs8t4jRRSwoAbRnj3","Glory of Love","Rasa Ini Tak Ada Lagi (Original Version)","Rasa Ini Tak Ada Lagi - Original Version",36,270419,FALSE,0.89,-2.618,1,0.0724,0.0124,2.57e-06,0.0838,0.435,143.033,4,16,"alt_punk_rock",0.59
86970,"2or5pBpnPtcjthlNt06w1P","De Nalgas","Vulgar Dulce Hogar","Pare de Sufrir, Pare de Mamar",37,179257,TRUE,0.973,-2.758,1,0.0618,0.0124,0,0.36,0.802,105.029,4,16,"alt_punk_rock",0.44
86980,"3sE2qQmBiBvJxMbhpxER23","Kazik","12 groszy","Maciek, ja tylko żartowałem",36,177533,FALSE,0.817,-8.574,1,0.0723,0.0244,0,0.116,0.563,196.693,4,16,"alt_punk_rock",0.6
86986,"1vtHa69RQqnroGsWQuyp05","The Jansen","Banal Semakin Binal","Ku Bukan Mesin Lotremu",37,212928,FALSE,0.966,-7.297,1,0.038,1.08e-05,0.35,0.0632,0.712,152.771,4,16,"alt_punk_rock",0.6
86988,"6vkSkhVYmRUXbFVLa6W8zG","BBS Paranoicos","Capital","Ruidos",36,173973,FALSE,0.933,-4.132,1,0.201,0.00452,0.00222,0.129,0.282,193.146,4,16,"alt_punk_rock",0.58
86994,"5TXzVBQj31PD1YIS2Ll1mp","BBS Paranoicos","Delusional","Sanatorio",36,217072,FALSE,0.926,-4.633,1,0.0569,0.000476,5e-06,0.0986,0.586,160.051,4,16,"alt_punk_rock",0.25
86999,"12ZQDjdwqcnLjYPehMwZ9J","Hjalle & Heavy","2 Säsongen - På Rymmen","Mer O Mer O Mer",36,295466,FALSE,0.873,-5.444,1,0.0361,0.027,0,0.0956,0.871,146.85,4,16,"alt_punk_rock",0.69
87004,"75FEaRjZTKLhTrFGsfMUXR","Kate Bush","Hounds Of Love","Running Up That Hill (A Deal With God)",90,298933,FALSE,0.547,-13.123,0,0.055,0.72,0.00314,0.0604,0.197,108.375,4,3,"roots_rhythm_fusion",0.56
87038,"67tATduRRXN0FrbOeyxyuH","The Verve","90's Music Grandi Successi","Bitter Sweet Symphony - Remastered 2016",0,357266,FALSE,0.917,-6.005,1,0.0487,0.0336,0,0.406,0.523,171.172,4,3,"roots_rhythm_fusion",0.64
87047,"07Yr4PU7SAT5NCSjZppwhP","Joan Sebastian","Carrete familiar","Tatuajes",0,211255,FALSE,0.464,-7.432,1,0.0324,0.739,1.33e-06,0.131,0.87,100.718,4,3,"roots_rhythm_fusion",0.63
87051,"57iDDD9N9tTWe75x6qhStw","The Verve","Urban Hymns (Remastered 2016)","Bitter Sweet Symphony",80,357266,FALSE,0.917,-6.006,1,0.0479,0.0335,0,0.406,0.518,171.176,4,3,"roots_rhythm_fusion",0.46
87059,"03MW3H9B2P7tgpvzG3klNI","Chuck Berry","pov: you hear the bells jingle","Run Rudolph Run",0,162897,FALSE,0.876,-5.662,1,0.185,0.881,3.59e-05,0.26,0.949,151.925,4,3,"roots_rhythm_fusion",0.69
87075,"7c3WYpxhHvUFaYqWioIN7a","Chuck Berry","Rock n Roll Christmas","Run Rudolph Run",0,162897,FALSE,0.876,-5.662,1,0.185,0.881,3.59e-05,0.26,0.949,151.925,4,3,"roots_rhythm_fusion",0.8
87080,"3IUpuyEMIgt4GvEZ2TqERF","Chuck Berry","Jingle Bell Rock 2022","Run Rudolph Run",0,162897,FALSE,0.876,-5.662,1,0.185,0.881,3.59e-05,0.26,0.949,151.925,4,3,"roots_rhythm_fusion",0.19
87101,"5QvW5lK6mkfTegpAK9JOO7","Fivio Foreign;The Kid LAROI","Paris to Tokyo","Paris to Tokyo",71,130897,TRUE,0.787,-6.389,0,0.17,0.0185,0,0.288,0.406,146.733,4,3,"roots_rhythm_fusion",0.63
87111,"0mFUqKd7VxTNNMfHefoxwS","Chuy Lizarraga y Su Banda Tierra Sinaloense;Marco Flores Y La Jerez","Me Hacían Falta Huevos","Popurrí: Las Vaquillas Cabronas",50,509826,FALSE,0.844,-2.528,1,0.0387,0.292,0.000633,0.0837,0.871,113.005,3,3,"roots_rhythm_fusion",0.72
87120,"3G7Y6YBp2OjIe8hez3HCoq","Nenhum De Nós","Histórias Reais Seres Imaginários","Amanhã ou Depois",50,203466,FALSE,0.783,-5.695,1,0.0249,0.136,1.18e-05,0.329,0.734,94.008,4,3,"roots_rhythm_fusion",0.45
87142,"6X9rlFcbOE0SsrarJ8PFMQ","Legião Urbana","Acústico (Ao Vivo Em São Paulo / 1999)","O Teatro Dos Vampiros - Ao Vivo Em São Paulo / 1999",51,336733,FALSE,0.358,-8.927,1,0.151,0.546,0,0.226,0.441,110.457,4,3,"roots_rhythm_fusion",0.37
87165,"5HnS5kHBcUEleSVO0IooQD","Agnes Nunes;Neo Beats","Cabelo Bagunçado","Cabelo Bagunçado",49,231000,FALSE,0.442,-8.764,1,0.106,0.437,0.00049,0.111,0.4,89.506,5,3,"roots_rhythm_fusion",0.36
87171,"2agBuyTLCHxi0VvsBlueRw","22Gz","Drillin' & Rappin'","Fallen Blixkys",1,134137,TRUE,0.566,-5.136,1,0.403,0.13,0,0.121,0.488,142.974,4,3,"roots_rhythm_fusion",0.45
87181,"2hHIB7iJW9Pj7sDNqZ2S3g","Valentín Elizalde","17 Exitos en Honor a Mi Padre","La Suavecita",49,195000,FALSE,0.501,-9.477,0,0.0817,0.677,0.000621,0.0529,0.792,113.66,4,3,"roots_rhythm_fusion",0.69
87184,"41jxXLrYhNsogBNYKHWLih","Maneva","Mundo Novo","Promete",49,180398,FALSE,0.407,-8.282,1,0.0649,0.644,0,0.148,0.749,122.889,4,3,"roots_rhythm_fusion",0.55
87187,"63Slke1vlnpTejDeluhyQ9","Cheap Trick","Alternative Christmas 2022","I Wish It Was Christmas Today",0,194120,FALSE,0.984,-3.573,1,0.103,0.000246,0.287,0.24,0.304,164.959,4,3,"roots_rhythm_fusion",0.65
87195,"41tMIgwIR0Ye3ivO6GMr5q","The Avett Brothers","Acoustic Christmas Campfire","Winter In My Heart",0,294960,FALSE,0.198,-10.832,1,0.0293,0.751,0.000712,0.082,0.14,132.782,4,3,"roots_rhythm_fusion",0.22
87208,"7dZq3hxakgytMDpxK0QNhR","Charlie Brown Jr.","Acústico (Ao Vivo)","Tudo Que Ela Gosta De Escutar - Ao Vivo",48,190960,FALSE,0.89,-5.253,0,0.0728,0.0319,0.00108,0.687,0.73,122.698,4,3,"roots_rhythm_fusion",0.63
87209,"3QoydK0LFOpK0JnfIpCffR","Charlie Brown Jr.","Acústico (Ao Vivo)","O Coro Vai Come - Ao Vivo",47,128106,FALSE,0.981,-5.329,0,0.0579,0.0301,0.0612,0.747,0.896,172.968,4,3,"roots_rhythm_fusion",0.49
87219,"4D75ixy2I4ft75Ay25fKyP","Legião Urbana","O Descobrimento Do Brasil","Vinte E Nove",47,223933,FALSE,0.542,-13.097,1,0.036,0.02,0.0471,0.185,0.72,129.726,5,3,"roots_rhythm_fusion",0.23
87223,"6LUNGq8PjLgalGTddriqij","Maneva","Mundo Novo","Respostas",48,147598,FALSE,0.525,-7.373,1,0.13,0.14,0,0.199,0.686,130.077,4,3,"roots_rhythm_fusion",0.71
87239,"0kthROvKVawwpvLLJbDAtr","El Coyote Y Su Banda Tierra Santa","Se Tenia Que Decir Y Se Dijo","Se Tenia Que Decir Y Se Dijo",49,211341,FALSE,0.485,-2.177,1,0.0404,0.52,0,0.0468,0.921,82.376,4,3,"roots_rhythm_fusion",0.44
87245,"0vttfYDZ6uLi6kStSxkTrB","El Coyote Y Su Banda Tierra Santa","El Amo","El Federal De Caminos",49,146733,FALSE,0.467,-7.025,1,0.0402,0.655,0,0.306,0.98,107.794,4,3,"roots_rhythm_fusion",0.44
87261,"4dmgrfGknhKKaozk5U3JXL","O Rappa;Maria Rita / 1134893","Acústico MTV","Rodo cotidiano (Participação especial Maria Rita) - Ao vivo acústico",47,376613,FALSE,0.704,-8.5,0,0.17,0.647,7.57e-06,0.975,0.505,114.751,4,3,"roots_rhythm_fusion",0.81
87275,"72ZGT5dwrp7lZ40ums6dHi","Cynthia Luz;Projota","Não é Só Isso","Como Deus Quiser",47,181373,TRUE,0.656,-5.863,0,0.0759,0.655,0,0.099,0.819,91.022,4,3,"roots_rhythm_fusion",0.3
87286,"2KKYlJFyJ8Ozxj7FABxKEg","Joan Sebastian","Más Allá Del Sol","La Medecina",47,160853,FALSE,0.616,-6.723,1,0.0441,0.752,0.000231,0.047,0.689,105.831,4,3,"roots_rhythm_fusion",0.4
87303,"2bVvjh7n3w1TGTHNHZ6aNE","Frejat","Moska Apresenta Zoombido: Frejat","Por Você",45,211816,FALSE,0.33,-6.492,1,0.0291,0.464,0,0.0624,0.376,122.87,4,3,"roots_rhythm_fusion",0.39
87310,"1DYzTTaSD8KsmzedIuZTO7","Raul Seixas","20 Grandes Sucessos De Raul Seixas","Gita",46,288933,FALSE,0.691,-7.233,1,0.0368,0.0599,0.00633,0.0649,0.722,111.175,4,3,"roots_rhythm_fusion",0.33
87321,"5kNCog1amNsI8z2iD5634p","Raul Seixas","O Dia Em Que A Terra Parou","O dia em que a terra parou",45,265306,FALSE,0.729,-13.779,1,0.148,0.089,0,0.0462,0.344,113.295,4,3,"roots_rhythm_fusion",0.2
87325,"2rIGJgLcBbI7EvHc0vHpHQ","Banda Cuisillos","A Veces Lloro","Un Muchacho Pobre",47,177400,FALSE,0.566,-6.381,1,0.0293,0.465,0,0.0311,0.463,105.877,4,3,"roots_rhythm_fusion",0.21
87329,"68PKooWU2loIpacafTogOq","Edwin Luna y La Trakalosa de Monterrey","Doble Vida","Después de Tí No Hay Nada",47,200746,FALSE,0.527,-3.79,1,0.0436,0.429,0,0.197,0.958,125.967,4,3,"roots_rhythm_fusion",0.61
87332,"7KUjWJJiYjasHOlNdnYd55","Los Hermanos","Bloco Do Eu Sozinho","Todo Carnaval Tem Seu Fim",46,264026,FALSE,0.489,-10.156,1,0.0376,0.0592,0.0129,0.149,0.178,105.719,4,3,"roots_rhythm_fusion",0.69
87347,"20WRrWYgSULYXFtxBcazwU","Joan Sebastian","Norteño, Vol. 2","Un Cariño Como Tú",47,167903,FALSE,0.711,-6.108,1,0.0552,0.519,5.24e-06,0.0658,0.895,93.104,4,3,"roots_rhythm_fusion",0.3
87359,"6uYbQddo853t9TIIVlW1ws","Enygma Rapper","Kono Dio Da!","Kono Dio Da!",46,250880,FALSE,0.717,-8.939,0,0.0691,0.373,0,0.341,0.346,103.563,4,3,"roots_rhythm_fusion",0.39
87361,"5z67UwAsoj82teXC8Im1RI","Lianne La Havas","Supa Chill","Elusive",0,235666,FALSE,0.409,-8.68,1,0.0348,0.484,6.09e-06,0.184,0.428,134.021,4,3,"roots_rhythm_fusion",0.61
87365,"1p0zhSeqMMEHcXt1R3dlLE","Lianne La Havas","Just Best Covers","Say a Little Prayer - Live",0,203574,FALSE,0.325,-6.427,0,0.0515,0.841,0,0.696,0.381,112.241,4,3,"roots_rhythm_fusion",0.25
87371,"31H6au3jhblhr6MMJiXnCq","Eric Carmen","The Definitive Collection","Hungry Eyes - From ""Dirty Dancing"" Soundtrack",74,251066,FALSE,0.549,-9.484,1,0.0254,0.011,0,0.118,0.552,109.882,4,3,"roots_rhythm_fusion",0.31
87375,"621ULqVzOVNajx6uO4IjiE","Maglore","Todas As Bandeiras","Me Deixa Legal",44,209866,FALSE,0.831,-5.69,0,0.0284,0.0253,0.000839,0.103,0.942,120.057,4,3,"roots_rhythm_fusion",0.09
87384,"7jZohYbYAs1Pdl3i2u2c4J","Pato Fu","Televisão de Cachorro","Canção Pra Você Viver Mais",45,324066,FALSE,0.647,-6.433,1,0.0418,0.0316,0.0079,0.0946,0.762,164.191,4,3,"roots_rhythm_fusion",0.55
87386,"4WxB3DitRDB6LUaofMZXOj","Legião Urbana","Legião Urbana 30 Anos","Teorema",45,186546,FALSE,0.926,-6.13,0,0.0994,0.000442,0.116,0.0585,0.531,206.641,4,3,"roots_rhythm_fusion",0.3
87391,"2nrqCvsHTendQmjtTB1SxS","Jota Quest","Jota Quest - Rio de Janeiro - 28/01/2005","Do Seu Lado - Ao Vivo",45,297266,FALSE,0.922,-5.513,1,0.0422,0.0216,0.0015,0.963,0.76,142.05,4,3,"roots_rhythm_fusion",0.65
87393,"6RPujWkce7CnkisE9Xpppp","Engenheiros Do Hawaii","O Papa É Pop","O Papa é Pop",45,228106,FALSE,0.729,-7.017,1,0.0305,0.34,0,0.195,0.829,113.182,4,3,"roots_rhythm_fusion",0.63
87409,"7lNcGFFAqu5CLB1MU7jbST","Sabotage;DJ Cia","Sabotage","País da Fome: Homens Animais",45,367799,TRUE,0.748,-7.203,1,0.313,0.661,0,0.172,0.833,82.834,4,3,"roots_rhythm_fusion",0.52
87412,"3m2FNr5FlOyf94Slpae7vy","Lulu Santos","O Último Romântico","O último romântico",45,252306,FALSE,0.494,-14.118,1,0.0288,0.62,1.28e-05,0.303,0.805,129.864,4,3,"roots_rhythm_fusion",0.56
87417,"1EE5SUPzv0K9sgIOSgaiNv","O Rappa","O Rappa - Acústico Oficina Francisco Brennand (Deluxe) [Ao Vivo]","Vários holofotes - Ao vivo",44,280265,FALSE,0.892,-6.205,1,0.0474,0.154,0.00376,0.976,0.616,105.699,4,3,"roots_rhythm_fusion",0.75
87419,"6tisytwaOaBA4CAZPPdlFP","Baby Do Brasil","Geração Pop","Menino do Rio",45,263733,FALSE,0.548,-9.26,1,0.0333,0.73,0.000142,0.31,0.395,152.498,4,3,"roots_rhythm_fusion",0.79
87436,"0Dsj4OiiWw4WkgbAkQaMY1","Jorge Muñiz","Sucesos Musicales (with María del Sol)","La Otra Parte de Ti - Complimenti",45,228893,FALSE,0.555,-11.37,1,0.0342,0.491,0,0.0503,0.806,120.062,4,3,"roots_rhythm_fusion",0.48
87443,"5kX2eRxwNj8DNa5eonHZ1D","Maneva","Tudo Vira Reggae (Ao Vivo)","Epitáfio - Ao Vivo",45,193290,FALSE,0.415,-9.652,1,0.0537,0.339,2.14e-05,0.155,0.421,105.004,4,3,"roots_rhythm_fusion",0.2
87479,"5jlWc3WmSTZ73RNmCqCQP3","Alberto Vazquez;Manolo Muñoz","Rancheras Inmortales","Animas Que No Amanezca",44,146834,FALSE,0.467,-6.983,1,0.0334,0.3,0,0.0888,0.811,180.611,3,3,"roots_rhythm_fusion",0.58
87481,"63QharyMHvx3yteCyRnkii","Fresno","Redenção","Redenção",44,227933,FALSE,0.945,-2.904,0,0.0596,0.084,3.48e-05,0.0713,0.729,140.015,4,3,"roots_rhythm_fusion",0.64
87483,"7asucfVh7xocyQ5b4ay1nR","Biquini Cavadão","Ao Vivo","Quanto Tempo Demora um Mês",44,184120,FALSE,0.674,-7.379,1,0.0383,0.253,0,0.732,0.159,75.066,4,3,"roots_rhythm_fusion",0.26
87484,"4tjXsHj3H4RYPd0vGHmACg","Valentín Elizalde","Flor de Capomo","Flor de Capomo",44,155432,FALSE,0.313,-14.826,1,0.277,0.748,0.000233,0.412,0.978,135.643,4,3,"roots_rhythm_fusion",0.36
87487,"2sEp03fW8xsi3G6mln9GJo","Capital Inicial","Rosas e Vinho Tinto","Quatro Vezes Você",44,228013,FALSE,0.803,-5.401,0,0.034,0.000153,0,0.161,0.613,76.02,4,3,"roots_rhythm_fusion",0.28
87494,"4jLVOcizOi34FZryboYa9R","Biquini Cavadão","Ao Vivo","Timidez",44,267733,FALSE,0.885,-5.843,1,0.0816,0.081,0,0.774,0.268,129.421,4,3,"roots_rhythm_fusion",0.32
87498,"6ZUtg3ihWxuWGFVrEaPzRd","Joan Sebastian","Norteño","Quiéreme",45,145449,FALSE,0.618,-8.776,1,0.0493,0.392,2.92e-06,0.101,0.953,96.041,4,3,"roots_rhythm_fusion",0.63
87501,"4w7lBzX0EcDuy8tQLQvjC2","Conway the Machine;Ludacris;JID","La Maquina","Scatter Brain (feat. Ludacris & JID)",66,209117,TRUE,0.478,-8.698,1,0.107,0.0684,0,0.111,0.355,135.987,4,3,"roots_rhythm_fusion",0.69
87522,"3vN6KN471yverVBYT19MGA","Raimundos","Nana neném / Reggae do manêro","Reggae do manêro",43,289933,FALSE,0.59,-7.355,0,0.0879,0.0116,0.00174,0.0434,0.944,144.981,4,3,"roots_rhythm_fusion",0.46
87548,"2vCWLIZ7wdJ71KNmpfZWAQ","Joan Sebastian","Joan Sebastian Con Tambora","La Timotea",44,140718,FALSE,0.5,-9.436,1,0.0534,0.76,0,0.0379,0.938,94.078,4,3,"roots_rhythm_fusion",0.56
87560,"3FAuzzj7jM94XjxHmNq8Yr","Maneva","Tempo de Paz","Mar do Meu Mundo",43,247379,FALSE,0.716,-6.86,0,0.0481,0.41,0.00293,0.328,0.658,90.044,4,3,"roots_rhythm_fusion",0.56
87565,"6I7GpxOjlDzO1Iur14FEfy","Os Paralamas Do Sucesso","Arquivo","Óculos",43,219213,FALSE,0.701,-14.954,1,0.112,0.0868,0.0213,0.0661,0.912,181.372,4,3,"roots_rhythm_fusion",0.71
87571,"0krrJiog8dCs2JhQxASxFu","Joan Sebastian","15 Éxitos","Hay Un Tren A Las Cinco",44,189010,FALSE,0.644,-7.909,1,0.0446,0.701,1.11e-06,0.0856,0.9,93.389,4,3,"roots_rhythm_fusion",0.44
87572,"1zVNEyeeH2jboWGstEsGT6","Skank","Carrossel","Uma Canção é Pra Isso",43,233506,FALSE,0.706,-5.601,1,0.0288,0.00323,2.18e-05,0.0739,0.687,129.964,4,3,"roots_rhythm_fusion",0.72
87574,"68liqwYAr7W5EtDaHgCi9N","La Adictiva","Eso Es La Riqueza","Solo Vete Por Favor",44,229240,FALSE,0.327,-7.459,1,0.039,0.516,0,0.0908,0.793,80.019,4,3,"roots_rhythm_fusion",0.32
87580,"1FqO0g7Qzy9XhSvSJDVHLw","Chuy Lizarraga y Su Banda Tierra Sinaloense","No Es Culpa Tuya","No Es Culpa Tuya",44,168293,FALSE,0.525,-2.972,1,0.0321,0.403,0,0.0545,0.885,138.849,3,3,"roots_rhythm_fusion",0.22
87591,"0J4r8Vmq34tTWw0g0wanKP","Titãs","A Melhor Banda De Todos Os Tempos Da Última Semana","A Melhor Banda de Todos os Tempos da Última Semana",43,185466,FALSE,0.976,-3.24,1,0.0552,0.0224,0,0.145,0.941,165.812,4,3,"roots_rhythm_fusion",0.39
87600,"0UPBidRYcgJ2mjZlk08V8x","Lil Tjay","F.N","F.N",57,224000,TRUE,0.502,-10.269,0,0.255,0.323,0,0.0757,0.322,120.104,1,3,"roots_rhythm_fusion",0.49
87605,"7dblNGnRXEBrVJunazs2U5","The Everly Brothers","The Very Best of The Everly Brothers","All I Have to Do Is Dream",67,143333,FALSE,0.462,-8.172,1,0.0266,0.839,0,0.129,0.534,96.195,4,3,"roots_rhythm_fusion",0.36
87614,"18JY2lzRhfkf1VRBB1Nz5D","Sabotage;Instituto;Ganjaman;Quincas","Sabotage","Respeito É Lei",43,247746,TRUE,0.643,-6.763,0,0.364,0.251,0,0.41,0.549,80.913,4,3,"roots_rhythm_fusion",0.72
87616,"4X91MJx5PaKwlYnnldv1OZ","Barão Vermelho","Barão (Ao Vivo)","Bete balanço",42,246066,FALSE,0.805,-10.72,1,0.0463,0.11,0.00189,0.94,0.742,124.113,4,3,"roots_rhythm_fusion",0.16
87623,"1pJMMnem25kCij6sF62hut","Sergio Vega ""El Shaka""","El Jefe De Las Plazas","El Jefe De Las Plazas",43,211746,FALSE,0.6,-5.323,1,0.0512,0.413,2.94e-06,0.147,0.761,95.813,4,3,"roots_rhythm_fusion",0.29
87637,"7rwe8s6fObqAZMRE2B1Tup","Francisco, el Hombre;Liniker e os Caramelows","Soltasbruxa","Bolso Nada",42,266746,FALSE,0.794,-4.86,0,0.0928,0.314,0.000332,0.165,0.68,105.042,4,3,"roots_rhythm_fusion",0.57
87642,"5AVJgFRGY7zv55T2XcuJcH","Valentín Elizalde","Las Bandas Románticas","Ya Viene Amaneciendo",43,137053,FALSE,0.485,-4.992,1,0.0345,0.626,0.000341,0.0396,0.984,111.931,4,3,"roots_rhythm_fusion",0.17
87652,"6La3P2zp9KaW1d35hwm0Xh","TV On The Radio","Dear Science","DLZ",57,228706,FALSE,0.88,-4.028,0,0.0445,0.0308,0.0025,0.108,0.542,176.069,4,3,"roots_rhythm_fusion",0.85
87661,"5wtGB6ojq1aPyOaBkhnElz","MHRAP","Tipo Uzui Tengen","Tipo Uzui Tengen",42,225346,TRUE,0.731,-7.561,0,0.0538,0.468,0,0.114,0.344,130.039,4,3,"roots_rhythm_fusion",0.38
87664,"7Fhr46PhABM7LdDVLeucUP","Charlie Brown Jr.","Bocas Ordinárias","Hoje Eu Só Procuro A Minha Paz",42,252546,FALSE,0.94,-3.473,1,0.144,0.0107,0,0.108,0.624,174.106,4,3,"roots_rhythm_fusion",0.71
87677,"1c9n5wMiM2hZiiBKUrVCqF","Saul El Jaguar Alarcón","Mi Estilo De Vida","Estilo De Vida",43,142720,FALSE,0.72,-3.059,1,0.035,0.473,0,0.0506,0.972,135.088,1,3,"roots_rhythm_fusion",0.32
87681,"6NAn7eEExGOlf37BW9sZdJ","Ultraje a Rigor","Acústico Mtv","Inútil - Acústico",42,157520,FALSE,0.97,-5.106,0,0.0639,0.0148,3.32e-06,0.328,0.733,175.215,4,3,"roots_rhythm_fusion",0.28
87686,"2zlpPaYrmjkJavxPBIFmJq","Connie Francis","Christmas Only: The Timeless Classic Collection","I'll Be Home for Christmas",0,206440,FALSE,0.218,-9.347,1,0.0325,0.8,9.49e-05,0.176,0.202,84.017,4,3,"roots_rhythm_fusion",0.64
87693,"2u1NjJFN4emN0o6AJHogGU","Ike & Tina Turner","60s Christmas Party","River Deep - Mountain High",0,215720,FALSE,0.763,-6.866,1,0.0387,0.777,0.00125,0.157,0.302,83.267,4,3,"roots_rhythm_fusion",0.67
87696,"60iXCl8pczSf8TqN0yUaH4","RPM","Radio Pirata Ao Vivo","Olhar 43",41,193733,FALSE,0.987,-5.936,1,0.107,0.032,0.0578,0.977,0.405,162.988,4,3,"roots_rhythm_fusion",0.67
87722,"5u8XmgNqmWZORE6XByIj1J","Ndee Naldinho","O Povo da Periferia (Deluxe)","O Povo da Periferia (Expressão Ativa)",42,469999,FALSE,0.371,-15.462,1,0.138,0.515,1.08e-05,0.173,0.749,133.96,4,3,"roots_rhythm_fusion",0.52
87723,"2QIwuG4S7XCp5R0a8F8jvz","Charlie Brown Jr.","Camisa 10 joga bola até na chuva","Puro sangue",41,247946,FALSE,0.878,-4.532,1,0.032,0.178,0,0.297,0.881,79.972,4,3,"roots_rhythm_fusion",0.4
87728,"573o3RPFGAXaob5lqXzli7","Dr. John","New Orleans Voodoo Soul","Zu Zu Man",0,199960,FALSE,0.594,-9.657,1,0.0693,0.875,2.2e-05,0.133,0.786,131.18,4,3,"roots_rhythm_fusion",0.62
87737,"4IjlD8YWZiLrT4nZOFoLxv","Lupillo Rivera","El Toro del Corrido","Tú y las Nubes",42,181021,FALSE,0.597,-6.759,1,0.0526,0.143,0.00657,0.293,0.439,110.728,1,3,"roots_rhythm_fusion",0.78
87751,"62ODcIMTYy3Ccn7W02gf4w","Zimbra","Azul","Azul",41,211800,FALSE,0.523,-7.413,1,0.0267,0.157,0.135,0.302,0.697,100.038,4,3,"roots_rhythm_fusion",0.69
87770,"7nBeVCe5XQ6sn6dzqFvglv","Kid Abelha","Greatest Hits 80's","Alice (Não me escreva aquela carta de amor)",41,188506,FALSE,0.7,-8.591,0,0.0847,0.0851,0.245,0.103,0.951,177.596,4,3,"roots_rhythm_fusion",0.8
87786,"7cwkcJfPKgSfHv8fbKEfSq","Jota Quest;Milton Nascimento","Acústico Jota Quest","O Sol (feat. Milton Nascimento) - Acústico",41,389297,FALSE,0.557,-9.57,1,0.0408,0.63,0.000565,0.688,0.249,79.599,4,3,"roots_rhythm_fusion",0.67
87824,"56MZA3YYYizwTSCWVwh68t","Diego Herrera","A Mi Modo","Palabras Sucias",42,218933,FALSE,0.522,-2.928,1,0.0407,0.698,3.61e-05,0.107,0.905,150.079,3,3,"roots_rhythm_fusion",0.53
87826,"5Jr4QXPpVCvZNfeKAAiqgA","Maneva","Metamorfose Ambulante (Ao Vivo)","Metamorfose Ambulante - Ao Vivo",41,207706,FALSE,0.384,-9.641,1,0.257,0.529,3.74e-06,0.307,0.451,139.993,4,3,"roots_rhythm_fusion",0.68
87836,"7l8mFTAzCM0dFiWIPNbzfr","Maneva","Caleidoscópico","O Tempo Passa",41,191373,FALSE,0.633,-7.259,1,0.043,0.0795,0.000318,0.257,0.782,89.029,4,3,"roots_rhythm_fusion",0.59
87843,"4mGuAAAyVlYdgORnfrTQpQ","Valentín Elizalde","En Vivo Desde Villa Juarez Sonora","Corazon De Oro",41,140080,FALSE,0.383,-8.556,1,0.105,0.471,0.00144,0.422,0.741,177.291,3,3,"roots_rhythm_fusion",0.72
87854,"71JdUcrlTYuLc9IzYZfkhV","Projota","3Fs (Ao Vivo)","Até O Final - Ao Vivo",41,239546,FALSE,0.877,-5.806,1,0.0882,0.189,0,0.695,0.793,176.007,4,3,"roots_rhythm_fusion",0.4
87887,"3jvqC6Y2Ory7D6ijAOj6MP","Sergio Vega ""El Shaka""","Atraves de la Luna","Atraves de la Luna",41,213054,FALSE,0.352,-10.901,1,0.0715,0.644,0,0.0245,0.634,141.745,3,3,"roots_rhythm_fusion",0.5
87897,"57CZLRVyGf21PgF573ZkPn","Capital Inicial","Capital Inicial Multishow Ao Vivo","Não Olhe Pra Trás - Ao Vivo",40,289173,FALSE,0.882,-5.704,1,0.0388,0.0444,0.00075,0.974,0.298,102.981,4,3,"roots_rhythm_fusion",0.58
87904,"0NCZVHXx8S4964Fsy5gayQ","A Banda Mais Bonita da Cidade","A Banda Mais Bonita da Cidade","Se Eu Corro",40,227853,FALSE,0.16,-8.522,1,0.038,0.604,0,0.106,0.272,182.072,4,3,"roots_rhythm_fusion",0.63
87924,"0YOxIn3KAjEGmNsrlgGSVp","Charlie Brown Jr.;LION dj","Tudo Que Ela Gosta De Escutar (Lion Remix)","Tudo Que Ela Gosta De Escutar - Lion Remix",40,300432,FALSE,0.852,-7.223,0,0.0528,0.00317,0.0733,0.292,0.56,124.019,4,3,"roots_rhythm_fusion",0.51
87926,"1voq70uyXy4i3S1oJP48Hs","Rita Lee;Roberto De Carvalho","Babilônia","Jardins Da Babilônia",40,190960,FALSE,0.701,-11.905,1,0.0611,0.072,0,0.0627,0.889,124.449,4,3,"roots_rhythm_fusion",0.67
87927,"1OI6papN3ZR1qm1rDFxOyu","El Mimoso Luis Antonio López","No Soy Monedita de Oro","No Soy Monedita de Oro",41,372650,FALSE,0.584,-4.633,1,0.0492,0.229,0,0.415,0.8,141.537,4,3,"roots_rhythm_fusion",0.39
87953,"3U3gHqRwjam6CxwW68m30z","Lil Tjay","Resume","Resume",66,235023,TRUE,0.485,-12.369,1,0.411,0.324,0,0.105,0.41,143.026,4,3,"roots_rhythm_fusion",0.23
87957,"0pDc9Ha957uRuW399TFnci","Cynthia Luz;Dalsin","Por Aqui","Por Aqui",40,157006,FALSE,0.511,-6.952,0,0.169,0.62,0,0.0908,0.374,80.046,4,3,"roots_rhythm_fusion",0.49
87962,"5UBXVQfXgkDl2N423nNtgi","Rappin' Hood","Sujeito Homem 2","Zé Brasileiro",40,276400,FALSE,0.742,-5.661,1,0.218,0.154,0,0.263,0.679,83.488,4,3,"roots_rhythm_fusion",0.35
87976,"1CfIImPi8U5OHOvLVsDPas","Lulu Santos","Pop Brasil","Um certo alguém",40,213573,FALSE,0.709,-11.404,1,0.0299,0.513,2.19e-06,0.088,0.84,134.682,4,3,"roots_rhythm_fusion",0.4
87986,"1ghKTQnQ3eK4PCz1sCdNoa","La Original Banda El Limón de Salvador Lizárraga;Joel Elizalde","Te Llevaste Lo Mejor","Te Llevaste Lo Mejor",41,228778,FALSE,0.527,-4.931,1,0.0335,0.297,6.37e-05,0.065,0.966,131.041,4,3,"roots_rhythm_fusion",0.39
87996,"6etfOlvx8cRyTsKFrkjojb","Joan Sebastian","En Vivo En La México","El Peor De Tus Antojos - En Vivo",41,177520,FALSE,0.446,-8.297,1,0.126,0.598,0,0.982,0.9,97.3,3,3,"roots_rhythm_fusion",0.5
88010,"709mEkXJxSopnAmOnRJGRr","Feid","Clásicos de ahora: Perreo","Normal",0,171880,TRUE,0.56,-4.867,0,0.171,0.034,0,0.315,0.541,170.082,4,9,"global_dance_urban",0.77
88022,"5lWntBx6CC4JbbHPCb6ftj","Feid","El perreo es el futuro","Ferxxo 100",0,167760,FALSE,0.562,-3.378,0,0.0674,0.257,0,0.137,0.569,163.893,4,9,"global_dance_urban",0.66
88033,"5hsExtdcPmoDQTc9rhK6ui","Feid","Perreo en Halloween","Si Te La Encuentras Por Ahí",4,191506,FALSE,0.569,-3.559,0,0.0779,0.144,5.27e-05,0.112,0.433,171.973,4,9,"global_dance_urban",0.53
88034,"0wJMDTFRqqzYfBu1LbNBeY","Feid","Homecoming Latin Party","Feliz Cumpleaños Ferxxo",0,155960,FALSE,0.573,-5.501,1,0.0678,0.0863,0,0.305,0.563,94.999,4,9,"global_dance_urban",0.38
88040,"3S98gqCoHJfmr8QP0tWVL7","Feid","Halloween con perreito","Feliz Cumpleaños Ferxxo",0,155960,FALSE,0.573,-5.501,1,0.0678,0.0863,0,0.305,0.563,94.999,4,9,"global_dance_urban",0.66
88054,"6Ok7LQxIDEqKQEFUBNRzpx","J Balvin;Bad Bunny","Bájale como 7500","LA CANCIÓN",3,242573,FALSE,0.646,-5.795,1,0.319,0.152,1.81e-05,0.108,0.429,176.088,4,9,"global_dance_urban",0.57
88066,"14MRXBE5YZoB8HRWf9Zn0I","J Balvin;Jay Wheeler","Esto No Se Le Dedica A Cualquiera","OTRO FILI",3,202546,FALSE,0.638,-5.925,1,0.106,0.275,0.000259,0.105,0.641,81.988,4,9,"global_dance_urban",0.78
88081,"56FjTokFXI8OJIkVeP7yGA","Feid","Clásicos de ahora: Perreo","Feliz Cumpleaños Ferxxo",0,155960,FALSE,0.573,-5.501,1,0.0678,0.0863,0,0.305,0.563,94.999,4,9,"global_dance_urban",0.73
88089,"1XUYJ4xjlNoxQqNWc5Hnho","J Balvin","Queda poco para la PAES 2.0","Sigo Extrañándote",0,201280,FALSE,0.859,-4.232,0,0.21,0.154,0.000109,0.212,0.938,93.016,4,9,"global_dance_urban",0.91
88092,"3HdJWzA5iMRweXuY98Dyzb","J Balvin;Skrillex","pov: it's 2021","In Da Getto",1,130666,FALSE,0.723,-3.142,1,0.0466,0.0177,2.61e-05,0.113,0.643,126.998,4,9,"global_dance_urban",0.84
88104,"2xABkRsg3JYfM7JCNg0Mao","J Balvin;Bad Bunny","Última Misión Reggaeton","QUE PRETENDES",1,222346,FALSE,0.791,-4.443,0,0.254,0.0275,0,0.362,0.933,92.603,4,9,"global_dance_urban",0.86
88116,"49eU6cfKOpuh3DiuwNma5l","J Balvin","Del gusto de hermanos","Sigo Extrañándote",6,201280,FALSE,0.859,-4.232,0,0.21,0.154,0.000109,0.212,0.938,93.016,4,9,"global_dance_urban",0.32
88117,"493Gp8GQJHDtfGyUKvihrF","KAROL G","Perreo Tenebroso Vol. 5","Ay, DiOs Mío!",0,189840,FALSE,0.706,-4.423,1,0.195,0.496,0.00134,0.106,0.522,179.997,4,9,"global_dance_urban",0.71
88122,"6HplQm7VOFSup5HvIMahU7","J Balvin;Maria Becerra","Halloween 2022 Perreo Vol. 4","Qué Más Pues?",1,217361,FALSE,0.817,-3.956,1,0.0871,0.0254,0.000141,0.232,0.753,101.988,4,9,"global_dance_urban",0.82
88127,"1oV8hihVsAkSGaXT8vm7Hn","KAROL G;Mariah Angeliq","Clásicos de ahora: Perreo","EL MAKINON",0,209160,FALSE,0.705,-3.224,0,0.102,0.256,1.06e-06,0.108,0.456,89.109,4,9,"global_dance_urban",0.45
88128,"4w2ffrCVQm9X4ToegFseY2","J Balvin","Noche de Halloween Latino","Negro",3,182506,FALSE,0.907,-2.223,1,0.0884,0.0132,0.211,0.245,0.828,164.107,4,9,"global_dance_urban",0.53
88153,"4jQx9hU0OSISZgPpKFlyqr","KAROL G;Maldy","Frescura y Perreo","GATÚBELA",5,209160,FALSE,0.858,-2.824,0,0.386,0.263,0,0.21,0.342,92.523,4,9,"global_dance_urban",0.79
88155,"5wpnARjEJkt8A5owpQORje","KAROL G;Maldy","Reggeaton Imperdible","GATÚBELA",2,209160,FALSE,0.858,-2.824,0,0.386,0.263,0,0.21,0.342,92.523,4,9,"global_dance_urban",0.7
88159,"0ocZq6BzBiJf8tbA3nvQPF","KAROL G;Maldy","El perreo es el futuro","GATÚBELA",0,209160,FALSE,0.858,-2.824,0,0.386,0.263,0,0.21,0.342,92.523,4,9,"global_dance_urban",0.78
88171,"5OOPYQor9kRh18B73f2Vci","KAROL G;Maldy","Última Misión Reggaeton","GATÚBELA",0,209160,FALSE,0.858,-2.824,0,0.386,0.263,0,0.21,0.342,92.523,4,9,"global_dance_urban",0.9
88176,"47960GBapFd2ZJU6LbtwZz","KAROL G;Nicki Minaj","Homecoming Latin Party","Tusa",0,201920,FALSE,0.701,-3.275,1,0.283,0.308,7.82e-05,0.0516,0.619,100.954,4,9,"global_dance_urban",0.8
88180,"5Pjd6gzQntVPYqTiVodfYe","KAROL G","Reggeaton Imperdible","BICHOTA",2,178946,TRUE,0.666,-4.158,0,0.152,0.212,0.000493,0.103,0.838,163.908,4,9,"global_dance_urban",0.72
88185,"20HJlBRkHgsZEmCbbeq3OZ","KAROL G;Bad Bunny","Perreo Tenebroso Vol. 2","Ahora Me Llama",0,233293,TRUE,0.577,-5.273,0,0.0373,0.00947,4.02e-05,0.0905,0.123,135.009,4,9,"global_dance_urban",0.78
88191,"5Hc5uFMVvvtc9YYJmXtspy","KAROL G","Perreo Tenebroso Vol. 2","A Ella",0,198720,FALSE,0.769,-4.936,1,0.178,0.244,2.06e-05,0.136,0.594,181.988,4,9,"global_dance_urban",0.76
88194,"2UzdMpV9R6H1Aex1yXExli","KAROL G;Maluma","Verano en Junio","Créeme",0,214293,FALSE,0.874,-3.576,1,0.0549,0.128,0.000146,0.105,0.648,96.998,4,9,"global_dance_urban",0.55
88197,"3LDezJ0x3UWsC0XXnjM8U9","KAROL G","Carrete con besties","Casi Nada",0,219026,FALSE,0.848,-2.756,0,0.0362,0.121,4.74e-05,0.0993,0.591,98.059,4,9,"global_dance_urban",0.84
88198,"0EZ3k6NTvkH1sQddEK4slm","KAROL G","Perreo Tenebroso Vol. 5","Go Karo",0,149866,FALSE,0.727,-3.342,1,0.0639,0.0469,1e-06,0.0793,0.827,93.032,4,9,"global_dance_urban",0.22
88202,"6siiFhvZiKR62RpgBmherA","Jhayco;Bad Bunny","Frescura y Perreo","CÓMO SE SIENTE - Remix",0,227520,TRUE,0.606,-8.871,0,0.0872,0.0946,0,0.119,0.304,92.988,4,9,"global_dance_urban",0.94
88205,"79hVM41bj2IKfCVhUFh9Ra","Daddy Yankee;Bad Bunny","Halloween con perreito","X ÚLTIMA VEZ",0,192477,TRUE,0.855,-3.725,1,0.0554,0.0789,0.000167,0.108,0.573,90.04,4,9,"global_dance_urban",0.85
88213,"0yy3WShigK5eqAmhS4aRwz","Daddy Yankee;Bad Bunny","Feliz Cumpleaños con Perreo","X ÚLTIMA VEZ",2,192477,TRUE,0.855,-3.725,1,0.0554,0.0789,0.000167,0.108,0.573,90.04,4,9,"global_dance_urban",0.89
88225,"5wPayKgEqHa0ewZhUS8BSY","Daddy Yankee","Frescura y Perreo","RUMBATÓN",3,248768,FALSE,0.909,-4.034,0,0.0396,0.0471,0,0.35,0.922,95.004,4,9,"global_dance_urban",0.51
88247,"2mBTuHj5xrXHF3BeXD9ebN","Daddy Yankee","Queda poco para la PAES 2.0","Sígueme Y Te Sigo",0,209786,FALSE,0.878,-3.604,0,0.0428,0.0682,6.4e-05,0.756,0.662,100.024,4,9,"global_dance_urban",0.65
88252,"5Mktfl3xR4CNPO0u5QZRal","Jhayco;Bad Bunny","Bájale como 7500","CÓMO SE SIENTE - Remix",0,227520,TRUE,0.606,-8.871,0,0.0872,0.0946,0,0.119,0.304,92.988,4,9,"global_dance_urban",0.86
88255,"6k0rozlo2pjajMJSV26YUE","Jhayco;Tainy","Halloween 2022 Perreo Vol. 1","Imaginaste",3,198613,FALSE,0.663,-5.799,1,0.244,0.11,0,0.302,0.583,179.971,4,9,"global_dance_urban",0.61
88271,"7iagi306NrUMhjowfe2d98","Jhayco","El perreo es el futuro","Sensual Bebé",0,209146,TRUE,0.629,-6.09,1,0.0505,0.0268,0,0.114,0.104,97.066,4,9,"global_dance_urban",0.28
88274,"1Px7xuvKUtX8ctQl2tcjZz","Jhayco;Anuel AA","Clásicos de ahora: Perreo","Ley Seca",0,263666,FALSE,0.843,-3.718,1,0.0913,0.127,0,0.114,0.56,105.016,4,9,"global_dance_urban",0.88
88283,"0YKl5wq8BbvZBtgabzlc5D","Jhayco;Anuel AA","Reggaeton Mix Perreito","Ley Seca",1,263666,FALSE,0.843,-3.718,1,0.0913,0.127,0,0.114,0.56,105.016,4,9,"global_dance_urban",0.46
88288,"0rXUq0QEtQg4gRvd4EPHGf","Jhayco","Perreo Tenebroso Vol. 4","Christian Dior",0,147133,TRUE,0.718,-5.62,0,0.0694,0.226,1.99e-06,0.108,0.427,92.028,4,9,"global_dance_urban",0.57
88289,"053mlrYW02zC0dUsIsRUKG","Jhayco","Halloween con perreito","Christian Dior",0,147133,TRUE,0.718,-5.62,0,0.0694,0.226,1.99e-06,0.108,0.427,92.028,4,9,"global_dance_urban",0.55
88290,"2d21akUnz6DXYVbkvuJy0r","Jhayco","Perreo Tenebroso Vol. 3","Easy",0,239373,FALSE,0.777,-4.025,0,0.0689,0.0972,0.000501,0.332,0.555,94.023,4,9,"global_dance_urban",0.22
88292,"4oOPtRCqhe9ROLXr4wS3it","Jhayco;Nio Garcia;Casper Magico;Bryant Myers","Perreo Tenebroso Vol. 2","Deseos - Remix",0,238106,TRUE,0.731,-5.583,0,0.134,0.259,0,0.306,0.636,93.013,4,9,"global_dance_urban",0.4
88299,"5IVqIRad9HF0f41fjpZBKa","Jhayco;Wisin & Yandel","Última Misión Reggaeton","Imaginaste - Remix",0,246653,FALSE,0.71,-5.321,1,0.0939,0.0426,0,0.337,0.591,89.977,4,9,"global_dance_urban",0.57
88315,"5iBHQdgvYptTzQzLPHxbXz","Wisin & Yandel","Queda poco para la PAES 2.0","Sexy Movimiento",0,211920,FALSE,0.858,-4.152,0,0.0373,0.405,2.95e-06,0.133,0.814,105,4,9,"global_dance_urban",0.86
88318,"4B9KVCZ14XPuLrkuFJ6Hov","Sebastian Yatra;Guaynaa","Verano en Junio","Chica Ideal",0,183240,FALSE,0.891,-3.665,0,0.157,0.0847,0,0.16,0.707,100.978,4,9,"global_dance_urban",0.69
88327,"71A0fSIUozc9NvH3tn3rO6","Wisin & Yandel;Tego Calderón;Franco ""El Gorilla""","Perreo Tenebroso Vol. 2","Sigan Bailando",0,291453,FALSE,0.831,-4.702,0,0.247,0.148,2.32e-05,0.0902,0.684,180.054,4,9,"global_dance_urban",0.57
88352,"6DXLO8LndZMVOHM0wNbpzg","Don Omar;Lucenzo","Meet The Orphans","Danza Kuduro",74,198786,FALSE,0.917,-4.897,1,0.115,0.078,0,0.065,0.889,130.04,4,9,"global_dance_urban",0.43
88360,"434VcYrm3FPRRiW4jw5nLb","Wisin & Yandel;Chris Brown;T-Pain","Fiesta portatil","Algo Me Gusta De Ti",3,274946,FALSE,0.769,-5.296,0,0.0325,0.00291,0,0.0598,0.237,127.949,4,9,"global_dance_urban",0.55
88382,"14KRCsp4ZjQbw60d0DKxoV","Don Omar;Sharlene Taule","Para entrar en calor","Encanto",1,195400,FALSE,0.871,-5.123,1,0.0499,0.145,0.000498,0.0752,0.902,172.03,4,9,"global_dance_urban",0.84
88386,"6iwp0xbFBJE4KrktVgMYY3","Don Omar","Reggeaton Imperdible","Guaya Guaya",0,194013,FALSE,0.872,-2.117,1,0.143,0.0067,0.000193,0.136,0.696,92.025,4,9,"global_dance_urban",0.74
88395,"12xEvLcLawXJUs4ANGYdxZ","Wisin & Yandel;Franco ""El Gorilla"";Jayko","Halloween con perreito","Me Estas Tentando - Remix",0,264306,FALSE,0.897,-3.633,0,0.0484,0.117,4.72e-06,0.311,0.805,116.019,4,9,"global_dance_urban",0.65
88411,"5fwSHlTEWpluwOM0Sxnh5k","Farruko","Pepas","Pepas",86,287120,TRUE,0.766,-3.955,1,0.0343,0.00776,6.98e-05,0.128,0.442,130.001,4,9,"global_dance_urban",0.6
88427,"75G3D1ajCgumVJ7Kun9MbC","Brytiago;Darell","Halloween 2022 Perreo Vol. 3","Olvidando",1,229013,FALSE,0.672,-4.455,0,0.182,0.12,6.18e-05,0.695,0.585,171.996,4,9,"global_dance_urban",0.73
88435,"59d6pKXq0vbneJNlfiX82Y","Chris Jedi;Anuel AA;Chencho Corleone;Ñengo Flow","Clásicos de ahora: Perreo","La Llevo Al Cielo",0,254920,TRUE,0.845,-3.809,0,0.135,0.105,1.14e-05,0.172,0.769,170.023,4,9,"global_dance_urban",0.53
88439,"1eh0KNddkwlXjI8c5H6K3j","Don Omar;Trebol Clan","Perreo Tenebroso Vol. 3","Tu Cuerpo Me Arrebata",0,203653,FALSE,0.645,-6.707,0,0.0481,0.232,0.000863,0.178,0.724,94.998,4,9,"global_dance_urban",0.35
88442,"1DGt4mkDsqguGSLYFerzKO","Brray;Chencho Corleone","Noche de Halloween Latino","El Querendón",1,168466,TRUE,0.866,-4.503,0,0.0627,0.122,0.0153,0.193,0.772,95.008,4,9,"global_dance_urban",0.54
88443,"4ENkKYfRk9udeKaJBjvxss","Brytiago;Wisin","Hora del taco sin auto","Borracho",0,197360,FALSE,0.701,-4.119,0,0.175,0.481,0,0.449,0.653,92.003,4,9,"global_dance_urban",0.4
88455,"5Ct6xnkAQJ7lZXp7vHM8uF","Chris Jedi;Ozuna;Brytiago","Perreo Tenebroso Vol. 4","Bipolar",0,220080,FALSE,0.697,-5.85,1,0.0618,0.32,0,0.144,0.416,76.031,4,9,"global_dance_urban",0.79
88456,"0DHBe3RkyM9V4InBW7DZqS","Chris Jedi;J Balvin;Ozuna;Arcangel","En la nada","Ahora Dice",0,270493,FALSE,0.691,-5.414,1,0.158,0.255,0,0.129,0.427,143.982,4,9,"global_dance_urban",0.5
88457,"22x5EpcJkfE3SHBONJG6FS","CHEHON","BEST","韻波句徒",60,291440,FALSE,0.863,-2.679,0,0.0518,0.408,0,0.0755,0.928,122.03,4,9,"global_dance_urban",0.72
88460,"0DBBQaDg8YPePplq7m7Cah","Kevin Roldan","Clásicos de ahora: Perreo","PPP",0,129332,FALSE,0.625,-6.83,1,0.13,0.383,3.33e-05,0.125,0.774,92.994,4,9,"global_dance_urban",0.38
88466,"4woflPn7hNodcdO2dAC2N9","Shaggy;Ricardo Ducent","Los Clásicos del Pop 90s","It Wasn't Me",2,229194,FALSE,0.621,-4.184,1,0.0675,0.0545,0,0.336,0.691,94.739,4,9,"global_dance_urban",0.94
88477,"1ycasxRQuWKCs0LpIBNcw7","Kevin Roldan;Bryant Myers;Lyanno","Noche de Halloween Latino","Hasta Abajo",1,229826,FALSE,0.671,-5.119,1,0.362,0.292,0,0.325,0.641,169.727,4,9,"global_dance_urban",0.66
88480,"5jwbubhOVH3QhkRrvaNwa5","Kevin Roldan","Perreo Tenebroso Vol. 5","BB",0,125840,FALSE,0.616,-3.399,1,0.102,0.00812,9.54e-06,0.259,0.888,171.841,4,9,"global_dance_urban",0.59
88485,"7s1KiBsH0lCggKO52Qir6X","Chris Jedi;Joey Montana","Del gusto de hermanos","Dale Hasta Abajo",0,211560,FALSE,0.915,-2.756,0,0.0449,0.079,0.000275,0.107,0.743,100.003,4,9,"global_dance_urban",0.54
88491,"5VVRRXsJ77a4jjGZCiIpAL","Chris Jedi;Anuel AA;Chencho Corleone;Ñengo Flow","Última Misión Reggaeton","La Llevo Al Cielo",0,254920,TRUE,0.845,-3.809,0,0.135,0.105,1.14e-05,0.172,0.769,170.023,4,9,"global_dance_urban",0.31
88494,"3lOFofBlwZF66FMjH2AcuC","Cali Y El Dandee;Juan Magán;Sebastian Yatra","Queda poco para la PAES 2.0","Por Fin Te Encontré",0,250836,FALSE,0.822,-3.679,1,0.212,0.0493,0,0.193,0.837,179.994,4,9,"global_dance_urban",0.57
88499,"3C8crz63UpoyBdGXGUEH6q","Greeicy;Anitta","Perreo Tenebroso Vol. 5","Jacuzzi",0,184106,FALSE,0.736,-4.484,0,0.0669,0.0914,0,0.0542,0.941,93.008,4,9,"global_dance_urban",0.7
88514,"0upL5Y9SejKeu2vXyTDpgB","Guaynaa;Lyanno","Perreo Tenebroso Vol. 5","Chama",0,193546,FALSE,0.682,-4.24,0,0.268,0.143,0.00682,0.0788,0.785,179.959,4,9,"global_dance_urban",0.27
88525,"5O8sAf3rns1o6Y9lItpuOX","Guaynaa","El perreo es el futuro","Rompe Rodillas",0,148680,FALSE,0.66,-8.054,0,0.0482,0.125,0,0.0316,0.945,91.971,4,9,"global_dance_urban",0.73
88540,"2GqmufsIytFAXE9sxz4m4S","J Alvarez;Sak Luke;DJ Valdi","Caribe Mix Reggaeton","Loka Loka",0,210093,FALSE,0.794,-4.167,0,0.0486,0.162,0,0.337,0.84,94.018,4,9,"global_dance_urban",0.59
88545,"53sOR02nAN4tpAzAkL2EnB","Sublime","Hits Pop Rock 90's","What I Got",1,170906,TRUE,0.693,-7.47,1,0.0915,0.00876,0.000916,0.314,0.654,95.721,4,9,"global_dance_urban",0.52
88551,"3WkibOpDF7cQ5xntM1epyf","Shaggy;Rik Rok","Hot Shot","It Wasn't Me",79,227600,FALSE,0.606,-4.596,1,0.0713,0.0561,0,0.313,0.654,94.759,4,9,"global_dance_urban",0.51
88555,"0IqCoZ168iRc9LqfrYgpZy","Camilo;Shawn Mendes","KESI (Remix)","KESI - Remix",76,176575,FALSE,0.815,-4.439,1,0.0477,0.127,6.18e-06,0.094,0.823,122.959,4,9,"global_dance_urban",0.57
88557,"2CGhzWArXQZG86V1Ztv4Q2","Ozuna","OzuTochi","Mañana",73,192320,FALSE,0.522,-4.648,1,0.0761,0.105,0.0154,0.0671,0.692,91.015,4,9,"global_dance_urban",0.46
88611,"2snbAel9GoxA6i6iH0Wvw9","Ozuna","OzuTochi","Te Pienso",66,147760,FALSE,0.533,-7.409,1,0.098,0.117,0,0.305,0.676,163.733,4,9,"global_dance_urban",0.49
88614,"4u4EnZpoThBaxVRLMHyVOA","Ozuna","OzuTochi","Cielos Rosado",59,182840,FALSE,0.72,-6.191,0,0.0454,0.0234,0.168,0.377,0.23,120,4,9,"global_dance_urban",0.35
88618,"5pvy8p5jyXqr6bjzQRDPjm","Ozuna;Tokischa;Louchie Lou;Michie One","OzuTochi","Somos Iguales",58,172413,FALSE,0.64,-4.14,1,0.0809,0.0301,0.000249,0.311,0.435,97.013,4,9,"global_dance_urban",0.23
88619,"4ISfM2xZuOc9YEtiCqty7Y","Ozuna","OzuTochi","La Copa",60,154626,FALSE,0.788,-4.581,1,0.036,0.117,0.000198,0.0996,0.956,126.016,4,9,"global_dance_urban",0.66
88620,"7qCAVkHWZkF44OzOUKf8Cr","Nicky Jam;Enrique Iglesias","Fénix","El Perdón (with Enrique Iglesias)",74,205906,FALSE,0.69,-5.83,1,0.0511,0.443,0,0.113,0.66,179.908,4,9,"global_dance_urban",0.34
88646,"1p3RZNCZRNeZVDCPfTlnEU","Nacho;Noriel","Halloween 2022 Perreo Vol. 3","Emborráchate",0,207800,FALSE,0.843,-4.645,0,0.0481,0.0204,7.03e-06,0.0885,0.822,104.992,4,9,"global_dance_urban",0.36
88653,"2ksOAxtIxY8yElEWw8RhgK","Anuel AA;Daddy Yankee;KAROL G;J Balvin;Ozuna","China","China",76,301714,FALSE,0.808,-3.702,1,0.0882,0.0846,0.000289,0.0822,0.609,105.027,4,9,"global_dance_urban",0.79
88654,"1nocRtwyNPVtGcIJqfgdzZ","Camilo;Pedro Capó","Tutu","Tutu",69,178613,FALSE,0.832,-2.592,1,0.0503,0.273,0,0.0665,0.94,146.013,4,9,"global_dance_urban",0.57
88656,"2B4GHvToeLTOBB4QLzW3Ni","Farruko","La 167","Pepas",74,287120,TRUE,0.766,-3.955,1,0.0343,0.00776,6.98e-05,0.128,0.442,130.001,4,9,"global_dance_urban",0.55
88658,"0dKg2vGC1hFqcK5LGTaKzX","KAROL G;Nicki Minaj","KG0516","Tusa",72,201920,FALSE,0.701,-3.272,1,0.282,0.309,7.36e-05,0.0514,0.607,100.946,4,9,"global_dance_urban",0.71
88668,"42vMaWQYBqk9kf8P2uaT05","Angel Y Khriz;Gocho ""El Lápiz De Platino"";John Eric","Halloween con perreito","Na De Na",0,202866,TRUE,0.893,-5.834,1,0.122,0.182,0,0.105,0.682,119.925,4,9,"global_dance_urban",0.39
88682,"5uuusNkbJcgvUkPze6eQk0","Boomdabash;Alessandra Amoroso","Tutti in piscina Canzoni per bambini","Karaoke",0,156493,FALSE,0.625,-5.728,1,0.14,0.289,1.2e-06,0.386,0.578,122.03,4,9,"global_dance_urban",0.25
88691,"5tlApYAutps4wWZLzNbaZK","Ñejo & Dalmata","Perreo en Halloween","Pasarela",2,227466,FALSE,0.821,-6.143,1,0.0596,0.0985,5.84e-06,0.178,0.526,95.004,4,9,"global_dance_urban",0.49
88692,"7epvz4k2v8qrzYansbnKAd","Joey Montana;Sebastian Yatra","Frescura y Perreo","Suena El Dembow",0,195760,FALSE,0.858,-4.431,1,0.0529,0.189,0,0.113,0.755,91.884,4,9,"global_dance_urban",0.65
88697,"2dxdzWwLl3nP0SZImUK2A0","Ñejo & Dalmata","Reggeaton Imperdible","Pasarela",0,227466,FALSE,0.821,-6.143,1,0.0596,0.0985,5.84e-06,0.178,0.526,95.004,4,9,"global_dance_urban",0.31
88700,"2XIc1pqjXV3Cr2BQUGNBck","Bad Bunny;ROSALÍA","EL ÚLTIMO TOUR DEL MUNDO","LA NOCHE DE ANOCHE",82,203200,FALSE,0.618,-4.892,1,0.286,0.0303,0,0.0866,0.391,81.993,4,9,"global_dance_urban",0.83
88718,"5T9aWINkvC8GtmcFI2TZAb","Kail BRL;Tobal Mj","Mercedes","Mercedes",50,220212,FALSE,0.631,-6.4,0,0.187,0.121,0,0.146,0.716,93.961,4,9,"global_dance_urban",0.38
88729,"4I5iurVfR12GzAPZLRZdg4","Boomdabash;Annalisa","TickTok Back To School 2022","Tropicana",0,172000,FALSE,0.591,-5.69,1,0.119,0.0165,2.87e-06,0.208,0.752,120.036,4,9,"global_dance_urban",0.71
88735,"1uuwaSigTmZ6M3fgjYKlat","Boomdabash;Loredana Bertè","Tutti in piscina Canzoni per bambini","Non Ti Dico No",0,191263,FALSE,0.742,-6.181,1,0.119,0.0438,0,0.246,0.798,171.939,4,9,"global_dance_urban",0.56
88740,"0kpCfLJbmYFybCO6xy0hBn","Boomdabash","10's Music Grandi Successi","Per Un Milione",0,174615,FALSE,0.745,-4.099,0,0.0472,0.103,0,0.0852,0.898,85.989,4,9,"global_dance_urban",0.47
88755,"1XlpaijGmAY0pWe16oucrC","J Balvin;Pitbull;Camila Cabello","Hey Ma (with J Balvin & Pitbull feat. Camila Cabello)","Hey Ma (with J Balvin & Pitbull feat. Camila Cabello)",47,195040,FALSE,0.952,-2.959,1,0.108,0.0203,2.51e-06,0.117,0.571,105.981,4,9,"global_dance_urban",0.84
88761,"6SR0dDuXH2vtgBfMLrivKV","Bob Marley & The Wailers","Exodus","One Love / People Get Ready - Medley",71,172933,FALSE,0.516,-9.598,1,0.366,0.0673,0,0.0674,0.939,154.186,4,9,"global_dance_urban",0.44
88776,"1npcpOYiEc29qN5UavSjGL","Hector & Tito","Halloween 2022 Perreo Vol. 4","Felina",1,216426,FALSE,0.93,-6.497,1,0.0734,0.0233,0.014,0.075,0.732,92.989,4,9,"global_dance_urban",0.6
88781,"6yIf83OZJX6cTaKBj5VWwh","Yera;Trapical","Fiesta Reggaeton 2010s","Sabrosa",0,209203,FALSE,0.904,-3.433,1,0.0444,0.192,0,0.374,0.735,113.107,4,9,"global_dance_urban",0.33
88795,"3UDfuH2TIyuc7W5V6SKXMz","Hector & Tito","Halloween 2022 Perreo Vol. 3","Sientan El Ran Tan Tan",0,173933,FALSE,0.727,-5.004,1,0.412,0.0596,0,0.214,0.301,93.533,4,9,"global_dance_urban",0.56
88796,"0EVhfRiVBGjrIUFyW0Aaut","Maneva","Tudo Vira Reggae II (Ao Vivo)","Apelido Carinhoso / Cigana - Ao Vivo",48,381045,FALSE,0.534,-6.867,1,0.101,0.258,4.82e-06,0.102,0.512,143.865,4,9,"global_dance_urban",0.42
88817,"5LyfiK6iXEIBNEtcaGKohl","Bob Marley & The Wailers","Exodus","Jamming",74,211000,FALSE,0.479,-10.981,0,0.306,0.107,5.25e-05,0.118,0.773,123.644,4,9,"global_dance_urban",0.35
88820,"2LYH0aiSJRgO0kXwXmpcRZ","Edu Ribeiro","Luau","De Mais Ninguém",46,187226,FALSE,0.619,-8.131,1,0.0292,0.0837,0,0.0901,0.588,133.949,4,9,"global_dance_urban",0.24
88841,"62ZYT0vrK0SXFzCsjDIYVm","MORADA","Lembre-se 80's (Ao Vivo)","Ao Único / Espírito, Enche a Minha Vida / Sala do Trono - Ao Vivo",47,343863,FALSE,0.821,-4.386,1,0.0443,0.0297,3.88e-05,0.299,0.285,131.964,4,9,"global_dance_urban",0.39
88853,"4BxzNZpcm1j3JczZzGNe2k","Don Omar;Tego Calderón","The Fast And The Furious: Tokyo Drift (Original Motion Picture Soundtrack)","Bandoleros",70,305280,FALSE,0.896,-5.311,0,0.251,0.318,0,0.186,0.79,90.622,4,9,"global_dance_urban",0.4
88869,"2eYea2CszELfp3KK5w7bqO","Cestar;Stailok","Lo Mejor de Ti","Lo Mejor de Ti",47,176666,FALSE,0.724,-6.294,0,0.123,0.139,0.0017,0.131,0.69,89.973,4,9,"global_dance_urban",0.4
88902,"69vlMrzHwATKzupwNcUPyK","Bad Bunny;Daddy Yankee","YHLQMDLG","La Santa",84,206420,TRUE,0.868,-4.524,1,0.047,0.0326,0,0.0822,0.586,93.037,4,9,"global_dance_urban",0.85
88915,"2hQykQxAGtmbMBvAN7T4Z0","Armandinho","Armandinho","Folha De Bananeira",44,216320,FALSE,0.562,-9.667,1,0.0373,0.0982,0,0.29,0.953,129.086,4,9,"global_dance_urban",0.44
88917,"010LzZsO4eqQUdUv1f1y9m","Gabriel Elias;Vitor Kley","Música Pra.curar Brasileira","Somos Instantes",44,225877,FALSE,0.647,-6.314,1,0.038,0.312,0,0.119,0.573,78.026,4,9,"global_dance_urban",0.34
88938,"62agzDjK1fD7WqKpjaLWKD","Jd Pantoja","Halloween 2022 Perreo Vol. 5","Error",0,230066,FALSE,0.593,-8.091,1,0.216,0.762,0.00115,0.118,0.519,175.784,4,9,"global_dance_urban",0.52
88998,"2rywMGsAUqyYC5mqCSG46N","Maneva","Tudo Vira Reggae (Ao Vivo)","Evidências - Ao Vivo",44,296474,FALSE,0.4,-9.685,1,0.169,0.26,0,0.138,0.572,100.032,4,9,"global_dance_urban",0.33
88999,"4KzSlU2JAYba5hhpIkkfGo","Maneva","Tudo Vira Reggae (Ao Vivo)","O Vento - Ao Vivo",44,203213,FALSE,0.391,-9.321,1,0.0448,0.267,6.57e-06,0.14,0.455,144.073,4,9,"global_dance_urban",0.47
89003,"3i9uGfgo9kXoRUNAl3M8Mr","Feid","Esto me suena a Farra","Ferxxo 100",7,167760,FALSE,0.562,-3.378,0,0.0674,0.257,0,0.137,0.569,163.893,4,9,"global_dance_urban",0.46
89012,"08jXpbmBrMtXXAtXlHgsHh","Feid","Perreo en Halloween","Feliz Cumpleaños Ferxxo",8,155960,FALSE,0.573,-5.501,1,0.0678,0.0863,0,0.305,0.563,94.999,4,9,"global_dance_urban",0.27
89039,"7708qrA9gHIrwuVf6QdjAH","Feid","Reggeaton Imperdible","Castigo",3,177280,TRUE,0.68,-4.129,0,0.165,0.0865,1.06e-06,0.1,0.704,179.839,4,9,"global_dance_urban",0.52
89056,"2pfvK4mEji3KYxoJqEwzDV","Feid","Verano en Junio","Belixe",2,155533,FALSE,0.673,-7.15,1,0.139,0.0524,0.00571,0.0813,0.462,113.995,4,9,"global_dance_urban",0.42
89073,"49eU6cfKOpuh3DiuwNma5l","J Balvin","Del gusto de hermanos","Sigo Extrañándote",6,201280,FALSE,0.859,-4.232,0,0.21,0.154,0.000109,0.212,0.938,93.016,4,9,"global_dance_urban",0.53
89081,"6ld4zIPweVl6KxdzdRivr3","J Balvin;Maria Becerra","El perreo es el futuro","Qué Más Pues?",0,217361,FALSE,0.817,-3.956,1,0.0871,0.0254,0.000141,0.232,0.753,101.988,4,9,"global_dance_urban",0.5
89083,"6I9u1BUOMgesqngW1QdwtS","J Balvin;Maria Becerra","Bájale como 7500","Qué Más Pues?",1,217361,FALSE,0.817,-3.956,1,0.0871,0.0254,0.000141,0.232,0.753,101.988,4,9,"global_dance_urban",0.63
89086,"3HdJWzA5iMRweXuY98Dyzb","J Balvin;Skrillex","pov: it's 2021","In Da Getto",1,130666,FALSE,0.723,-3.142,1,0.0466,0.0177,2.61e-05,0.113,0.643,126.998,4,9,"global_dance_urban",0.75
89087,"1XUYJ4xjlNoxQqNWc5Hnho","J Balvin","Queda poco para la PAES 2.0","Sigo Extrañándote",0,201280,FALSE,0.859,-4.232,0,0.21,0.154,0.000109,0.212,0.938,93.016,4,9,"global_dance_urban",0.75
89090,"0tQkPXwYjxpC3FWSAuFPqg","J Balvin","Perreo Tenebroso Vol. 5","Morado",0,200666,FALSE,0.696,-3.838,0,0.0797,0.136,4.06e-05,0.0927,0.781,97.002,4,9,"global_dance_urban",0.57
89094,"7lTWdUAtKRdaRS0UbQD9y7","J Balvin","Noche de Halloween Latino","Morado",2,200666,FALSE,0.696,-3.838,0,0.0797,0.136,4.06e-05,0.0927,0.781,97.002,4,9,"global_dance_urban",0.56
89096,"0Ysepw3QUt2pyKvsBZ9PGD","J Balvin;KAROL G;Nicky Jam;Crissin;Totoy El Frio;Natan & Shander","Homecoming Latin Party","Poblado - Remix",0,392866,FALSE,0.81,-5.382,0,0.0809,0.112,1.59e-06,0.377,0.632,93.005,4,9,"global_dance_urban",0.55
89116,"1oF3cqTJws6BixRDsyz0HU","J Balvin","Frescura y Perreo","Tu Veneno",4,157320,FALSE,0.659,-4.232,0,0.0873,0.0625,0.00024,0.0874,0.797,175.826,4,9,"global_dance_urban",0.72
89129,"5OOPYQor9kRh18B73f2Vci","KAROL G;Maldy","Última Misión Reggaeton","GATÚBELA",1,209160,FALSE,0.858,-2.824,0,0.386,0.263,0,0.21,0.342,92.523,4,9,"global_dance_urban",0.58
89135,"2kAz0WYicCnx9yEuhT0MhL","J Balvin","Queda poco para la PAES 2.0","Sin Compromiso",0,189026,FALSE,0.914,-4.739,1,0.159,0.193,0,0.427,0.816,98.031,4,9,"global_dance_urban",0.46
89140,"47960GBapFd2ZJU6LbtwZz","KAROL G;Nicki Minaj","Homecoming Latin Party","Tusa",0,201920,FALSE,0.701,-3.275,1,0.283,0.308,7.82e-05,0.0516,0.619,100.954,4,9,"global_dance_urban",0.59
89149,"5n5VSFQ1npojFIMUihcj33","KAROL G;J Balvin;Nicky Jam","Última Misión Reggaeton","Mi Cama - Remix",0,196320,FALSE,0.784,-4.423,1,0.0738,0.299,0,0.0958,0.832,162.958,4,9,"global_dance_urban",0.51
89154,"5wpnARjEJkt8A5owpQORje","KAROL G;Maldy","Reggeaton Imperdible","GATÚBELA",2,209160,FALSE,0.858,-2.824,0,0.386,0.263,0,0.21,0.342,92.523,4,9,"global_dance_urban",0.39
89157,"493Gp8GQJHDtfGyUKvihrF","KAROL G","Perreo Tenebroso Vol. 5","Ay, DiOs Mío!",0,189840,FALSE,0.706,-4.423,1,0.195,0.496,0.00134,0.106,0.522,179.997,4,9,"global_dance_urban",0.56
89160,"7KlmptaueSViBgx1DDOCQ7","KAROL G","Clásicos de ahora: Perreo","BICHOTA",0,178946,TRUE,0.666,-4.158,0,0.152,0.212,0.000493,0.103,0.838,163.908,4,9,"global_dance_urban",0.63
89175,"20HJlBRkHgsZEmCbbeq3OZ","KAROL G;Bad Bunny","Perreo Tenebroso Vol. 2","Ahora Me Llama",0,233293,TRUE,0.577,-5.273,0,0.0373,0.00947,4.02e-05,0.0905,0.123,135.009,4,9,"global_dance_urban",0.54
89178,"09FYielISRGvCiJVplF81B","Anuel AA;KAROL G","Fiesta portatil","Secreto",1,258799,FALSE,0.803,-4.156,1,0.126,0.6,0.0085,0.136,0.706,91.982,4,9,"global_dance_urban",0.7
89182,"6sAKc56i3qGXq1Y8fniOnf","Anuel AA;KAROL G","Perreo en Halloween","Secreto",3,258799,FALSE,0.803,-4.156,1,0.126,0.6,0.0085,0.136,0.706,91.982,4,9,"global_dance_urban",0.58
89190,"2VRR3vc9jMYcCEBM2A3ZV9","KAROL G","Perreo Tenebroso Vol. 2","Muñeco De Lego",0,162066,FALSE,0.637,-7.386,0,0.147,0.283,0,0.153,0.544,143.977,4,9,"global_dance_urban",0.76
89193,"146reVUYzTsbR24vCePtyQ","KAROL G;J Balvin;Nicky Jam","Queda poco para la PAES 2.0","Mi Cama - Remix",0,196320,FALSE,0.784,-4.423,1,0.0738,0.299,0,0.0958,0.832,162.958,4,9,"global_dance_urban",0.62
89194,"0EZ3k6NTvkH1sQddEK4slm","KAROL G","Perreo Tenebroso Vol. 5","Go Karo",0,149866,FALSE,0.727,-3.342,1,0.0639,0.0469,1e-06,0.0793,0.827,93.032,4,9,"global_dance_urban",0.88
89198,"3LDezJ0x3UWsC0XXnjM8U9","KAROL G","Carrete con besties","Casi Nada",0,219026,FALSE,0.848,-2.756,0,0.0362,0.121,4.74e-05,0.0993,0.591,98.059,4,9,"global_dance_urban",0.73
89199,"7cS2YS8Q5wJ7ZzqbKLsuFR","Daddy Yankee","Feliz Cumpleaños con Perreo","Limbo",3,224800,FALSE,0.878,-3.826,1,0.0864,0.0754,0.00329,0.0656,0.922,124.994,4,9,"global_dance_urban",0.71
89200,"43VoASYNFFXqy2HE0rAm4W","Daddy Yankee;Bad Bunny","Clásicos de ahora: Perreo","X ÚLTIMA VEZ",0,192477,TRUE,0.855,-3.725,1,0.0554,0.0789,0.000167,0.108,0.573,90.04,4,9,"global_dance_urban",0.51
89202,"0I3wA6Iy9HF8uW38es7Tb1","Daddy Yankee;Bad Bunny","Fiesta portatil","X ÚLTIMA VEZ",2,192477,TRUE,0.855,-3.725,1,0.0554,0.0789,0.000167,0.108,0.573,90.04,4,9,"global_dance_urban",0.48
89203,"6siiFhvZiKR62RpgBmherA","Jhayco;Bad Bunny","Frescura y Perreo","CÓMO SE SIENTE - Remix",0,227520,TRUE,0.606,-8.871,0,0.0872,0.0946,0,0.119,0.304,92.988,4,9,"global_dance_urban",0.63
89204,"1EBo9H6NjVeZRAlXcXLYq8","Jhayco","Esto No Se Le Dedica A Cualquiera","Me Extraña",2,234520,FALSE,0.767,-3.754,0,0.106,0.0176,0,0.143,0.232,156.001,4,9,"global_dance_urban",0.3
89206,"2xpkJFCKCevn863vXJli7S","Daddy Yankee;Bad Bunny","Bájale como 7500","X ÚLTIMA VEZ",1,192477,TRUE,0.855,-3.725,1,0.0554,0.0789,0.000167,0.108,0.573,90.04,4,9,"global_dance_urban",0.5
89210,"7FNClArpU0MQIIkAU5VSwh","Daddy Yankee;Bad Bunny","Reggaeton Mix Perreito","Vuelve",5,279613,FALSE,0.531,-5.662,1,0.0321,0.196,0,0.119,0.199,130.025,4,9,"global_dance_urban",0.48
89213,"7041VLZqpEKPkK73N7WNbE","Jhayco;Anuel AA","Verano en Junio","Ley Seca",0,263666,FALSE,0.843,-3.718,1,0.0913,0.127,0,0.114,0.56,105.016,4,9,"global_dance_urban",0.58
89215,"1qdiryo9D6QgoZw9beV72q","Daddy Yankee;Snow","pov: it's 2019","Con Calma",0,193226,FALSE,0.86,-2.652,0,0.0594,0.11,1.94e-06,0.0574,0.656,93.989,4,9,"global_dance_urban",0.47
89220,"62ppSZlSrkdflEZWXM34gG","Daddy Yankee","Bájale como 7500","RUMBATÓN",2,248768,FALSE,0.909,-4.034,0,0.0396,0.0471,0,0.35,0.922,95.004,4,9,"global_dance_urban",0.47
89224,"7qhOEYwWarxO50hAZkEY59","Daddy Yankee","El perreo es el futuro","RUMBATÓN",0,248768,FALSE,0.909,-4.034,0,0.0396,0.0471,0,0.35,0.922,95.004,4,9,"global_dance_urban",0.64
89232,"20vLGVDLfbzdh3vbSpSuj8","Daddy Yankee;Wisin & Yandel","Hora del taco sin auto","Si Supieras",4,241880,FALSE,0.894,-1.681,0,0.115,0.291,0,0.104,0.623,184.018,4,9,"global_dance_urban",0.64
89252,"5TiFvMOjuHM55p2IxMvmr9","Jhayco;Bad Bunny","Perreo en Halloween","CÓMO SE SIENTE - Remix",2,227520,TRUE,0.606,-8.871,0,0.0872,0.0946,0,0.119,0.304,92.988,4,9,"global_dance_urban",0.59
89255,"7c3qCkbYKDJe8bcWTD6A3j","Jhayco;Bad Bunny","Fiesta portatil","CÓMO SE SIENTE - Remix",1,227520,TRUE,0.606,-8.871,0,0.0872,0.0946,0,0.119,0.304,92.988,4,9,"global_dance_urban",0.54
89275,"4pJUzyPGGBdV2yKlqYLNTN","Jhayco;Anuel AA","Frescura y Perreo","Ley Seca",0,263666,FALSE,0.843,-3.718,1,0.0913,0.127,0,0.114,0.56,105.016,4,9,"global_dance_urban",0.61
89276,"45sGF1ECh24oYcaSZ4jBxz","Jhayco;Anuel AA","Fiesta portatil","Ley Seca",1,263666,FALSE,0.843,-3.718,1,0.0913,0.127,0,0.114,0.56,105.016,4,9,"global_dance_urban",0.7
89292,"2Zlqc4m6Gv0tSsgDS87LJQ","Jhayco;Anuel AA","Feliz Cumpleaños con Perreo","Ley Seca",1,263666,FALSE,0.843,-3.718,1,0.0913,0.127,0,0.114,0.56,105.016,4,9,"global_dance_urban",0.62
89305,"3Eo7rOfvXRzGq68b9PVfZE","Wisin & Yandel","Esto No Se Le Dedica A Cualquiera","Estoy Enamorado",3,271720,FALSE,0.725,-6.032,1,0.0503,0.288,0,0.0851,0.431,100.92,4,9,"global_dance_urban",0.33
89306,"2jRLhJSvJQn0NqHshENHt1","Wisin & Yandel;Chris Brown;T-Pain","Del gusto de hermanos","Algo Me Gusta De Ti",0,274946,FALSE,0.769,-5.296,0,0.0325,0.00291,0,0.0598,0.237,127.949,4,9,"global_dance_urban",0.55
89332,"4d5Q6A9elIwjrcavkM2sNx","Sebastian Yatra","Queda poco para la PAES 2.0","Traicionera",0,230280,FALSE,0.675,-4.976,1,0.0485,0.138,0,0.105,0.63,91.006,4,9,"global_dance_urban",0.4
89336,"12xEvLcLawXJUs4ANGYdxZ","Wisin & Yandel;Franco ""El Gorilla"";Jayko","Halloween con perreito","Me Estas Tentando - Remix",0,264306,FALSE,0.897,-3.633,0,0.0484,0.117,4.72e-06,0.311,0.805,116.019,4,9,"global_dance_urban",0.54
89349,"1rbsgmmZ7M2aXkM6h0LK38","Sebastian Yatra;Mau y Ricky","Noche de Halloween Latino","Ya No Tiene Novio",3,198933,FALSE,0.832,-1.948,0,0.156,0.048,0,0.0705,0.783,182.193,4,9,"global_dance_urban",0.78
89353,"7Dt5Efq8VB3BhmBWpu95f1","Justin Quiles;Robin Schulz","All That Really Matters - Just Hits","AEIOU",3,161880,FALSE,0.856,-3.394,0,0.0813,0.0493,0,0.232,0.706,126.108,4,9,"global_dance_urban",0.38
89359,"2ff0sgVBZ1DYnfdXkW5tkS","Justin Quiles;Robin Schulz","From The Ashes - New Beats","AEIOU",0,161880,FALSE,0.856,-3.394,0,0.0813,0.0493,0,0.232,0.706,126.108,4,9,"global_dance_urban",0.6
89363,"3lQ2YjLGrwN9QDrYy8nkZw","Lenny Tavárez;Randy;De La Ghetto;Brray;Justin Quiles","Tropical Vibes","La pared 720",1,276104,TRUE,0.845,-4.705,1,0.12,0.176,0,0.239,0.749,171.938,4,9,"global_dance_urban",0.55
89370,"4KbdeNTyeWbN3IljXBtaBU","Don Omar;Zion & Lennox","Queda poco para la PAES 2.0","Te Quiero Pa´Mi",0,212026,FALSE,0.816,-3.99,1,0.0595,0.124,8.19e-05,0.197,0.624,89.005,4,9,"global_dance_urban",0.22
89371,"3LBowMzopgiQjD8UT5x2AV","Don Omar","Perreo Tenebroso Vol. 3","Salió El Sol",0,317280,FALSE,0.708,-5.915,0,0.0911,0.107,0.0114,0.044,0.965,109.976,4,9,"global_dance_urban",0.43
89375,"1z4WUEk8yk3KyYg8vXzorT","Wisin & Yandel","Perreo Tenebroso Vol. 1","Sexy Movimiento",0,211920,FALSE,0.858,-4.152,0,0.0373,0.405,2.95e-06,0.133,0.814,105,4,9,"global_dance_urban",0.64
89379,"0cZPaB4GUe0mfx1KXr6FBR","Don Omar","Perreo en Halloween","Guaya Guaya",4,194013,FALSE,0.872,-2.117,1,0.143,0.0067,0.000193,0.136,0.696,92.025,4,9,"global_dance_urban",0.69
89385,"7z1uUb32IxZvJ97Fk86igf","Wisin & Yandel","Última Misión Reggaeton","Pam Pam",2,227280,FALSE,0.69,-6.373,1,0.114,0.121,0,0.249,0.735,95.025,4,9,"global_dance_urban",0.59
89388,"70EAPHQagNqQz3Do73iMh6","Don Omar","Feliz Cumpleaños con Perreo","Salió El Sol",1,317280,FALSE,0.708,-5.915,0,0.0911,0.107,0.0114,0.044,0.965,109.976,4,9,"global_dance_urban",0.5
89399,"76CBhtLnY35sDxm3LBCTvn","Don Omar","Feliz Cumpleaños con Perreo","Dale Don Dale",1,212413,FALSE,0.818,-7.827,1,0.0824,0.0245,0.000319,0.0892,0.819,95.022,4,9,"global_dance_urban",0.62
89413,"5w9c2J52mkdntKOmRLeM2m","Daddy Yankee;Snow","Con Calma","Con Calma",79,193226,FALSE,0.86,-2.652,0,0.0593,0.11,1.94e-06,0.0574,0.656,93.989,4,9,"global_dance_urban",0.39
89430,"5K5PsYGecXpFRoSNYHvhll","Chris Jedi;Anuel AA;Chencho Corleone;Ñengo Flow","El perreo es el futuro","La Llevo Al Cielo",0,254920,TRUE,0.845,-3.809,0,0.135,0.105,1.14e-05,0.172,0.769,170.023,4,9,"global_dance_urban",0.58
89441,"5VVRRXsJ77a4jjGZCiIpAL","Chris Jedi;Anuel AA;Chencho Corleone;Ñengo Flow","Última Misión Reggaeton","La Llevo Al Cielo",0,254920,TRUE,0.845,-3.809,0,0.135,0.105,1.14e-05,0.172,0.769,170.023,4,9,"global_dance_urban",0.77
89446,"5XRwsXxExAn3FVewv4W9mn","Tony Dize;Ken-Y;Marioso","Perreo Tenebroso Vol. 3","Quizas - Remix",0,240200,FALSE,0.679,-4.913,1,0.0658,0.416,0,0.15,0.876,89.996,4,9,"global_dance_urban",0.53
89454,"0DHBe3RkyM9V4InBW7DZqS","Chris Jedi;J Balvin;Ozuna;Arcangel","En la nada","Ahora Dice",0,270493,FALSE,0.691,-5.414,1,0.158,0.255,0,0.129,0.427,143.982,4,9,"global_dance_urban",0.49
89491,"3pjW5482iWgJVqQOpu4AG9","Tony Dize","El Doctorado","El Doctorado",60,263187,FALSE,0.773,-6.283,1,0.0368,0.053,0,0.484,0.75,120.007,4,9,"global_dance_urban",0.36
89498,"2iNLQA0yVkF3aA1Y4vZ4Oc","Greeicy;Mariah Angeliq;Darell;Andrés Torres;Mauricio Renfigo","Halloween 2022 Perreo Vol. 4","Aguardiente - Remix",0,166666,FALSE,0.885,-3.533,1,0.105,0.0162,0.000543,0.338,0.881,160.04,4,9,"global_dance_urban",0.5
89519,"54KiU4M8K8reFSj5tcVxyH","Alejo;Feid;ROBI","Clásicos de ahora: Perreo","Pantysito",0,240413,TRUE,0.739,-5.395,0,0.0627,0.136,2.11e-06,0.162,0.631,97.993,4,9,"global_dance_urban",0.67
89523,"1FYGea2H0DzCWhcfikUlbQ","Guaynaa;Cauty","Halloween 2022 Perreo Vol. 1","Chicharrón",0,195866,FALSE,0.789,-4.305,0,0.454,0.447,9.66e-05,0.498,0.811,76.182,4,9,"global_dance_urban",0.43
89525,"1Y1TUKvMGwtEkJ0hMQFjuf","Alejo;Feid;ROBI","Frescura y Perreo","Pantysito",0,240413,TRUE,0.739,-5.395,0,0.0627,0.136,2.11e-06,0.162,0.631,97.993,4,9,"global_dance_urban",0.76
89530,"5fmzL3Ogapgp9lP1SDzhTu","Alejo;Feid;ROBI","Perreo en Halloween","Pantysito",4,240413,TRUE,0.739,-5.395,0,0.0627,0.136,2.11e-06,0.162,0.631,97.993,4,9,"global_dance_urban",0.55
89534,"5kwLY3eUcdPTaelGBrpydA","Guaynaa;Yandel","Hora del taco sin auto","Full Moon",1,185680,FALSE,0.833,-3.959,1,0.0693,0.0774,1.94e-06,0.111,0.622,84.007,4,9,"global_dance_urban",0.47
89536,"70HLW9Yr7lpDtP3Mp8ykSg","Guaynaa","Esto me suena a Farra","Rompe Rodillas",0,148680,FALSE,0.66,-8.054,0,0.0482,0.125,0,0.0316,0.945,91.971,4,9,"global_dance_urban",0.55
89557,"5b1je14Oz92lpIlIMLieWw","Farruko","Viaje","Viaje",71,303626,TRUE,0.799,-4.776,0,0.0347,0.0357,0.417,0.0643,0.658,122.018,4,9,"global_dance_urban",0.63
89565,"07oas8KpAMIkwuetf81Zen","Ozuna;Chencho Corleone;Arcangel;J Balvin;Randy","OzuTochi","El Cel",63,287813,FALSE,0.799,-5.205,1,0.162,0.0796,0.00709,0.0928,0.945,165.908,4,9,"global_dance_urban",0.51
89569,"1zsPaEkglFvxjAhrM8yhpr","Ozuna;Feid","OzuTochi","Hey Mor",77,196600,FALSE,0.589,-6.713,0,0.289,0.00302,0.000237,0.0992,0.399,98.002,4,9,"global_dance_urban",0.58
89581,"3QAE1arPJAMVKt3NUqjikE","Juan Magán;Paulina Rubio;DCS","Queda poco para la PAES 2.0","Vuelve",0,213240,FALSE,0.677,-6.467,1,0.0383,0.628,0,0.0793,0.959,174.068,4,9,"global_dance_urban",0.68
89593,"7InaXrvag0nYTncPA1Iitl","Juan Magán;Belinda;Lapiz Conciente","Halloween 2022 Pop Vol. 4","Si No Te Quisiera",0,185480,FALSE,0.874,-2.514,0,0.0723,0.17,0,0.0669,0.788,128.02,4,9,"global_dance_urban",0.29
89599,"0PF7SVd93G602xdi8SVyEz","Lalo Ebratt;Sebastian Yatra;Yera;Trapical Minds","Fiesta Reggaeton 2010s","Déjate Querer",1,202823,FALSE,0.792,-4.238,1,0.0483,0.028,0,0.0754,0.842,106.015,4,9,"global_dance_urban",0.63
89624,"3wSXWge0hS6PQFuIs1bGDZ","Nacho;Ozuna","Queda poco para la PAES 2.0","Casualidad",0,184680,FALSE,0.855,-5.041,0,0.07,0.0453,0,0.147,0.867,101.067,4,9,"global_dance_urban",0.52
89625,"64YIeuGEqrP3Gop8in7JU0","Nacho;Manuel Turizo","Perreo Tenebroso Vol. 2","Déjalo",0,202893,FALSE,0.796,-5.733,1,0.073,0.199,0,0.0577,0.683,95.003,4,9,"global_dance_urban",0.64
89631,"7lmeLXvVcpj2QbqgHjwB4G","Ñejo & Dalmata","Perreo en Halloween","Hoy Me Atrevo",2,208800,FALSE,0.841,-6.671,0,0.138,0.156,3.68e-05,0.0501,0.831,97.996,4,9,"global_dance_urban",0.51
89642,"5ng8nlMTWoDyLL5LhiXDxp","Nacho;Los Mendoza","Para entrar en calor","Happy Happy",0,185360,FALSE,0.795,-5.208,0,0.162,0.499,0,0.164,0.897,96.051,4,9,"global_dance_urban",0.63
89646,"2dxdzWwLl3nP0SZImUK2A0","Ñejo & Dalmata","Reggeaton Imperdible","Pasarela",0,227466,FALSE,0.821,-6.143,1,0.0596,0.0985,5.84e-06,0.178,0.526,95.004,4,9,"global_dance_urban",0.49
89649,"1NAYDZe9CtZsQsd3qcmcly","Ñejo & Dalmata","Halloween con perreito","Hoy Me Atrevo",0,208800,FALSE,0.841,-6.671,0,0.138,0.156,3.68e-05,0.0501,0.831,97.996,4,9,"global_dance_urban",0.67
89656,"3cR5ZtQ4JqGj4VHBb1gvFf","CNCO;Meghan Trainor;Sean Paul","Hey DJ (Remix)","Hey DJ - Remix",60,189363,FALSE,0.89,-4.286,1,0.107,0.0918,0,0.0819,0.636,180.112,4,9,"global_dance_urban",0.47
89666,"0AoSsEotQdgFalXKUuwv3y","Gotay ""El Autentiko"";Ele A El Dominio","Perreo Tenebroso Vol. 4","Yo Me La Robé",0,221173,TRUE,0.554,-6.528,1,0.131,0.331,0.000153,0.21,0.265,99.967,4,9,"global_dance_urban",0.55
89668,"3rNe2VTczeYzTi6BT3dwKT","Don Omar","Guayar Pegao","Dile",51,206986,FALSE,0.744,-6.096,1,0.094,0.173,7.03e-05,0.0692,0.747,94.04,4,9,"global_dance_urban",0.65
89673,"35dSvZeoNxzvIQ6D5UC4Lo","Joey Montana","Queda poco para la PAES 2.0","La Melodía",0,219103,FALSE,0.835,-5.35,1,0.0284,0.226,2.94e-06,0.293,0.76,116.991,4,9,"global_dance_urban",0.7
89678,"3y8stkhKVX4cFf66yr9QCw","Adan La Amenaza;Nickoog Clk","Que Nadie Se Entere","Que Nadie Se Entere",50,197015,FALSE,0.744,-6.567,1,0.0546,0.0795,0,0.102,0.704,98.979,4,9,"global_dance_urban",0.61
89682,"08Uk9bJZ0XBAKNsv4Jsini","Jerry Di;Zion & Lennox;Lyanno;Noriel;Luis Alberto Ambrosio Cuque;Pablo C Fuentes;Wilmo Belisario","Fiesta Reggaeton 2010s","Verano En París - Remix",0,275000,FALSE,0.752,-3.975,1,0.384,0.235,0,0.189,0.455,192.037,4,9,"global_dance_urban",0.7
89684,"7qNS4GwQ8xn7twyWHIZk3C","Luny Tunes;Daddy Yankee;Don Omar;Wisin & Yandel","Halloween 2022 Perreo Vol. 5","Mayor Que Yo 3",1,304746,FALSE,0.964,-3.176,0,0.162,0.0985,0,0.291,0.535,91.976,4,9,"global_dance_urban",0.54
89696,"7epvz4k2v8qrzYansbnKAd","Joey Montana;Sebastian Yatra","Frescura y Perreo","Suena El Dembow",0,195760,FALSE,0.858,-4.431,1,0.0529,0.189,0,0.113,0.755,91.884,4,9,"global_dance_urban",0.6
89703,"6TsVhM8qIkWN5cJVDIVbbz","Wisin & Yandel;ROSALÍA","La Última Misión","Besos Moja2",83,229064,FALSE,0.727,-4.642,0,0.0571,0.0584,1.91e-06,0.0976,0.644,94.048,4,9,"global_dance_urban",0.32
89726,"5B60XFKzm8WsJTdVyt4u4I","Myke Towers","Luces De Neón","Luces De Neón",80,219789,TRUE,0.619,-6.009,1,0.0588,0.0865,2.03e-05,0.103,0.567,94.98,4,9,"global_dance_urban",0.49
89733,"6obKfbBp4fdgUMppwgg837","Dvice","Necesito de Ti","Necesito de Ti",45,193010,TRUE,0.814,-3.623,0,0.0889,0.0829,0,0.31,0.937,91.015,4,9,"global_dance_urban",0.55
89734,"7yx7dh8cyKtdDby6iRG8aJ","Natan & Shander;Feid;Ryan Castro;Totoy El Frio","Esto me suena a Farra","VIP Feat. Totoy El Frio",0,245026,FALSE,0.704,-4.068,0,0.218,0.0273,1.12e-05,0.0727,0.492,182.036,4,9,"global_dance_urban",0.47
89737,"1eNsBd4FoFc6hYmnoe0CVC","Kenia OS","En Vivo (Acústico)","Sirena (Versión Acústica)",46,242261,FALSE,0.477,-6.444,1,0.0346,0.75,0,0.063,0.455,133.593,4,9,"global_dance_urban",0.66
89740,"50zpoWMidTPVoCjBBNMfMP","Farina","Perreo Tenebroso Vol. 1","El Problema",0,206173,FALSE,0.651,-3.612,1,0.402,0.0542,0.131,0.0751,0.515,179.795,4,9,"global_dance_urban",0.4
89769,"0KkIkfsLEJbrcIhYsCL7L5","Anuel AA;Daddy Yankee;KAROL G;Ozuna;J Balvin","Emmanuel","China",70,301714,FALSE,0.808,-3.702,1,0.0881,0.0846,0.000289,0.0822,0.608,105.029,4,9,"global_dance_urban",0.72
89774,"4SuBaJVPJ0ttWJBoKwswWX","Dayme y El High;Cazzu;Aleman;Lito Kirino","Lo Tengo","Lo Tengo",43,243356,TRUE,0.488,-8.824,1,0.41,0.681,0,0.135,0.577,137.159,4,9,"global_dance_urban",0.66
89775,"6RyaV7owmVU6fzEPE17sF1","Daddy Yankee","Que Tire Pa Lante","Que Tire Pa Lante",69,210520,FALSE,0.901,-2.814,1,0.0357,0.0478,0,0.12,0.708,93.979,4,9,"global_dance_urban",0.63
89778,"2dl5K2ScW7jYhAhuem06cm","Daddy Yankee","PROBLEMA","PROBLEMA",68,184506,TRUE,0.8,-3.17,0,0.0987,0.0613,0.00403,0.0327,0.842,89.988,4,9,"global_dance_urban",0.5
89793,"3DTHLA4DaMpgHrK1fRP2bF","Jeloz","Ilusión","Por Ti",45,187640,FALSE,0.877,-4.875,1,0.0501,0.0674,0,0.0852,0.706,120.015,4,9,"global_dance_urban",0.66
89802,"66x45Yh9x397PWpxMX0ZDT","J Balvin;Dua Lipa;Bad Bunny;Tainy","JOSE","UN DIA (ONE DAY)",67,232146,FALSE,0.695,-8.244,0,0.0671,0.00638,0,0.174,0.402,168.124,4,9,"global_dance_urban",0.43
89808,"4ZVixZtN0pa9cXednIjrSI","Justin Quiles;Dalex;Konshens","Real","Real",45,227477,FALSE,0.827,-4.613,1,0.0702,0.0689,5.27e-06,0.0949,0.67,111.957,4,9,"global_dance_urban",0.59
89812,"2L95U6syP0bV3fkYYOzmiW","El Alfa;Chael Produciendo;CJ;El Cherry Scom","La Mamá de la Mamá","La Mamá de la Mamá",72,219000,TRUE,0.927,-3.025,1,0.105,0.283,0.00331,0.719,0.796,129.978,4,9,"global_dance_urban",0.58
89817,"6MJUCumnQsQEKbCy28tbCP","Daddy Yankee;Anuel AA","Adictiva","Adictiva",70,207853,FALSE,0.771,-3.206,0,0.0563,0.291,5.62e-05,0.172,0.701,99.038,4,9,"global_dance_urban",0.46
89839,"36T5ZSPKoAREX7q9olfhMp","Kevin Roldan","Bofff","Nadie Se Tiene Que Enterar",41,154186,FALSE,0.464,-7.622,1,0.375,0.0375,3.02e-06,0.111,0.948,82.973,4,9,"global_dance_urban",0.62
89841,"4r1iag8SixyX9KiRxWVswH","Simon la Letra;Dayser 23","Por Ti","Por Ti",43,258782,FALSE,0.853,-5.484,0,0.0293,0.104,0,0.0734,0.97,115.052,4,9,"global_dance_urban",0.62
89845,"3NIsZEsnGH8fquyngVuomV","El BAI;Marcianeke;King Savagge;Drakomafia;Victor La Voz","Sonando Flaite (Remix)","Sonando Flaite - Remix",42,410500,FALSE,0.828,-5.04,0,0.267,0.193,0,0.119,0.707,90.031,4,9,"global_dance_urban",0.71
89848,"3QxgqValu8ixOxyTIabqJG","Kevin Martes 13","Aqui Estamos Redy","Aqui Estamos Redy",42,162951,TRUE,0.84,-6.207,1,0.147,0.108,0,0.619,0.871,82.49,4,9,"global_dance_urban",0.75
89859,"6C1RD7YQVvt3YQj0CmuTeu","Bad Bunny;Ozuna;Farruko;Arcangel;Ñengo Flow;DJ Luian;Mambo Kingz","Diles","Diles",83,286040,TRUE,0.56,-5.904,0,0.0618,0.108,0,0.268,0.287,118.033,4,9,"global_dance_urban",0.51
89862,"4MUqlINdPK2nTROafnpB4Z","Nico Rengifo","Conmigo","Conmigo",43,197245,FALSE,0.692,-4.991,1,0.0405,0.135,0,0.17,0.57,95.039,4,9,"global_dance_urban",0.43
89866,"4HYDUMY0xSpeBr0AMY9cUz","Jay Wheeler;DJ Nelson;Myke Towers","Platonicos","La Curiosidad",80,219048,FALSE,0.677,-4.798,0,0.136,0.269,0.000917,0.108,0.68,90.013,4,9,"global_dance_urban",0.28
89867,"75sMhi81W5Tw2AGlOGATuy","Farruko;David Guetta","Pepas (David Guetta Remix)","Pepas - David Guetta Remix",56,264888,TRUE,0.752,-6.103,1,0.0522,0.00753,0.178,0.098,0.0465,126.983,4,9,"global_dance_urban",0.45
89906,"0nDGgXV5oI8TdAmWjUx65l","J Balvin;Ryan Castro","Nivel De Perreo","Nivel De Perreo",70,151573,TRUE,0.828,-3.601,1,0.0756,0.0217,0,0.0692,0.722,91.983,4,9,"global_dance_urban",0.68
89922,"4t9a07PAghtQMRAIP9FQ7Z","Lunay;Daddy Yankee;Bad Bunny","Épico","Soltera - Remix",75,266086,FALSE,0.783,-4.271,1,0.0432,0.361,0,0.437,0.799,92.01,4,9,"global_dance_urban",0.49
89925,"7Dk8r4VR5NoveUvTiCKEXC","Camilo","Pegao","Pegao",74,160733,FALSE,0.499,-4.733,0,0.0616,0.162,0,0.104,0.867,90.037,4,9,"global_dance_urban",0.63
89931,"30fs492ovSWQYydT1Ap2bM","Yaga & Mackie","Los Mackieavelikos 2055","No Seas Bobo",40,218706,FALSE,0.909,-5.847,0,0.141,0.0266,0.0195,0.162,0.738,180.023,4,9,"global_dance_urban",0.63
89953,"5RubKOuDoPn5Kj5TLVxSxY","Bad Bunny","EL ÚLTIMO TOUR DEL MUNDO","TE MUDASTE",81,130013,TRUE,0.637,-4.835,0,0.0591,0.234,0.000572,0.118,0.471,92.025,4,9,"global_dance_urban",0.47
89968,"5kqNIqFjijuzvVLhuY9B8j","Bad Bunny","YHLQMDLG","La Zona",79,136892,TRUE,0.801,-3.661,0,0.0409,0.2,7.04e-05,0.254,0.81,93.992,4,9,"global_dance_urban",0.52
90010,"5KyvxpYGgAUY55lDfnSROX","Chuck Berry","The Very Best Christmas Songs 2022","Run Rudolph Run",0,162897,FALSE,0.876,-5.662,1,0.185,0.881,3.59e-05,0.26,0.949,151.925,4,5,"singer_early_pop",0.49
90022,"5YtIkHosMnyhM3ZwcAnvtd","Chuck Berry","Best Christmas Playlist Ever 2022","Run Rudolph Run",0,162897,FALSE,0.876,-5.662,1,0.185,0.881,3.59e-05,0.26,0.949,151.925,4,5,"singer_early_pop",0.8
90049,"4KlkkmZpxUkBFnmbAOQ9RQ","Chuck Berry","(60's) Sixties Collected Volume 2","You Never Can Tell - 1986 Stereo Remix",0,165226,FALSE,0.682,-14.75,1,0.161,0.683,2.44e-05,0.274,0.889,157.189,4,5,"singer_early_pop",0.86
90050,"0D1pEisM3QkiacGXJe5dmd","Elvis Presley","Elvis 30 #1 Hits","(You're The) Devil in Disguise",67,140426,FALSE,0.733,-7.633,1,0.165,0.575,1.18e-05,0.108,0.874,122.909,4,5,"singer_early_pop",0.82
90052,"7eqNATKM78MkWP6aHGXHEV","Paul Anka","Sings His Favorites","Put Your Head on My Shoulder",64,155080,FALSE,0.433,-8.526,1,0.0327,0.906,0.0108,0.0774,0.486,116.068,3,5,"singer_early_pop",0.87
90075,"4S3Rq07dySyfkce2v2arfp","The Platters","60s Christmas Party","Jingle Bell Rock",0,108186,FALSE,0.711,-5.325,1,0.0333,0.651,0,0.657,0.904,69.688,4,5,"singer_early_pop",0.8
90090,"7AOlhO09yFC6WvbPSj2qv1","Frankie Valli & The Four Seasons","Holly Jolly Christmas","I Saw Mommy Kissing Santa Claus",0,136306,FALSE,0.56,-11.455,0,0.0523,0.595,0,0.182,0.88,118.895,3,5,"singer_early_pop",0.74
90126,"7zHQkpC5hy5VSPZwdz17ND","Los Apson","Loco - Vintage Rock en Español","Anoche Me Enamoré",42,142146,FALSE,0.634,-6.22,1,0.0689,0.832,0,0.145,0.678,134.64,4,5,"singer_early_pop",0.77
90132,"5Db8xWFjgozOIfpR043Ukn","Connie Francis","Christmas time but not Christmas songs 2022","Stupid Cupid",0,133613,FALSE,0.756,-5.747,1,0.0375,0.762,5.11e-05,0.0521,0.968,136.045,4,5,"singer_early_pop",0.84
90141,"33kvjc4Mwb8Bw4spshLlE9","Marco Antonio Muñiz;José José","El Príncipe de la Canción","Tiempo (with José José)",42,221520,FALSE,0.327,-10.236,1,0.0336,0.822,0,0.108,0.283,141.195,4,5,"singer_early_pop",0.49
90143,"076sWQZiNFZq605udzIw8N","Martha Reeves & The Vandellas","60s Christmas Party","(Love Is Like A) Heat Wave - Single Version",0,164560,FALSE,0.842,-2.897,0,0.0661,0.464,0.0487,0.472,0.799,166.499,4,5,"singer_early_pop",0.71
90154,"47gmoUrZV3w20JAnQOZMcO","Elvis Presley","Elvis Presley","Blue Suede Shoes",66,119200,FALSE,0.66,-7.706,1,0.056,0.654,1.66e-06,0.138,0.962,95.252,4,5,"singer_early_pop",0.74
90156,"1sM0yZDxUhPQhkDh2CLd6l","Ricky Nelson","Rick Is 21","Travelin' Man - Remastered",61,143200,FALSE,0.44,-10.536,1,0.0319,0.667,0,0.128,0.843,123.217,4,5,"singer_early_pop",0.59
90197,"6oSHUGPODHO48bLAyQGF1z","Los Baby's;Cristian Castro","Tributo a","Como un Duende (feat. Cristian Castro)",39,176306,FALSE,0.75,-4.156,1,0.0317,0.312,0,0.177,0.596,103.992,4,5,"singer_early_pop",0.77
90200,"3iSws76HjaU7k49EqJVTfF","The Archies","The Very Best Of ""The Archies""","Sugar, Sugar",65,167186,FALSE,0.871,-2.786,1,0.0278,0.466,0,0.108,0.967,122.395,4,5,"singer_early_pop",0.86
90223,"6PVBvmaAUXgvqoshDY4KkB","Estela Nuñez","Te Quiero Todo","Te Acuerdas?",38,218346,FALSE,0.347,-12.588,1,0.029,0.603,0,0.341,0.507,93.96,4,5,"singer_early_pop",0.85
90229,"6Qtsg8iui24fPWGQslfjZ0","The Ventures","Happy Haunted Halloween Tunes","The Twilight Zone",1,155933,FALSE,0.719,-11.323,0,0.0276,0.242,0.146,0.288,0.488,113.657,4,5,"singer_early_pop",0.75
90234,"1pWnxqaHgd6Ql3zhcVATWd","The Coasters","R'n'B Studying","Shoppin' for Clothes",0,178880,FALSE,0.229,-14.887,0,0.353,0.683,0,0.197,0.578,85.854,4,5,"singer_early_pop",0.62
90241,"5KnbTBKHh455Ip2FBhGNJt","La Tropa Loca","El Disco de Oro de la Tropa Loca","Una Vieja Canción de Amor",38,234960,FALSE,0.462,-9.259,1,0.0267,0.00807,1.19e-05,0.176,0.65,94.998,3,5,"singer_early_pop",0.68
90245,"2dIUXClkwYgcYL2m7BInXB","Los Gliders","Éxitos Del Rock","La Llorona Loca",38,138000,FALSE,0.614,-12.382,1,0.0516,0.785,0.000497,0.382,0.963,89.22,4,5,"singer_early_pop",0.75
90266,"123NMd4vQMKK5C1pSzpI9a","Johnny Laboriel","El Juego De Simón","Algo Tonto",36,157872,FALSE,0.329,-9.264,1,0.0397,0.589,0,0.077,0.676,207.31,4,5,"singer_early_pop",0.71
90279,"26aQy7fgeQuhJm619Z8lgq","Los Reno","Loco - Vintage Rock en Español","Y Es Por Ti",36,131760,FALSE,0.569,-7.267,1,0.0294,0.671,0,0.191,0.947,132.395,4,5,"singer_early_pop",0.81
90283,"4j1TNLRmDCTTNlpwhWQzS3","Los Apson","12 Grandes exitos Vol. 2","Sueña dulce nena - Dream Baby -",36,146480,FALSE,0.571,-6.484,1,0.0322,0.615,0,0.104,0.927,90.313,4,5,"singer_early_pop",0.7
90285,"6573np2fgNlf5hatUZTRUr","Los Teen Tops","La Gran Coleccion Del 60 Aniversario CBS - Los Teen Tops","El Rock de la Cárcel - Jailhouse Rock",37,132426,FALSE,0.776,-6.727,0,0.0381,0.412,0,0.0323,0.925,95.587,4,5,"singer_early_pop",0.77
90321,"0U4zXyEAEXVF0KBH1aa2wo","Alberto Vazquez","Cosas de Alberto Vázquez","Cosas",36,191373,FALSE,0.467,-12.231,1,0.0285,0.161,9.32e-06,0.147,0.944,178.145,4,5,"singer_early_pop",0.65
90346,"0uGTUhUrqGx9LYkkiLUXE4","Los Brios","Ayer y Hoy","Te Acordaras de Mí",36,228205,FALSE,0.564,-11.127,1,0.0332,0.0586,0,0.151,0.725,97.978,4,5,"singer_early_pop",0.68
90352,"1YPxUP9zcrvDQpX3ZCjKan","Elvis Presley","Elvis 30 #1 Hits (Expanded Edition)","Love Me Tender",56,162066,FALSE,0.0529,-16.253,1,0.039,0.879,0,0.106,0.315,112.101,3,5,"singer_early_pop",0.9
90355,"3lWuagNhAzcqOikD5KnBku","The Everly Brothers","The Golden Hits of The Everly Brothers","Crying in the Rain",58,120306,FALSE,0.379,-9.381,1,0.0278,0.622,0,0.144,0.48,97.166,4,5,"singer_early_pop",0.72
90356,"5Q7ayTarb9Tpmkik5cVMug","Elvis Presley","Elvis' Gold Records, Vol. 4","Viva Las Vegas",64,144840,FALSE,0.567,-11.297,1,0.0445,0.819,0,0.344,0.861,144.034,4,5,"singer_early_pop",0.83
90358,"0u5sJJNGHZUvckdMe96TkA","Cliff Richard & The Drifters","Cliff: Cliff Sings","Move It - Live; 1998 Remaster",33,138133,FALSE,0.92,-6.139,0,0.109,0.0373,0.0813,0.926,0.661,96.828,4,5,"singer_early_pop",0.62
90361,"3gHDVQatKa5upJZT1zYPIc","Carlos Lico","Vete de Aquí","Vete De Aquí",35,224049,FALSE,0.419,-8.717,1,0.0327,0.772,0,0.529,0.66,78.086,4,5,"singer_early_pop",0.75
90364,"0rMBAlhS6GMaeOauCk1aeP","Nelson Ned;Tropkillaz;Hot;Oreia","Crianças Selvagens","Domingo",35,213866,FALSE,0.786,-5.02,0,0.306,0.458,0.00246,0.212,0.642,180.115,4,5,"singer_early_pop",0.95
90376,"12UVKpqsgfCcMlrAjyQVpY","Virginia Lopez;Fernando Fernandez;Lupita Palomera","Vereda Tropical","Vereda Tropical",34,225426,FALSE,0.368,-13.225,1,0.0266,0.204,1.27e-05,0.139,0.81,107.559,4,5,"singer_early_pop",0.94
90402,"4xUqqie4bBKufHtlMuZS3k","Elvis Presley","Platinum - A Life In Music","Are You Lonesome Tonight?",56,186666,FALSE,0.0748,-19.351,1,0.049,0.92,0.00104,0.105,0.193,73.093,3,5,"singer_early_pop",0.57
90413,"4rH42B3pxT584eVEGLOM9Y","Angelica Maria","Amame","Dile Adiós",33,125712,FALSE,0.462,-6.221,1,0.0269,0.612,0,0.118,0.653,130.226,4,5,"singer_early_pop",0.87
90423,"0ygvZpFhwpSoQl8mw5d4jg","Gene Vincent & His Blue Caps","Dance To The Bop","Say Mama",33,131960,FALSE,0.84,-9.832,1,0.0401,0.398,0,0.349,0.964,156.167,4,5,"singer_early_pop",0.89
90432,"5S5L53t8PhVaGDy6ds9D9K","Virginia Lopez","Lo Mejor De Lo Mejor De Virginia Lopez","Cariñito Azucarado",34,154960,FALSE,0.831,-7.647,1,0.0605,0.759,0,0.415,0.884,133.016,4,5,"singer_early_pop",0.91
90444,"5d1w5v23uRreAJNW5Kz6rL","Los Tukas","20 Doradas Y Adoradas Originales","Pero Esta Vez Llore",33,158014,FALSE,0.691,-4.825,1,0.0507,0.321,0,0.639,0.575,124.632,4,5,"singer_early_pop",0.69
90448,"1ns6LHnGOIh2TiO1hZWzko","Los Solitarios","Antología. . . Los Solitarios","Vivir para Llorar",33,164720,FALSE,0.331,-13.683,0,0.0311,0.678,0.322,0.385,0.402,90.826,4,5,"singer_early_pop",0.79
90452,"6NDg4EyQE5lalcCEEpytsM","Buddy Holly","Giant","(Ummmm, Oh Yeah) Dearest",56,113066,FALSE,0.493,-11.052,1,0.0282,0.577,0.0195,0.13,0.568,115.24,4,5,"singer_early_pop",0.86
90453,"1t2zYsS4UgIkkuBgSe0fZt","Bobby Vee","Bobby Vee","More Than I Can Say",49,149973,FALSE,0.295,-10.379,1,0.0294,0.792,0,0.109,0.603,101.171,4,5,"singer_early_pop",0.48
90462,"5I9HPhYD4FqcJHEYEehxK5","Los Pasteles Verdes","Historia: Discografía Completa","Es de Noche y Es Mejor",34,209000,FALSE,0.607,-5.737,1,0.0527,0.211,0.0192,0.322,0.336,178.254,4,5,"singer_early_pop",0.61
90466,"6feurIHW6vyqq9OGOieSVo","Frankie Avalon","The EP Collection","Venus",33,142200,FALSE,0.547,-9.11,1,0.0283,0.669,2.01e-05,0.0849,0.714,115.146,4,5,"singer_early_pop",0.67
90475,"0bCytBmznSsL8EguzVf2iJ","Jorge Muñiz","Azulejos 2","Ódiame / Fina Estampa",33,273240,FALSE,0.485,-9.326,1,0.0434,0.652,1.47e-05,0.662,0.536,143.332,3,5,"singer_early_pop",0.63
90478,"701BbS8jilekmOD2aL6NcW","Los Solitarios","Tres en uno (Los Freddy's, Los Baby's y Los Solitarios)","Lo que te queda",33,145360,FALSE,0.382,-10.76,0,0.0271,0.182,0,0.364,0.539,89.963,3,5,"singer_early_pop",0.9
90492,"3SgXIF6yUqZQt3bOvrXMIE","Los Strwck","El Disco De Oro","Pobre Reyna",33,176840,FALSE,0.402,-13.005,1,0.0298,0.838,0.00786,0.122,0.783,96.015,4,5,"singer_early_pop",0.71
90504,"3MpGQae6zAFd7Z1FdLV9fV","The Platters","The Flying Platters Around The World","Twilight Time - Single Version",60,168293,FALSE,0.361,-12.562,1,0.0473,0.747,0,0.238,0.285,115.854,3,5,"singer_early_pop",0.76
90518,"2kzTXBnCJKId7MUljMICuf","Los Baby's","Antología...Los Baby's","Amor traicionero",32,182853,FALSE,0.396,-7.155,1,0.0324,0.609,1.38e-06,0.144,0.578,78.153,4,5,"singer_early_pop",0.71
90524,"7E5W3lXHHWBTEWJLTVOtqJ","Los Baby's","20 Éxitos de Oro","Como un Duende",32,170960,FALSE,0.51,-10.313,1,0.061,0.376,0.257,0.443,0.59,208.578,4,5,"singer_early_pop",0.74
90527,"2zGV8MKVGeTwfG3TF0OIWt","Los Chicanos","Los Chicanos","Puente de Piedra",31,221493,FALSE,0.373,-10.22,1,0.0289,0.795,0,0.0901,0.373,95.753,4,5,"singer_early_pop",0.41
90528,"1bK0ReDd5OXyul71Nl1d9o","Johnny Kidd & The Pirates","Very Best Of Johnny Kidd & The Pirates","Shakin' All Over",32,141000,FALSE,0.626,-8.408,1,0.036,0.188,1.03e-05,0.327,0.715,125.237,4,5,"singer_early_pop",0.79
90536,"4qqWBHZFTxdUYO5BuWBsXr","Los Apson","12 Grandes exitos Vol. 1","Por eso estamos como estamos",32,148826,FALSE,0.858,-6.311,1,0.0849,0.831,0,0.249,0.792,96.893,4,5,"singer_early_pop",0.77
90545,"1i3TNrkFQvNbLkIJaoPGr2","Acerina Y Su Danzonera","Mis Danzones Favoritos","Teléfono a Larga Distancia",32,189178,FALSE,0.436,-13.986,0,0.0491,0.441,0.33,0.296,0.948,140.287,3,5,"singer_early_pop",0.88
90557,"0gaZi6J3Pk7FG7GNMHsK5o","Elvis Presley","That's the Way It Is","Bridge Over Troubled Water",59,275333,FALSE,0.236,-14.48,1,0.0278,0.86,0.00182,0.713,0.196,82.833,4,5,"singer_early_pop",0.66
90566,"7b94Oh1p69ue3mCdXsngrh","Mayte Gaos","Mayté...","El Gran Tomás (Norman)",31,132680,FALSE,0.195,-19.525,1,0.041,0.781,2.45e-05,0.149,0.943,132.025,4,5,"singer_early_pop",0.73
90571,"4y5kRVDLaQcuOJjVhs7AJf","Johnny Laboriel;Johnny Laboriel / Los Rebeldes Del Rock","Historia Musical de Mis Exitos","Rock del Angelito",31,121858,FALSE,0.575,-9.366,1,0.0547,0.894,0,0.39,0.907,97.235,4,5,"singer_early_pop",0.51
90578,"304igPMgB1RwzlL8XapR0p","Los Freddy's","15 Grandes Favoritas","Estoy Llorando",31,179906,FALSE,0.422,-12.986,1,0.0316,0.562,0,0.105,0.749,111.22,4,5,"singer_early_pop",0.67
90579,"6hPuaKg3GXLHpbygnH3pAs","Sonia Rivas;YOSHIO","La Gran Coleccion Del 60 Aniversario CBS - Yoshio","El Reencuentro",31,227106,FALSE,0.462,-9.897,1,0.036,0.352,0.0118,0.149,0.537,150.187,4,5,"singer_early_pop",0.62
90589,"7liYWrLR1Oyi2E5RXDXjwI","Los Pasteles Verdes","Historia: Discografía Completa","El Presidiario",32,188953,FALSE,0.618,-8.728,1,0.0367,0.0408,0.000107,0.518,0.557,88.635,4,5,"singer_early_pop",0.61
90592,"1hMy8yd3rbAwOING2JQLP1","Enrique Guzman;Los Teen Tops","El Rock de los 60s","Tutty Frutty",31,118439,FALSE,0.471,-12.895,1,0.0298,0.878,0.501,0.109,0.936,91.63,4,5,"singer_early_pop",0.54
90626,"5LIFunKJqv24wF9nQyo1So","Nelson Ned;Luiz De Carvalho","Jesus É Vida","Em Fervente Oração",32,229013,FALSE,0.449,-6.273,1,0.0296,0.668,4.52e-05,0.179,0.234,90.484,3,5,"singer_early_pop",0.7
90643,"5vEkDdJAhgaw5DLxLnT9QM","Los Tukas","15 Exitos","Mananitas A La Madre",31,199333,FALSE,0.504,-10.15,1,0.0278,0.595,0,0.0989,0.611,98.641,4,5,"singer_early_pop",0.83
90656,"5usNPz6U1acDrkUYekGYDY","The Crystals","Wall of Sound: The Very Best of Phil Spector 1961-1966","Then He Kissed Me",55,158853,FALSE,0.682,-7.416,1,0.0373,0.681,3.33e-05,0.207,0.626,135.917,4,5,"singer_early_pop",0.82
90660,"6k5QsifpMWtY5ilnzBZ0u4","The Hollies","Confessions of the Mind (Expanded Edition)","He Ain't Heavy He's My Brother - 1998 Remaster",61,262266,FALSE,0.421,-7.769,1,0.0293,0.46,4.03e-05,0.163,0.216,75.928,4,5,"singer_early_pop",0.92
90667,"44IRk3JU9STse043Fkz9Nw","Elvis Presley","Elvis 2nd To None","Kentucky Rain",29,198200,FALSE,0.444,-8.914,1,0.0333,0.567,2.51e-06,0.107,0.546,105.868,4,5,"singer_early_pop",0.95
90674,"4CgPuVBwWT8ZGDaQi566St","Alberto Vazquez","Baladas","Necesito De Ti",31,197230,FALSE,0.615,-9.676,0,0.0366,0.187,3.04e-06,0.0758,0.534,144.582,4,5,"singer_early_pop",0.76
90681,"2m3CiuNfygDlbOZogliu9P","Jorge Muñiz","Serenata Vol. 2 Desvelo De Amor","Como Han Pasado Los Años",30,218050,FALSE,0.388,-7.027,1,0.0473,0.46,1.49e-06,0.262,0.566,179.752,4,5,"singer_early_pop",0.4
90699,"3TBpTpuJWV0xT38JxPEgKM","Angelica Maria","Tesoros De Colección - Los 5 Grandes del Rock","El Amor Es Triste - Love Is Blue",30,141000,FALSE,0.409,-11.928,1,0.0304,0.739,1.37e-05,0.37,0.612,115.957,4,5,"singer_early_pop",0.48
90703,"2PaRgKXIroJJ351nwLmIe0","Petula Clark","The Classic Collection","Downtown",20,185066,FALSE,0.54,-9.647,1,0.0389,0.718,0,0.163,0.559,118.359,4,5,"singer_early_pop",0.5
90704,"0PkBTqRtN25z3oKasWoKlj","Roy Orbison","Sings Lonely and Blue","Only the Lonely",61,145533,FALSE,0.529,-10.769,1,0.028,0.377,0.00509,0.203,0.934,123.273,4,5,"singer_early_pop",0.7
90709,"1z9GHAYy5cSzeh4rRnafSN","Sonia Rivas","20 Éxitos","Con Tu Misma Moneda",30,213466,FALSE,0.476,-10.393,1,0.0315,0.748,0,0.0915,0.528,98.065,4,5,"singer_early_pop",0.89
90723,"5ohwecZgSsvYj3rJOQrqlI","Mike Laure","Sabor Y Ritmo Con Mike Laure","A Tabasco",29,153321,FALSE,0.611,-8.877,0,0.0499,0.213,1.08e-05,0.0583,0.974,206.354,4,5,"singer_early_pop",0.43
90725,"2huvYgcL2c9ortiXWtHOIx","Owe Thörnqvist","14 x Owe Thörnqvist","Varm korv boogie",31,114786,FALSE,0.841,-4.1,1,0.0728,0.401,0,0.175,0.933,175.067,4,5,"singer_early_pop",0.7
90730,"7BkqcPCSAVYxP3J3PfzN2t","Marco Antonio Muñiz","Canta Ranchero","De Qué Manera Te Olvido",30,174236,FALSE,0.607,-8.558,1,0.0343,0.759,0.0248,0.661,0.496,98.981,4,5,"singer_early_pop",0.72
90731,"0z6HJqiMPXPO2zTmODCQ3v","Los Saylors","20 Baladas del Recuerdo, vol. 3","Golpe traidor",29,238293,FALSE,0.428,-6.669,1,0.0395,0.798,5.68e-05,0.101,0.914,106.916,4,5,"singer_early_pop",0.57
90732,"45lLiyP1kYkdlbIg5mHpAI","Johnny Dinamo","Los Grandes Éxitos Del Rock & Roll (En Español) Vol. 3","Cuando Apenas Era Un Jovencito",30,124104,FALSE,0.549,-8.031,1,0.0433,0.0998,0,0.0944,0.96,149.09,4,5,"singer_early_pop",0.56
90744,"211DD7Jn9yDiqquNS09Iwd","Grupo Yndio","20 Exitos","Linea Telefonica (Telephone Line)",30,267781,FALSE,0.504,-6.531,1,0.0308,0.111,0,0.0986,0.313,74.766,4,5,"singer_early_pop",0.71
90747,"3u8yV3BNmVKhh4epeyS7dG","Los Solitarios","Serie Diamante (USA)","Hay cosas inolvidables",30,169680,FALSE,0.51,-9.855,1,0.0327,0.711,4.16e-06,0.161,0.64,96.83,4,5,"singer_early_pop",0.75
90748,"7epXbE0HjHnDrPfbYpl3eq","Marco Antonio Muñiz","Lo Mejor De Lo Mejor De Marco Antonio Muniz","A Donde Quiera",30,233640,FALSE,0.507,-10.73,0,0.092,0.485,0.0011,0.108,0.408,168.382,4,5,"singer_early_pop",0.71
90749,"4fJLhUt5v9cR6x0AqTYRky","Estela Nuñez","Lo Esencial de Estela Nuñez","Volverás",30,231146,FALSE,0.342,-9.902,1,0.0339,0.795,0,0.173,0.342,80.873,3,5,"singer_early_pop",0.63
90755,"6vXZs9rEQF7Nd6O8Ue7NrT","Elvis Presley","Elvis' Golden Records, Vol. 3","Are You Lonesome Tonight",53,187026,FALSE,0.0922,-17.747,1,0.0515,0.918,0.000702,0.106,0.191,65.952,3,5,"singer_early_pop",0.83
90756,"39zODpVtRvghMyfNjZ3BVK","Elvis Presley","Elvis' Golden Records, Vol. 3","Stuck on You",54,139640,FALSE,0.513,-12.372,1,0.0421,0.758,8.64e-06,0.108,0.955,131.641,4,5,"singer_early_pop",0.74
90761,"01u6AEzGbGbQyYVdxajxqk","Elvis Presley","Elvis' Golden Records","Don't Be Cruel",58,122893,FALSE,0.55,-11.496,1,0.179,0.856,3.44e-05,0.0907,0.844,84.802,4,5,"singer_early_pop",0.59
90762,"44NCulyppVZYaNS9o1ZNNJ","Los Yorsy's","Managua Nicaragua","Qué Familia",29,150906,FALSE,0.559,-6.197,1,0.0472,0.71,0,0.602,0.964,125.233,4,5,"singer_early_pop",0.82
90767,"3eVm1ftWpDoMZWZAHDKGcn","Jorge Muñiz","Serenata","Popurrí ""Los Panchos""",29,298942,FALSE,0.521,-6.974,1,0.0353,0.629,4.82e-06,0.17,0.683,99.429,4,5,"singer_early_pop",0.61
90773,"324hWEJxNZ0ONeEzqlPRAj","Sonia Rivas","Sonia Rivas","El Reencuentro",30,210906,FALSE,0.416,-10.534,1,0.0314,0.667,4.46e-06,0.0969,0.258,76.252,4,5,"singer_early_pop",0.61
90778,"5cXcm5yJJGbqYCD17TyWxH","Los Strwck","15 Exitos","Un Sueño",29,195056,FALSE,0.418,-10.191,1,0.0393,0.621,0,0.113,0.272,81.999,1,5,"singer_early_pop",0.7
90790,"1QnB5gB9sUKYISe2MHluzU","Johnny Rivers","Changes","California Dreamin'",30,157666,FALSE,0.226,-13.16,1,0.0347,0.872,0,0.0835,0.463,125.23,4,5,"singer_early_pop",0.62
90812,"2yr2B0HXnbQhVSwx7JdeOC","Josue","Mis Primeros 20 Éxitos","Engaño",29,197933,FALSE,0.54,-5.484,1,0.0282,0.634,0.00126,0.0746,0.382,92.321,4,5,"singer_early_pop",0.8
90815,"34hg27mKsLglOhcFtCuuB1","Los Baby's","Antología...Los Baby's","Cariño",29,145200,FALSE,0.27,-10.746,1,0.0441,0.393,0,0.188,0.573,110.585,4,5,"singer_early_pop",0.49
90832,"4VFgikNc8JVEjp4vo2svQl","Los Hermanos Carrion","Hermanos Carrión, Vol 1","Un Viejo Amor",29,170135,FALSE,0.261,-19.102,1,0.0306,0.835,0.000613,0.0767,0.716,87.868,4,5,"singer_early_pop",0.8
90842,"6MDObv540osUeQ2u1qlfs7","Los Pasteles Verdes","Éxitos Eternos","Te Amo y No Soy Correspondido",30,199861,FALSE,0.635,-9.041,1,0.0607,0.159,6.27e-06,0.263,0.678,122.451,4,5,"singer_early_pop",0.73
90843,"3N35KfOEekTaN0uctl7gLt","Jan & Dean","Wiggle Wobble (50's & 60's Collection of Music)","Heart and Soul",0,129453,FALSE,0.68,-7.362,1,0.0313,0.501,0,0.212,0.913,125.069,4,5,"singer_early_pop",0.72
90849,"0Pn067BGQUueWIR7MDVDRO","Los Hooligans","La Gran Coleccion Del 60 Aniversario CBS - Los Hooligans","Hotel de los Corazones Rotos (Heartbreak Hotel)",29,102306,FALSE,0.69,-8.952,1,0.12,0.21,0,0.149,0.87,101.546,4,5,"singer_early_pop",0.72
90904,"603N4XGJUTbK760GLCvIIs","The Fleetwoods","Come Softly To Me: The Very Best Of The Fleetwoods","Come Softly To Me",56,144933,FALSE,0.095,-18.478,1,0.0374,0.93,0.000285,0.116,0.672,122.975,4,5,"singer_early_pop",0.72
90907,"4JOpSaBuf6yABFxuiN36XF","Los Ovnis","Los Grandes Éxitos De Los Ovnis","Agujetas De Color De Rosa",28,133100,FALSE,0.622,-8.231,0,0.187,0.125,0,0.118,0.846,153.594,4,5,"singer_early_pop",0.85
90910,"3QiAAp20rPC3dcAtKtMaqQ","Elvis Presley","Elvis' Christmas Album","Blue Christmas",59,129173,FALSE,0.27,-16.661,1,0.0425,0.9,0.00104,0.145,0.58,94.518,4,5,"singer_early_pop",0.68
90922,"41iti2jnVYqhlxWMcGsDa8","Bill Haley","Las Grandes Leyendas Del Rock, Vol. 1","Rock Around the Clock",55,132101,FALSE,0.511,-11.653,1,0.138,0.572,0.454,0.103,0.778,182.144,4,5,"singer_early_pop",0.65
90925,"0nzUmu4xYJSucNoDaxBVzz","Enrique Guzman","Grandes Canciones (Remastered)","Una Lagrima en la Mejilla - Remastered",29,166813,FALSE,0.399,-9.321,1,0.0322,0.774,0,0.106,0.811,101.579,4,5,"singer_early_pop",0.59
90931,"3QslWf6jjw6f0by37Zrupd","Frankie Avalon","Venus","Bobby Sox to Stockings",29,159948,FALSE,0.405,-12.973,0,0.031,0.781,0,0.263,0.617,117.758,4,5,"singer_early_pop",0.8
90932,"0yj88HgmOz88bj1e9bk7TX","Alberto Vazquez","Si Pudiera Detener el Tiempo","Al Modo Mío",29,247906,FALSE,0.428,-10.279,1,0.0258,0.056,1.54e-06,0.113,0.264,107.931,4,5,"singer_early_pop",0.59
90938,"4c1RN4umaw8fBeLGFSu7JL","Hep Stars","Svenska 60-tals Favoriter","I natt jag drömde något som",28,139453,FALSE,0.326,-10.721,1,0.0279,0.515,0,0.359,0.503,72.874,3,5,"singer_early_pop",0.51
90944,"1smbh1lcUXB7ZvlV9NlK3v","Angelica Maria;Mariachi Mexico","Angelica Maria Interpreta a Juan Gabriel y Otros Con el Mariachi Mexico","Me Gusta Estar Contigo",27,134826,FALSE,0.414,-10.834,1,0.0593,0.685,1.09e-06,0.0459,0.961,115.029,4,5,"singer_early_pop",0.55
90952,"6A28sLdLOf9vohN5LVl5KR","Elvis Presley","Platinum - A Life In Music","All Shook Up",58,117360,FALSE,0.468,-12.503,1,0.15,0.89,0.000134,0.177,0.946,74.832,4,5,"singer_early_pop",0.71
90960,"4fV0JX8psOmXACNG4Gd3JZ","Shakin' Stevens","The Bop Won't Stop","A Love Worth Waiting For",43,202013,FALSE,0.882,-4.304,1,0.0307,0.0424,2.03e-06,0.114,0.922,130.697,4,5,"singer_early_pop",0.73
90962,"4LP7DuiOJjC6fGwzIazMyr","Nelson Ned","Coleccion Suprema Plus- Nelson Ned","Todavía Duele",28,207200,FALSE,0.73,-5.994,1,0.0415,0.549,0,0.467,0.499,136.952,4,5,"singer_early_pop",0.8
90965,"0C13vJljh6hQUnDWbtf2UH","Josue","Mis Primeros 20 Éxitos","Piensa Morena",27,210720,FALSE,0.816,-3.523,1,0.0367,0.11,0,0.163,0.681,108.118,4,5,"singer_early_pop",0.76
90968,"2eRDnR3l9CVtbGMdX30kgH","Sergio Esquivel","Para Todos Mis Amores","Por Amarte Así",28,176206,FALSE,0.479,-8.874,1,0.0274,0.867,0.00336,0.129,0.56,80.201,4,5,"singer_early_pop",0.74
90981,"6yNmMB6Q1GysPt5TziGLhP","Enrique Guzman","15 Exitos De Enrique Guzman Vol. ll","Nunca Mi Amor",28,132293,FALSE,0.448,-10.903,1,0.0293,0.467,0.000223,0.115,0.548,104.302,4,5,"singer_early_pop",0.63
90984,"3uAq7iogI01PamnmOTYlFA","Los Solitarios","12 Grandes exitos Vol. 2","Siempre recuerdo - Take Time to Know Her",28,125813,FALSE,0.527,-7.253,1,0.0286,0.776,0,0.142,0.54,82.28,3,5,"singer_early_pop",0.65
91002,"2QjOHCTQ1Jl3zawyYOpxh6","The Neighbourhood","I Love You.","Sweater Weather",93,240400,FALSE,0.807,-2.81,1,0.0336,0.0495,0.0177,0.101,0.398,124.053,4,2,"indie_soul_rock",0.47
91004,"1rDjwexewf4hrdZT7SRNsH","Faridkot;Amar Jalal","Nasha (Equals Sessions) - Single","Nasha (Equals Sessions)",70,287573,FALSE,0.46,-7.516,1,0.0851,0.455,0.000141,0.061,0.788,124.007,4,2,"indie_soul_rock",0.46
91008,"6lanRgr6wXibZr8KgzXxBl","Christina Perri","A Thousand Years","A Thousand Years",81,285120,FALSE,0.407,-7.445,1,0.0267,0.309,0.000961,0.11,0.161,139.028,3,2,"indie_soul_rock",0.39
91009,"75FEaRjZTKLhTrFGsfMUXR","Kate Bush","Hounds Of Love","Running Up That Hill (A Deal With God)",90,298933,FALSE,0.547,-13.123,0,0.055,0.72,0.00314,0.0604,0.197,108.375,4,2,"indie_soul_rock",0.26
91013,"3Wrjm47oTz2sjIgck11l5e","Måneskin","Chosen","Beggin'",86,211560,FALSE,0.8,-4.808,0,0.0504,0.127,0,0.359,0.589,134.002,4,2,"indie_soul_rock",0.24
91014,"2tpWsVSb9UEmDRxAl1zhX1","OneRepublic","Native","Counting Stars",83,257266,FALSE,0.705,-4.972,0,0.0382,0.0654,0,0.118,0.477,122.016,4,2,"indie_soul_rock",0.35
91021,"1HKCK9ZJfzCLVzpWJ2Aj9G","Imagine Dragons","Arbeitsmusik Herbst/Winter 2022/2023","Bones",3,165264,FALSE,0.742,-3.678,0,0.046,0.0206,0,0.0754,0.571,114.071,4,2,"indie_soul_rock",0.27
91037,"4Qhrm7g3QItkvInW5zgvaV","Queen","80s Bangers Vol. 2","Scandal - Remastered 2011",3,282920,FALSE,0.805,-5.961,0,0.032,0.0383,0.00244,0.312,0.507,103.451,4,2,"indie_soul_rock",0.28
91040,"0e4tZcTc4B8kga4ayyEp5R","Imagine Dragons","Halloween Kids Party 2022","Demons",0,177506,FALSE,0.71,-3.015,1,0.0339,0.19,0.00025,0.269,0.419,89.929,4,2,"indie_soul_rock",0.53
91047,"1xX6PCb6ZDyanJQuJOvGj0","OneRepublic","The Very Best Christmas Songs 2022","Christmas Without You",0,197146,FALSE,0.677,-5.645,1,0.0528,0.447,0,0.205,0.365,207.478,3,2,"indie_soul_rock",0.26
91050,"6E6BCsQHXDAdXsrL7zV71N","The Yellow Diary;Shilpa Rao","Roz Roz","Roz Roz",63,218550,FALSE,0.446,-7.867,1,0.0351,0.546,4.52e-05,0.109,0.472,100.018,4,2,"indie_soul_rock",0.26
91061,"4Cp1G28atULvUeanW3vomY","OneRepublic","Arbeitsmusik Herbst/Winter 2022/2023","Sunshine",0,163854,FALSE,0.875,-4.621,1,0.034,0.137,0,0.28,0.774,140.069,4,2,"indie_soul_rock",0.42
91062,"0VKAfRlgmLswXi4WoDxW0F","OneRepublic","Frühstücksmusik Herbst/Winter 2022/2023","West Coast",0,192947,FALSE,0.699,-7.803,0,0.0349,0.317,0,0.0895,0.884,134.057,4,2,"indie_soul_rock",0.25
91065,"5UlnuulVAVmmesw4VzqHdG","Imagine Dragons;Arcane;League of Legends","Enemy (from the series Arcane League of Legends)","Enemy - From the series Arcane League of Legends",80,173381,FALSE,0.745,-4.164,1,0.256,0.247,0,0.419,0.52,77.029,4,2,"indie_soul_rock",0.37
91072,"3tjC9XdMwEF8KW82F6rV6f","OneRepublic","Frühstücksmusik Herbst/Winter 2022/2023","Run",0,169010,FALSE,0.72,-8.173,0,0.0381,0.326,0,0.148,0.673,117.003,4,2,"indie_soul_rock",0.29
91082,"0FBywYb06nuyLdn4gBlQLb","OneRepublic","Fiesta de disfraces vol. II","Counting Stars",0,256760,FALSE,0.741,-4.354,0,0.0388,0.072,0,0.166,0.454,122.013,4,2,"indie_soul_rock",0.32
91105,"2K7xn816oNHJZ0aVqdQsha","The Neighbourhood","Hard To Imagine The Neighbourhood Ever Changing","Softcore",86,206280,FALSE,0.568,-5.509,0,0.03,0.0484,0.000417,0.286,0.37,93.986,4,2,"indie_soul_rock",0.14
91113,"2FY7b99s15jUprqC0M5NCT","Imagine Dragons","Origins (Deluxe)","Natural",82,189466,FALSE,0.611,-6.112,1,0.0409,0.217,0,0.0812,0.22,100,4,2,"indie_soul_rock",0.51
91125,"0FtatFiR93fHKIdLxmv8ar","Panic! At The Disco","Alternative Rock Mixtape","Hey Look Ma, I Made It",2,169666,FALSE,0.834,-3.337,1,0.0689,0.0134,0,0.121,0.575,107.936,4,2,"indie_soul_rock",0.15
91126,"7pBZjE2CwQEASbtd6gnDQv","Twenty One Pilots","20's Rock","The Hype",0,265373,FALSE,0.816,-6.149,1,0.0503,0.0105,0.000613,0.379,0.371,87.019,4,2,"indie_soul_rock",0.35
91129,"49oArb5U9DsUXpPSjDPsob","Creedence Clearwater Revival","REGNIG DAG","Have You Ever Seen The Rain",1,159693,FALSE,0.662,-5.826,1,0.0284,0.141,1.16e-05,0.119,0.811,116.115,4,2,"indie_soul_rock",0.46
91139,"7hQf6Dc0Ld5xIAFGk0NfBk","Fleetwood Mac","Maintain Your Mojo","Go Your Own Way - 2018 Remaster",0,219026,FALSE,0.932,-6.397,1,0.0441,0.00528,0.0378,0.0835,0.657,136.029,4,2,"indie_soul_rock",0.22
91141,"0nNIpB8Rq3HTTE1ULbtFKs","Fleetwood Mac","80's","Everywhere - 2018 Remaster",0,223253,FALSE,0.465,-10.85,1,0.0325,0.253,0.0107,0.0927,0.682,114.957,4,2,"indie_soul_rock",0.48
91152,"1oew3nFNY3vMacJAsvry0S","Rixton","Let The Road","Me And My Broken Heart",79,193733,FALSE,0.783,-4.261,0,0.0345,0.00489,0,0.132,0.551,174.084,4,2,"indie_soul_rock",0.11
91154,"5r43qanLhUCdBj8HN3fa6B","OneRepublic","Sunshine","Sunshine",83,163854,FALSE,0.875,-4.621,1,0.034,0.137,0,0.28,0.774,140.069,4,2,"indie_soul_rock",0.58
91163,"29YWsfd2626bAHkiYp6ViE","Panic! At The Disco","Pop Brandneu","Don't Let the Light Go Out",0,229517,FALSE,0.59,-4.032,0,0.0313,0.00109,0.0023,0.271,0.179,117.637,4,2,"indie_soul_rock",0.38
91164,"1xOiqBrHxYTC0u3NKagA8b","Panic! At The Disco","I'm Blue - Hits of 2022","Don't Let the Light Go Out",1,229517,FALSE,0.59,-4.032,0,0.0313,0.00109,0.0023,0.271,0.179,117.637,4,2,"indie_soul_rock",0.45
91185,"2AjLI6h9DZrFw0XVtTYwdT","blink-182","Rock Workout 2023","All The Small Things",1,171066,FALSE,0.9,-5.032,1,0.0529,0.0109,0,0.395,0.609,148.62,4,2,"indie_soul_rock",0.3
91194,"6WISfiNXEcOMBFEQ5Gla1H","The Rolling Stones","(70's) Seventies Collected Volume 2","Fool To Cry - Remastered 2009",0,305920,FALSE,0.448,-7.397,1,0.043,0.9,0.0561,0.114,0.27,135.128,4,2,"indie_soul_rock",0.51
91199,"0llVmVvhhn5vS5OdiYhq8C","The Rolling Stones","Halloween Scary Party","Too Much Blood - Remastered",0,374240,FALSE,0.909,-5.887,0,0.051,0.0149,0.177,0.0571,0.479,116.433,4,2,"indie_soul_rock",0.12
91207,"7x7i3XBKSM4AoLoPymDuh9","Ghost","Pumpkin Patch Hits","Mary On A Cross",1,244804,FALSE,0.9,-4.505,1,0.0451,0.000187,0.000493,0.105,0.554,130.027,4,2,"indie_soul_rock",0.33
91208,"5CvERxbaeHHQA1OGJzeOzt","Ghost","Halloween Metal Nights","Mary On A Cross",2,244804,FALSE,0.9,-4.505,1,0.0451,0.000187,0.000493,0.105,0.554,130.027,4,2,"indie_soul_rock",0.41
91211,"0LxGFgMi5Bv6q3vJ0aCnRX","Ghost","Rock & Halloween","Mary On A Cross",5,244804,FALSE,0.9,-4.505,1,0.0451,0.000187,0.000493,0.105,0.554,130.027,4,2,"indie_soul_rock",0.39
91231,"4j00AaxZI0YKEs9vz3d4KE","Fall Out Boy","Alternative Christmas 2022","Yule Shoot Your Eye Out",0,221013,FALSE,0.522,-7.42,1,0.0311,0.696,0,0.609,0.718,107.979,4,2,"indie_soul_rock",0.26
91238,"66llZ6MdjJy5q2jWwgJpcW","The Rolling Stones","Helloween Party","Sympathy For The Devil",2,377746,FALSE,0.67,-10.958,1,0.257,0.582,0,0.0453,0.572,115.577,4,2,"indie_soul_rock",0.17
91244,"7GEQkaJPZmph6xtzXFNWxn","The Killers","Alternative Christmas 2022","Joy Ride - Night Version",0,436413,FALSE,0.935,-4.563,1,0.0445,0.00285,0.781,0.352,0.69,118.999,4,2,"indie_soul_rock",0.27
91253,"1rN9QoVxw5U7TJkyaUR8C1","TK from Ling tosite sigure","Fantastic Magic","unravel",73,238360,FALSE,0.889,-2.755,0,0.0862,0.0495,0,0.0984,0.332,135.014,4,2,"indie_soul_rock",0.45
91254,"72yP0DUlWPyH8P7IoxskwN","Elton John;Britney Spears","Hold Me Closer","Hold Me Closer",89,202245,FALSE,0.75,-4.602,1,0.0906,0.0746,0.000198,0.197,0.486,126.041,4,2,"indie_soul_rock",0.5
91255,"4gHnSNHs8RyVukKoWdS99f","Nirvana","Nevermind (Remastered)","Something In The Way",76,232146,FALSE,0.201,-13.044,1,0.0317,0.745,0.263,0.109,0.0668,105.218,4,2,"indie_soul_rock",0.43
91277,"5Exj7yGctXExjvg2FrVZh3","Bastille","Frühstücksmusik Herbst/Winter 2022/2023","Revolution",0,183406,FALSE,0.755,-4.703,0,0.206,0.0799,0,0.141,0.78,110.016,4,2,"indie_soul_rock",0.32
91278,"7kStyQM8nYnWTshbOzZGp2","Bastille","Helloween Party","Snakes",0,197957,FALSE,0.812,-4.724,1,0.0362,0.0576,0,0.135,0.486,137.976,4,2,"indie_soul_rock",0.4
91295,"1tsk7uFjknRB3crWOHdfZQ","Bon Jovi","Rock Workout 2023","Livin' On A Prayer",2,250626,FALSE,0.89,-3.335,1,0.0338,0.0678,0.000162,0.222,0.818,122.494,4,2,"indie_soul_rock",0.09
91314,"6Xqzr8QjhCqUglo6JOmg5S","Bee Gees;SG Lewis","Pop Fun and Christmas Music 2022","More Than A Woman - SG's Paradise Edit",0,357936,FALSE,0.762,-4.253,0,0.0316,0.00469,0.23,0.0446,0.511,105.407,4,2,"indie_soul_rock",0.38
91320,"2BHa53M6XzPMb3sBONBWG7","Bee Gees","Best Viral Tunes","More Than A Woman - From ""Saturday Night Fever"" Soundtrack",0,196213,FALSE,0.703,-6.24,1,0.0379,0.175,8.4e-05,0.571,0.673,106.164,4,2,"indie_soul_rock",0.33
91323,"4Ky2iE37SBYir2GVOsW69u","Bee Gees","Viral Şarkılar","More Than A Woman - From ""Saturday Night Fever"" Soundtrack",0,196213,FALSE,0.703,-6.24,1,0.0379,0.175,8.4e-05,0.571,0.673,106.164,4,2,"indie_soul_rock",0.4
91331,"4dxQJF9j2qXqZsJdW4Lg5y","Bryan Adams","Christmas Playlist 2022","Christmas Time",0,243057,FALSE,0.582,-4.324,1,0.0253,0.472,0,0.103,0.326,77.321,4,2,"indie_soul_rock",0.45
91332,"7gyzXunQxTRapIBtkIoG7K","Bryan Adams","Pop Christmas 2022","Christmas Time",0,243057,FALSE,0.582,-4.324,1,0.0253,0.472,0,0.103,0.326,77.321,4,2,"indie_soul_rock",0.53
91342,"4wJSJfK4TpN34ijo6gWTmZ","Bryan Adams","pov: you are walking in a winter wonderland","Christmas Time",0,243057,FALSE,0.582,-4.324,1,0.0253,0.472,0,0.103,0.326,77.321,4,2,"indie_soul_rock",0.29
91343,"4HdoM3ZRFpCqT0eKOZpUPO","Bryan Adams","Christmas Rock 2022","Christmas Time",0,243057,FALSE,0.582,-4.324,1,0.0253,0.472,0,0.103,0.326,77.321,4,2,"indie_soul_rock",0.51
91348,"34i7NHDEXFHbmbT8Zc9LRO","The Police","(70's) Seventies Collected Volume 2","Can't Stand Losing You - Remastered 2003",0,178426,FALSE,0.793,-5.305,0,0.29,0.0633,0.000815,0.0531,0.912,141.96,4,2,"indie_soul_rock",0.38
91350,"4RCWB3V8V0dignt99LZ8vH","Plain White T's","All That We Needed","Hey There Delilah",80,232533,FALSE,0.291,-10.572,1,0.0293,0.872,0,0.114,0.298,103.971,4,2,"indie_soul_rock",0.41
91354,"65gLJGey4u4KFFqoC5fzFJ","Kodaline","Politics of Living","Brother",77,203186,FALSE,0.625,-5.909,1,0.0482,0.349,0,0.121,0.21,120.103,4,2,"indie_soul_rock",0.31
91392,"6mopp3XBL0cu6odV7RhVWy","KISS","Halloween Metal Nights","Creatures Of The Night",1,242533,FALSE,0.983,-5.19,0,0.109,8.3e-05,0.0145,0.119,0.0693,121.397,4,2,"indie_soul_rock",0.29
91408,"5nKncxmtPde9s0y6ufIvZL","Juanes","Pop x siempre","Mis Planes Son Amarte",0,210520,FALSE,0.509,-9.382,1,0.127,0.69,2.64e-06,0.0855,0.425,90.168,4,2,"indie_soul_rock",0.3
91409,"6zXIHlO14bCskjwzMmo1qL","Juanes","noches de lluvia","Mis Planes Son Amarte",0,210520,FALSE,0.509,-9.382,1,0.127,0.69,2.64e-06,0.0855,0.425,90.168,4,2,"indie_soul_rock",0.44
91415,"6WwoaXSpEJ75vG1t674Cmm","Weezer","Fishing Music","Say It Ain't So",0,258825,FALSE,0.551,-7.136,1,0.0354,0.00743,1.82e-05,0.07,0.451,151.779,4,2,"indie_soul_rock",0.3
91420,"2q9STTSwMoEVLyvlNZyOdA","Weezer","Rock Brandneu","Records",0,208920,FALSE,0.773,-5.119,1,0.0244,0.000901,0,0.194,0.66,100.006,4,2,"indie_soul_rock",0.26
91421,"65mksf4l4ShgosppsGHoVR","Weezer","90's Music Grandi Successi","Buddy Holly",0,159226,FALSE,0.921,-4.606,1,0.0369,0.00264,0.000205,0.117,0.775,121.141,4,2,"indie_soul_rock",0.18
91424,"1cbCEtcGU25HvwMrZDPqJy","Juanes","Pop x siempre","Nada Valgo Sin Tu Amor",1,195093,FALSE,0.655,-4.277,1,0.026,0.155,0,0.265,0.364,153.866,4,2,"indie_soul_rock",0.26
91466,"1rjG7SQyLz8ih1PRKdhntE","YUNGBLUD","Best Alternative Pop Tunes","Life On Mars? - Live At A Bowie Celebration 2021",1,231207,FALSE,0.536,-7.915,1,0.0319,0.631,0.000102,0.145,0.256,116.826,4,2,"indie_soul_rock",0.26
91473,"5pFKe37vrYun2WzsRD5PeO","Keane","De ese gran pop de los 00's","Everybody's Changing",0,216000,FALSE,0.85,-3.534,1,0.0288,0.00142,0.000297,0.0984,0.437,94.018,4,2,"indie_soul_rock",0.11
91475,"0zAP6dNWTxFl774n6qjWNO","Alejandro Sanz","Halloween 2022 Pop Vol. 2","Pero Tú",0,282243,FALSE,0.559,-4.661,1,0.0351,0.714,0,0.116,0.404,136.073,4,2,"indie_soul_rock",0.26
91479,"4L6mJJhYx3PNhKhaXX4BCw","Lynyrd Skynyrd","Country Car Hits","Simple Life",1,197106,FALSE,0.891,-4.044,1,0.0351,0.0141,0.00323,0.0661,0.508,111.996,4,2,"indie_soul_rock",0.18
91489,"28kat5VccKACzCXiQe25FK","Alejandro Sanz;Camila Cabello","Dulce Balada","Mi Persona Favorita",0,239972,FALSE,0.659,-7.511,1,0.116,0.538,0,0.0656,0.577,155.945,4,2,"indie_soul_rock",0.31
91502,"2tznHmp70DxMyr2XhWLOW0","Cage The Elephant","Melophobia","Cigarette Daydreams",79,208760,FALSE,0.676,-3.442,1,0.0263,0.0807,0,0.0831,0.273,113.98,4,2,"indie_soul_rock",0.15
91513,"57bgtoPSgt236HzfBOd8kj","AC/DC","The Razors Edge","Thunderstruck",84,292880,FALSE,0.89,-5.175,1,0.0364,0.000147,0.0117,0.217,0.259,133.52,4,2,"indie_soul_rock",0.1
91524,"0puCOCSanni13tgXPVq192","The Cranberries","Los Clásicos del Pop 90s","Ode To My Family",1,270786,FALSE,0.517,-6.635,1,0.0243,0.0622,0,0.265,0.0777,93.862,4,2,"indie_soul_rock",0.18
91526,"1Gige3ZwDzFN55FSoim5Kv","The Beach Boys","On air 70's Hits","Good Vibrations - Remastered 2001",1,218733,FALSE,0.546,-5.548,1,0.0354,0.365,0.00012,0.125,0.353,132.985,4,2,"indie_soul_rock",0.32
91528,"58QhGA4ZDXdzAyKPh0TvVV","The Beach Boys","80's","Kokomo",0,216093,FALSE,0.759,-6.747,1,0.0286,0.0209,0,0.0902,0.929,115.586,4,2,"indie_soul_rock",0.08
91536,"33ChkGU26Kcs4M16oAJLTB","The Beach Boys","Christmas Classics","Frosty The Snowman - 1991 Remix",0,114551,FALSE,0.473,-7.924,1,0.0335,0.353,0,0.0234,0.937,181.752,4,2,"indie_soul_rock",0.49
91540,"0PSKFp3zoNmJzDsOHeLV6l","The Smashing Pumpkins","Alternative Christmas 2022","Christmastime",0,196723,FALSE,0.434,-8.163,1,0.0288,0.316,0.171,0.213,0.186,77.983,3,2,"indie_soul_rock",0.43
91557,"7kgnklf0HG5upgIo0N4SYa","The Beach Boys","Christmas Dinner 2022","Little Saint Nick - 1991 Remix",0,118840,FALSE,0.553,-9.336,1,0.0328,0.108,0,0.0512,0.971,130.594,4,2,"indie_soul_rock",0.11
91604,"7EZC6E7UjZe63f1jRmkWxt","The Cranberries","No Need To Argue (The Complete Sessions 1994-1995)","Zombie",82,306440,FALSE,0.649,-8.994,1,0.035,0.0158,0.00591,0.367,0.312,166.915,4,2,"indie_soul_rock",0.22
91632,"3waAhmiU3Qu840OiDDdq9U","Rod Stewart;Michael Bublé","Weihnachtslieder 2022","Winter Wonderland",0,143226,FALSE,0.491,-7.655,1,0.0361,0.71,0,0.144,0.4,117.916,4,2,"indie_soul_rock",0.12
91644,"4GPQDyw9hC1DiZVh0ouDVL","The Black Keys","OK Boomers - Top Tunes","Keep My Name Outta Your Mouth",0,189356,FALSE,0.702,-4.767,1,0.0445,0.0197,0.01,0.125,0.645,83.507,4,2,"indie_soul_rock",0.17
91650,"5Q6fh8OEhBYepJaORz9lxe","The Neighbourhood;Syd","Daddy Issues (Remix) feat. Syd","Daddy Issues (Remix) feat. Syd",75,181186,FALSE,0.533,-8.164,1,0.0653,0.245,0.00717,0.112,0.247,84.982,4,2,"indie_soul_rock",0.25
91654,"3A4FRzgve9BjfKbvVXRIFO","RADWIMPS","Your Name.","Sparkle - movie ver.",66,537653,FALSE,0.426,-8.421,1,0.0339,0.687,0.00784,0.109,0.287,123.993,4,2,"indie_soul_rock",0.51
91671,"0dzKBptH2P5j5a0MifBMwM","Jason Mraz","Feeling Good - Adult Pop Favorites","If It Kills Me",0,273653,FALSE,0.429,-6.784,0,0.0381,0.0444,0,0.132,0.52,143.793,4,2,"indie_soul_rock",0.22
91686,"6YEr9QWiDprJLOaQUVA4tg","Rod Stewart;Dave Koz","Christmas Songs 2022","Let It Snow! Let It Snow! Let It Snow!",1,169680,FALSE,0.4,-9.302,1,0.0284,0.835,0,0.178,0.49,106.998,4,2,"indie_soul_rock",0.2
91697,"4NwFkBUg8ZTGfqZCYsXSCn","Rod Stewart;Michael Bublé","Jingle Bell Rock 2022","Winter Wonderland",0,143226,FALSE,0.491,-7.655,1,0.0361,0.71,0,0.144,0.4,117.916,4,2,"indie_soul_rock",0.25
91702,"0sBJA2OCEECMs0HsdIQhvR","OneRepublic","West Coast","West Coast",76,192947,FALSE,0.699,-7.803,0,0.0349,0.317,0,0.0895,0.884,134.057,4,2,"indie_soul_rock",0.46
91706,"2oZsDq0pwp9yLgHGoI2Y5F","Wallows;Clairo","Low-Key Hits","Are You Bored Yet?",0,178000,FALSE,0.683,-6.444,0,0.0287,0.158,2.32e-05,0.273,0.64,120.027,4,2,"indie_soul_rock",0.27
91728,"5sICkBXVmaCQk5aISGR3x1","Metallica","Metallica","Enter Sandman",81,331266,FALSE,0.828,-8.691,0,0.0298,0.00213,0.0114,0.0581,0.604,123.257,4,2,"indie_soul_rock",0.16
91734,"2ziXC5o41KXiw3LoG8p82t","All Time Low","Tek It - New Noise","Blinding Lights",0,193151,FALSE,0.886,-2.501,1,0.0624,0.00248,7.48e-05,0.0743,0.61,171.016,4,2,"indie_soul_rock",0.5
91740,"3SCYKwSFwlSe5xEvVlcP1W","George Strait","Country Christmas Greatest Hits","Jingle Bell Rock",1,132493,FALSE,0.562,-6.041,0,0.0299,0.468,0,0.174,0.77,121.034,4,2,"indie_soul_rock",0.16
91741,"20uDfvpjbtEFz4AeC9O7AQ","Megadeth","Halloween Metal Nights","The Sick, The Dying… And The Dead!",2,304053,FALSE,0.976,-3.583,0,0.225,0.00266,0.135,0.0707,0.193,88.536,4,2,"indie_soul_rock",0.29
91759,"3nqqDo8CcCLke3ZoTgiOKf","The Script","The Script","The Man Who Can't Be Moved",75,241373,FALSE,0.629,-5.051,1,0.0279,0.437,0,0.097,0.308,99.894,4,2,"indie_soul_rock",0.21
91765,"4JiEyzf0Md7KEFFGWDDdCr","Guns N' Roses","Use Your Illusion II","Knockin' On Heaven's Door",79,336000,FALSE,0.739,-7.193,1,0.0415,0.0211,0.00444,0.106,0.378,132.41,4,2,"indie_soul_rock",0.22
91774,"12AJRjW79qbZktCDpMifs5","Andrés Calamaro;Alejandro Sanz","Pañuelos al viento","Flaca",0,226858,FALSE,0.48,-10.82,1,0.0263,0.718,0.00292,0.0768,0.758,105.029,4,2,"indie_soul_rock",0.49
91784,"27spr4gOJgvyiGia9WYeKV","Foreigner","Timeless Rock Hits","Hot Blooded",1,184906,FALSE,0.664,-8.036,1,0.0922,0.299,0,0.0772,0.729,118.33,4,2,"indie_soul_rock",0.22
91786,"0P9Kg7MUJ8ygcKSOPh1LfJ","Queens of the Stone Age","Halloween Party 2022","Burn The Witch",0,217213,FALSE,0.819,-4.394,1,0.0863,0.175,0.69,0.224,0.423,124.649,4,2,"indie_soul_rock",0.43
91800,"0VF7YLIxSQKyNiFL3X6MmN","The Neighbourhood","Chip Chrome & The Mono-Tones (Deluxe)","Stargazing",76,217026,FALSE,0.483,-7.798,1,0.0298,0.00304,0.0011,0.12,0.367,160.009,4,2,"indie_soul_rock",0.26
91801,"003vvx7Niy0yvhvHt4a68B","The Killers","Hot Fuss","Mr. Brightside",86,222973,FALSE,0.911,-5.23,1,0.0747,0.00121,0,0.0995,0.236,148.033,4,2,"indie_soul_rock",0.24
91808,"3Xfg7AegXaDLoD5GOUMf2e","STARSET","Transmissions (Deluxe Version)","My Demons",73,288036,FALSE,0.652,-6.196,0,0.0625,0.00768,6.42e-05,0.108,0.1,173.008,4,2,"indie_soul_rock",0.08
91822,"1WPQHQXez6OiPp080ZSPBD","The Goo Goo Dolls","Christmas Time","Christmas All Over Again",0,259798,FALSE,0.768,-7.484,1,0.0316,0.000357,0.0098,0.141,0.554,133.788,4,2,"indie_soul_rock",0.2
91841,"6uoc1lU3r0pkC7lHhpSgTT","Talking Heads","OK Boomers - Top Tunes","Psycho Killer - 2005 Remaster",1,261413,FALSE,0.521,-8.123,1,0.0613,0.0708,0.00545,0.127,0.942,123.118,4,2,"indie_soul_rock",0.41
91858,"6TEftSkmWdTm1EpThnwqh6","Imagine Dragons","Mercury - Acts 1 & 2","Wrecked",73,244004,FALSE,0.562,-5.828,0,0.0289,0.149,1.67e-05,0.109,0.229,93.998,4,2,"indie_soul_rock",0.48
91865,"3EnNe8UZH4I0ZvFg9X3MVO","Lenny Kravitz","90's Music Grandi Successi","It Ain't Over 'Til It's Over",0,242640,FALSE,0.752,-5.839,1,0.0487,0.251,0.00398,0.322,0.934,159.684,4,2,"indie_soul_rock",0.39
91866,"38h5gL20FSZ9jBuhHuSOBe","James Blunt","Merry Christmas","Wisemen",2,221773,TRUE,0.701,-5.969,1,0.0268,0.253,4.91e-05,0.165,0.633,151.894,4,2,"indie_soul_rock",0.28
91870,"7LgxwpEn6DbkW7M5EHNA9P","James Blunt","Human - Best Adult Pop Tunes","Bonfire Heart",0,238000,FALSE,0.821,-5.699,1,0.0533,0.184,0,0.124,0.473,118.025,4,2,"indie_soul_rock",0.61
91872,"2gAEgo5pCqgEEiaV1wwy9i","Chicago","OK Boomers - Top Tunes","Street Player",2,550706,FALSE,0.833,-5.162,0,0.0873,0.0376,0.268,0.0824,0.837,126.422,4,2,"indie_soul_rock",0.09
91879,"3Tcp4rL3dml7pck2RnWsPf","James Blunt","20's Rock","Love Under Pressure",0,165033,FALSE,0.754,-6.051,0,0.0348,0.00612,0,0.129,0.703,110.017,4,2,"indie_soul_rock",0.2
91884,"1lYHv3SEkE6wKfZRe0HMOG","Counting Crows","Christmas Songs 2022","A Long December",2,297293,FALSE,0.59,-5.941,1,0.0284,0.508,0.00548,0.272,0.393,141.649,4,2,"indie_soul_rock",0.39
91891,"5u4jJAAD6jd0Z741eT7XGP","Volbeat","Twisted Halloween Hits","The Devil's Bleeding Crown",0,238653,FALSE,0.909,-4.612,1,0.041,1.62e-05,0.139,0.0442,0.209,109.653,3,2,"indie_soul_rock",0.24
91893,"7IMnJ5f7mRoGTtf8TPAILw","Volbeat","Halloween Party 2022","The Devil's Bleeding Crown",0,238653,FALSE,0.909,-4.612,1,0.041,1.62e-05,0.139,0.0442,0.209,109.653,3,2,"indie_soul_rock",0.45
91899,"5llJJM8CQpZhfUBwrJzp4c","Blur","Alternative Rock Mixtape","The Universal",1,238520,FALSE,0.546,-8.33,1,0.0278,0.181,1.98e-06,0.0928,0.263,163.824,3,2,"indie_soul_rock",0.1
91904,"1EzrEOXmMH3G43AXT1y7pA","Jason Mraz","We Sing. We Dance. We Steal Things.","I'm Yours",80,242946,FALSE,0.444,-9.331,1,0.0417,0.559,0,0.0973,0.712,150.96,4,2,"indie_soul_rock",0.44
91909,"7A7FsIDnBMnz1PAnSOxUdh","Arctic Monkeys","I Ain't Quite Where I Think I Am","Body Paint",61,290584,FALSE,0.315,-11.651,0,0.0625,0.568,0,0.0774,0.256,143.327,4,2,"indie_soul_rock",0.27
91919,"5pxPzpupcMtfFNJvxMYBv3","Christina Perri","Perfect Christmas Hits","Merry Christmas Darling",0,200240,FALSE,0.291,-13.898,1,0.0274,0.714,0.000288,0.0963,0.168,75.945,4,2,"indie_soul_rock",0.24
91929,"6MVVLMg67DcdaoHKmAV3ME","David Bisbal","Retro Baladas","Dígale",0,265226,FALSE,0.472,-6.814,1,0.0299,0.583,0,0.146,0.305,129.945,4,2,"indie_soul_rock",0.36
91936,"3S1x2oj2T4CL8pnJON66qi","David Bisbal","Halloween 2022 Pop Vol. 2","Diez Mil Maneras",0,212028,FALSE,0.765,-6.036,1,0.0316,0.13,0,0.0831,0.744,153.984,4,2,"indie_soul_rock",0.12
91942,"0Ant6wBzTsOcH63OgzmaXU","Lionel Richie","Artsy & Colourful","Angel - Metro Mix Radio Edit",0,223040,FALSE,0.822,-10.059,1,0.0402,0.011,0,0.0938,0.581,127.971,4,2,"indie_soul_rock",0.39
91946,"5RTYEflSyR3t9mp6nX7bjf","Steely Dan","70s Christmas Party","Reelin' In The Years",0,275466,FALSE,0.758,-9.92,1,0.0363,0.115,0,0.109,0.706,135.349,4,2,"indie_soul_rock",0.22
91966,"2iv6WW9vINyoRV8UTemp0n","Owl City;Carly Rae Jepsen","Tutti in piscina Canzoni per bambini","Good Time",0,205647,FALSE,0.899,-3.757,1,0.15,0.0304,3.86e-06,0.424,0.625,126.054,4,2,"indie_soul_rock",0.34
91980,"1wKeFYYAR6aKsNIf6PrNxB","Sam Fender","Mega Hits Autumn/Fall 2022","Spit Of You",2,273026,FALSE,0.759,-5.933,0,0.0295,0.00135,0.00198,0.106,0.381,84.744,4,2,"indie_soul_rock",0.19
91989,"2Oe8rQW8EwvIO8DKTZNduS","Tom Petty and the Heartbreakers","OK Boomers - Top Tunes","The Last DJ",0,227986,FALSE,0.76,-3.94,0,0.029,0.0135,9.02e-06,0.407,0.496,131.767,4,2,"indie_soul_rock",0.12
92007,"3KJombE6eRPrdrhNJza7T8","Elvis Presley","Santa Claus Is Coming To Town","Blue Christmas",0,128080,FALSE,0.475,-7.552,1,0.0324,0.83,0.00411,0.124,0.596,94.494,4,3,"roots_rhythm_fusion",0.47
92039,"1GqAFWj0HSbX055zDc94Wj","Chuck Berry","Classic Christmas Greatest Hits","Run Rudolph Run",0,164160,FALSE,0.776,-8.314,0,0.114,0.83,1.1e-05,0.17,0.959,151.799,4,3,"roots_rhythm_fusion",0.55
92040,"64tk48BHD71SlomdRag8bm","Chuck Berry","Weihnachtssongs","Run Rudolph Run",0,162897,FALSE,0.876,-5.662,1,0.185,0.881,3.59e-05,0.26,0.949,151.925,4,3,"roots_rhythm_fusion",0.33
92050,"7zMUCLm1TN9o9JlLISztxO","Elvis Presley","Elvis (Fool)","Burning Love",74,170293,FALSE,0.748,-11.206,1,0.0284,0.0993,0.00585,0.283,0.972,143.549,4,3,"roots_rhythm_fusion",0.46
92054,"6Y7phwBL69tp128Fpwx2SS","Brenda Lee","Christmas Vibes But Not Christmas Songs","I'm Sorry",0,161546,FALSE,0.223,-12.362,1,0.0377,0.867,0.000972,0.13,0.314,204.193,3,3,"roots_rhythm_fusion",0.66
92058,"6gVbCnRpMkTMN8ipFMAzbT","Brenda Lee","Rockin' Around The Christmas Tree 2022","Rockin' Around The Christmas Tree",0,123453,FALSE,0.569,-5.956,0,0.0438,0.728,0,0.27,0.874,71.078,4,3,"roots_rhythm_fusion",0.6
92061,"2urRTL3v5O8BBr8HWSSPos","Brenda Lee","Christmas Playlist 2022","A Marshmallow World",0,152160,FALSE,0.406,-10.209,1,0.0306,0.444,0,0.304,0.895,121.097,4,3,"roots_rhythm_fusion",0.66
92064,"7GzSY3LxG4b3EUpzUlPjv2","Brenda Lee","Classic Christmas 2022","Rockin' Around The Christmas Tree",0,123453,FALSE,0.569,-5.956,0,0.0438,0.728,0,0.27,0.874,71.078,4,3,"roots_rhythm_fusion",0.7
92074,"2xxbCXaB21Yol8xd08NxZH","Brenda Lee","It's Christmas, Let's Dance","Rockin' Around The Christmas Tree",0,123453,FALSE,0.569,-5.956,0,0.0438,0.728,0,0.27,0.874,71.078,4,3,"roots_rhythm_fusion",0.49
92087,"3ESHDbkl1jpdrhrl5EKiEy","Brenda Lee","Home For Christmas 2022","Rockin' Around The Christmas Tree",0,123453,FALSE,0.569,-5.956,0,0.0438,0.728,0,0.27,0.874,71.078,4,3,"roots_rhythm_fusion",0.4
92092,"1mCIgYhMPorNlMCqr1RNEM","Brenda Lee","pov: you ride on santa's sleigh","A Marshmallow World",0,152160,FALSE,0.406,-10.209,1,0.0306,0.444,0,0.304,0.895,121.097,4,3,"roots_rhythm_fusion",0.24
92094,"2ajbBbeVds2WKva78gVUIQ","Brenda Lee","Holly Jolly Christmas","Rockin' Around the Christmas Tree - Re-Recorded Version",0,126146,FALSE,0.641,-8.904,1,0.0384,0.564,0,0.224,0.824,141.003,4,3,"roots_rhythm_fusion",0.59
92099,"00yPinAe1rsCCCtI1F43fp","Brenda Lee","Country Holiday","Rockin' Around the Christmas Tree - Re-Recorded Version",0,126146,FALSE,0.641,-8.904,1,0.0384,0.564,0,0.224,0.824,141.003,4,3,"roots_rhythm_fusion",0.62
92109,"4S3Rq07dySyfkce2v2arfp","The Platters","60s Christmas Party","Jingle Bell Rock",0,108186,FALSE,0.711,-5.325,1,0.0333,0.651,0,0.657,0.904,69.688,4,3,"roots_rhythm_fusion",0.74
92113,"7jkfwumh6cQYFsIsqPJ7ps","The Platters","A Very 60s Christmas","Winter Wonderland",0,133133,FALSE,0.463,-7.572,1,0.032,0.806,0,0.396,0.744,102.511,4,3,"roots_rhythm_fusion",0.54
92116,"4iFECwt9g4TzMpX304uqWy","The Drifters","R'n'B Studying","She Never Talked to Me That Way",0,153973,FALSE,0.384,-12.716,1,0.0426,0.679,0,0.116,0.791,146.387,4,3,"roots_rhythm_fusion",0.7
92121,"72rfsZ534KtakoeOPZnA9T","Brenda Lee","The Very Best Christmas Songs 2022","Rockin' Around The Christmas Tree",0,123453,FALSE,0.569,-5.956,0,0.0438,0.728,0,0.27,0.874,71.078,4,3,"roots_rhythm_fusion",0.73
92148,"1LNoZkLH5celMJhViMnRYM","Brenda Lee","pov: you have a holly jolly christmas","Blue Christmas",0,164240,FALSE,0.207,-11.064,1,0.0264,0.836,1.05e-06,0.127,0.247,90.02,4,3,"roots_rhythm_fusion",0.54
92151,"4hAUynwghvrqDXs1ejKNEq","Elvis Presley","Elvis 30 #1 Hits","Can't Help Falling In Love",65,177840,FALSE,0.325,-11.066,1,0.0268,0.893,5e-06,0.107,0.362,101.577,3,3,"roots_rhythm_fusion",0.39
92153,"3C6pSIVeBKIbSpCFtaw1r8","Elvis Presley","ELVIS (Original Motion Picture Soundtrack)","If I Can Dream",71,191840,FALSE,0.715,-7.744,1,0.0368,0.00708,2.79e-05,0.0987,0.282,93.914,3,3,"roots_rhythm_fusion",0.69
92156,"7xe3EQCvXnx6Q0zs41Y65n","Jerry Lee Lewis","The Essential Jerry Lee Lewis [The Sun Sessions]","Great Balls of Fire",57,111240,FALSE,0.627,-10.14,1,0.0662,0.55,0,0.43,0.909,79.567,4,3,"roots_rhythm_fusion",0.44
92159,"0LfJkvPNCNEMLpZJgDQiV1","Elvis Presley","The Essential Elvis Presley","The Wonder of You",64,153200,FALSE,0.691,-6.957,1,0.0286,0.286,0.00111,0.945,0.633,88.836,4,3,"roots_rhythm_fusion",0.61
92162,"2Q0vnDYHgq4M9Ax3pahjPz","Shakin' Stevens","Let's Boogie","Because I Love You",50,197826,FALSE,0.49,-7.262,1,0.0248,0.328,5.99e-05,0.14,0.422,102.048,4,3,"roots_rhythm_fusion",0.5
92173,"64VP3skE86iTvdOlbzuIcO","Jerry Lee Lewis","Jerry Lee's Greatest","Great Balls Of Fire",68,111535,FALSE,0.729,-7.227,0,0.0714,0.563,0,0.159,0.884,78.67,4,3,"roots_rhythm_fusion",0.42
92175,"0iujTWTgmqgrc6bXxVu9aC","BOØWY","BOφWY","BAD FEELING",41,268933,FALSE,0.966,-7.638,1,0.0617,0.000226,0.0529,0.0819,0.571,132.899,4,3,"roots_rhythm_fusion",0.62
92177,"7KWoeBqSdZHEloYKVxssfG","Elvis Presley","From Elvis in Memphis","In the Ghetto",69,167413,FALSE,0.266,-16.688,1,0.0334,0.716,0.133,0.107,0.491,88.916,4,3,"roots_rhythm_fusion",0.53
92180,"0OavtQSojULqejmC4Qbstr","Elvis Presley","Moody Blue","Unchained Melody - Live at Ann Arbor, MI",68,151906,FALSE,0.266,-13.703,1,0.0348,0.845,0.00174,0.795,0.163,79.079,3,3,"roots_rhythm_fusion",0.53
92181,"7dblNGnRXEBrVJunazs2U5","The Everly Brothers","The Very Best of The Everly Brothers","All I Have to Do Is Dream",67,143333,FALSE,0.462,-8.172,1,0.0266,0.839,0,0.129,0.534,96.195,4,3,"roots_rhythm_fusion",0.42
92187,"2rZ113Rwo5iwIA2orRpDKI","Eikichi Yazawa","LIVE DECADE 1990-1999 (50th Anniversary Remastered)","ファンキー・モンキー・ベイビー - Live at 横浜スタジアム'95 - Remastered 2022",40,144080,FALSE,0.961,-5.012,1,0.0639,0.0175,4.17e-05,0.945,0.773,136.193,4,3,"roots_rhythm_fusion",0.65
92189,"7CjXQ1FJXnvQcGXGgnjTpL","Tupelo Highshots","Lonesome Drifter","Lonesome Drifter",36,226375,FALSE,0.889,-3.678,1,0.0388,0.391,0.00111,0.41,0.648,101.025,4,3,"roots_rhythm_fusion",0.56
92217,"5ueyLj6e6oVaTY0KQ6yLaA","Elvis Presley","Elvis' Golden Records","All Shook Up",62,117080,FALSE,0.468,-12.162,1,0.132,0.881,6.35e-06,0.144,0.952,74.139,4,3,"roots_rhythm_fusion",0.51
92228,"1AapIlVhixpMUU8aDHDXPa","BOØWY","JUST A HERO","WELCOME TO THE TWILIGHT",36,360626,FALSE,0.784,-6.524,1,0.0284,0.0151,0.352,0.198,0.694,120.161,4,3,"roots_rhythm_fusion",0.44
92231,"5RBkxxZAYHU7R9GuzEZk1g","BOØWY","PSYCHOPATH","ANGEL PASSED CHILDREN",36,142000,FALSE,0.85,-4.658,1,0.0426,0.0116,0,0.681,0.965,199.824,4,3,"roots_rhythm_fusion",0.57
92247,"6573np2fgNlf5hatUZTRUr","Los Teen Tops","La Gran Coleccion Del 60 Aniversario CBS - Los Teen Tops","El Rock de la Cárcel - Jailhouse Rock",37,132426,FALSE,0.776,-6.727,0,0.0381,0.412,0,0.0323,0.925,95.587,4,3,"roots_rhythm_fusion",0.65
92251,"1GEGKdhnYoQYZ2cvbo5XPM","Elvis Presley","Elvis 30 #1 Hits (Expanded Edition)","(You're The) Devil in Disguise",60,140426,FALSE,0.733,-7.633,1,0.165,0.573,1.17e-05,0.108,0.874,122.903,4,3,"roots_rhythm_fusion",0.64
92259,"7ELG6GDOcEn1ely06rzRN7","BOØWY","BOφWY","唇にジェラシー",35,258680,FALSE,0.883,-6.847,1,0.0417,0.00483,0.00299,0.0355,0.798,142.198,4,3,"roots_rhythm_fusion",0.52
92262,"7Fs8f5A5gAv7owU5DwsboG","Eikichi Yazawa","LOTTA GOOD TIME (50th Anniversary Remastered)","風の中のおまえ - Remastered 2022",32,232280,FALSE,0.755,-7.638,1,0.0338,0.00444,4.8e-06,0.0964,0.724,153.02,4,3,"roots_rhythm_fusion",0.5
92265,"6SYPEs6RfcvpjuBYfJPaNy","BOØWY","PSYCHOPATH","GIGOLO & GIGOLET",34,143533,FALSE,0.886,-4.286,1,0.0322,0.02,0.000568,0.362,0.886,153.868,4,3,"roots_rhythm_fusion",0.5
92290,"06YFRJshz2Kz0hwyDu0v4T","John Wildcat;Dogge Doggelito","King of the Road (Eurodance remix)","King of the Road - Eurodance remix",33,219833,FALSE,0.856,-6.096,0,0.0665,0.0433,2.18e-05,0.0824,0.25,190.081,4,3,"roots_rhythm_fusion",0.43
92291,"27hF5Hpy2p6RZmJh9x1W4G","Los Teen Tops","La Gran Coleccion Del 60 Aniversario CBS - Los Teen Tops","Presumida (High Class Baby)",34,127306,FALSE,0.809,-6.945,1,0.067,0.419,0,0.105,0.891,90.884,4,3,"roots_rhythm_fusion",0.49
92309,"1Uxk2dxmATlKH5quLX2iFG","Elvis Presley","NBC-TV Special (Live)","If I Can Dream - Live from the '68 Comeback Special",65,200057,FALSE,0.62,-9.247,1,0.0432,0.0822,0.00393,0.599,0.391,93.932,3,3,"roots_rhythm_fusion",0.54
92310,"4j4Zt1hjZocWXCyrf4kKUW","Eikichi Yazawa","LIVE HISTORY 2000~2015 (50th Anniversary Remastered)","棕櫚の影に - Live at 日本武道館'03 - Remastered 2022",32,368386,FALSE,0.617,-12.154,1,0.0406,0.0219,0.000366,0.99,0.495,107.321,4,3,"roots_rhythm_fusion",0.54
92320,"2ohZvIuVR5CWwewvxXMmjZ","BOØWY","""GIGS"" CASE OF BOφWY COMPLETE (Live From ""Gigs"" Case Of Boowy / 1987)","LONDON GAME - FROM ""GIGS"" CASE OF BOOWY",33,204533,FALSE,0.986,-3.322,1,0.0661,0.0296,0.0556,0.701,0.238,95.274,4,3,"roots_rhythm_fusion",0.65
92326,"47M6eDZT5JVRxteXdYy1VB","BOØWY","""GIGS"" JUST A HERO TOUR 1986 NAKED (Live)","INSTANT LOVE - Live",33,240360,FALSE,0.994,-3.837,0,0.14,0.00864,0.207,0.989,0.173,106.906,4,3,"roots_rhythm_fusion",0.6
92331,"2hh6RGmBNTGB7fi62fYgUL","Johnny Tillotson","Johnny Tillotson's Best","Why Do I Love You So - 1960 #42 Billboard chart hit",51,127106,FALSE,0.257,-11.282,0,0.0315,0.892,3.35e-06,0.117,0.617,152.872,4,3,"roots_rhythm_fusion",0.51
92347,"5TfzQLpqWXar5tkXcuKOP2","John Lindberg Trio","Straight from the Heart","This Is What You Get",30,160143,FALSE,0.948,-4.804,1,0.0431,0.295,0.000995,0.131,0.398,81.478,4,3,"roots_rhythm_fusion",0.61
92354,"2TE4xW3ImvpltVU0cPcKUn","Shakin' Stevens","Merry Christmas Everyone","Merry Christmas Everyone",63,220160,FALSE,0.904,-3.315,1,0.0369,0.129,0,0.128,0.96,202.899,4,3,"roots_rhythm_fusion",0.54
92363,"4FrMb1ckGBrhARbHySQKx5","The Everly Brothers","The Very Best of The Everly Brothers","Devoted to You",55,141040,FALSE,0.34,-9.387,1,0.0256,0.834,0,0.0955,0.526,90.523,4,3,"roots_rhythm_fusion",0.59
92393,"4h9kDkkCpJWzgayjlPXktu","Toini & The Tomcats","Welcome to the Rock Garden (Vol. I)","It Hurts",30,152866,FALSE,0.849,-2.917,1,0.0455,0.0953,1.16e-05,0.198,0.926,113.682,4,3,"roots_rhythm_fusion",0.74
92403,"25IiJu0DjOqsnQXgNHWp5i","The Shirelles","Remember When","Will You Love Me Tomorrow",64,160864,FALSE,0.308,-11.809,1,0.0284,0.551,4.25e-05,0.0921,0.514,136.297,4,3,"roots_rhythm_fusion",0.68
92407,"5blcqgpsuKhm0WQwMsmywj","Elvis Presley","The Best of The '68 Comeback Special (Live)","Trouble / Guitar Man - Live from the '68 Comeback Special",58,206373,FALSE,0.828,-8.764,1,0.101,0.31,4.07e-05,0.667,0.743,116.141,4,3,"roots_rhythm_fusion",0.55
92425,"1puTLQ5v3ErYGIM8MwD1xs","The Baseballs","Hit Me Baby...","Believe",29,215320,FALSE,0.9,-3.037,1,0.0419,0.416,0.000176,0.294,0.898,80.052,4,3,"roots_rhythm_fusion",0.46
92433,"53SAk5gi3DHwjzfF4pjHHo","Toini & The Tomcats","Traction","Turtle Dove",29,122653,FALSE,0.929,-6.131,1,0.0421,0.297,0.0754,0.202,0.971,164.385,4,3,"roots_rhythm_fusion",0.59
92435,"6PdEIvNoIkbvkE56zqwDYq","Toini & The Tomcats","Traction","Ready to Go",29,133986,FALSE,0.901,-5.504,0,0.103,0.175,0,0.0408,0.695,201.41,4,3,"roots_rhythm_fusion",0.61
92436,"4eG3VjakbudZXlZtLMtSZU","Toini & The Tomcats","Traction","Sea Song",29,131160,FALSE,0.883,-5.96,1,0.0585,0.0122,2.04e-05,0.0556,0.784,159.547,4,3,"roots_rhythm_fusion",0.47
92456,"4eCOq0IQTW7uQhx0JAmAz1","Crazy Ken Band;Maki Nomiya","香港的士","T字路",28,204866,FALSE,0.83,-5.147,1,0.048,0.35,2.74e-06,0.648,0.607,114.997,4,3,"roots_rhythm_fusion",0.68
92473,"0G70aloSY9y0Ro0BUawzZA","Los Vaguens","Las Rosas","Las Rosas",28,191150,FALSE,0.735,-5.676,1,0.0322,0.114,0.0297,0.106,0.546,113.136,4,3,"roots_rhythm_fusion",0.66
92475,"1zEX8UTjxzNRvysKIHtyAj","Eduardo Araujo","Jovem Guarda Sem Limite","Rua Augusta",28,150200,FALSE,0.83,-7.918,1,0.032,0.174,0,0.338,0.961,174.279,4,3,"roots_rhythm_fusion",0.54
92490,"6oRHRkQigTzJ3KwpO3XOV6","The Everly Brothers","The Very Best of The Everly Brothers","Bye Bye Love",59,142906,FALSE,0.523,-9.176,1,0.0572,0.724,0,0.103,0.89,169.598,4,3,"roots_rhythm_fusion",0.67
92510,"3c4SjyAymkdkqlY0ebfJzK","BOØWY","MORAL","IMAGE DOWN",28,181845,FALSE,0.967,-4.186,1,0.0508,0.0934,0,0.107,0.796,92.6,4,3,"roots_rhythm_fusion",0.56
92513,"6xNwKNYZcvgV3XTIwsgNio","Elvis Presley","Elvis' Golden Records","Heartbreak Hotel",58,127560,FALSE,0.21,-11.922,1,0.067,0.84,1.62e-06,0.107,0.717,93.543,4,3,"roots_rhythm_fusion",0.51
92515,"6A28sLdLOf9vohN5LVl5KR","Elvis Presley","Platinum - A Life In Music","All Shook Up",58,117360,FALSE,0.468,-12.503,1,0.15,0.89,0.000134,0.177,0.946,74.832,4,3,"roots_rhythm_fusion",0.61
92530,"4vaVOrCyqWKDosCS3Qr3mr","Batmobile","Bail set at $6M","Shoot shoot",26,204600,FALSE,0.792,-10.694,0,0.0445,0.0062,0.000619,0.316,0.603,99.296,4,3,"roots_rhythm_fusion",0.51
92538,"09eZrv3r5HwUNoVhKEtBjn","Toini & The Tomcats","Going Wild","Living on a Lie",26,196453,FALSE,0.902,-5.141,1,0.0377,0.13,0.00035,0.13,0.774,113.448,4,3,"roots_rhythm_fusion",0.75
92545,"0zDGnnzRirZghHoaeqLinB","Toini & The Tomcats","Welcome to the Rock Garden (Vol. I)","Love Is All Around",26,139880,FALSE,0.703,-3.577,1,0.0335,0.332,0,0.121,0.646,121.572,4,3,"roots_rhythm_fusion",0.49
92549,"6qs3dE67YKcxBX89d1Y3tJ","John Lindberg Trio","Made For Rock N Roll","A Young Girls Heart",25,221306,FALSE,0.855,-6.069,0,0.0287,0.0331,0.00308,0.261,0.899,107.494,4,3,"roots_rhythm_fusion",0.64
92551,"1yLsZ8fuQJqk2cm1VDWTGb","Connie Francis","Gold","You're Gonna Miss Me",53,164413,FALSE,0.262,-9.49,1,0.0446,0.85,0,0.193,0.421,190.806,3,3,"roots_rhythm_fusion",0.32
92557,"72ZMVgIzYIBoIVc8gVieYQ","Eikichi Yazawa","永吉 (50th Anniversary Remastered)","GET UP - Remastered 2022",26,230600,FALSE,0.932,-6.428,1,0.0451,0.17,4.94e-06,0.11,0.721,122.079,4,3,"roots_rhythm_fusion",0.66
92563,"2Lf1k4m4ZSciPF3GLbXOkO","COOLS","GREAT SONGS of COOLS:村山一海 SELECTION ~Mr.ハーレー・ダビッドソン~","ミスター・ハーレー・ダビットソン",27,258453,FALSE,0.877,-3.76,1,0.0494,0.0129,0,0.202,0.705,173.292,4,3,"roots_rhythm_fusion",0.65
92568,"3CPwJFhSDB7xzyCU5NLAY3","Eikichi Yazawa","FLASH IN JAPAN (50th Anniversary Remastered)","TAKE IT TIME - Remastered 2022",26,260493,FALSE,0.828,-8.879,0,0.0512,0.0696,4.03e-06,0.0575,0.76,163.912,4,3,"roots_rhythm_fusion",0.44
92580,"6mRKpKiWCZlZjINeHwRcHa","The Baseballs","Hot Shots","Ghostbusters",26,211546,FALSE,0.913,-5.361,0,0.0459,0.32,3.03e-05,0.571,0.871,116.974,4,3,"roots_rhythm_fusion",0.51
92581,"1oodUql6aDnKoA6iRs1PfJ","João Gordo","Brutal Brega","Fuscão Preto",26,157013,FALSE,0.957,-7.133,0,0.0448,0.00484,4.56e-05,0.164,0.833,129.99,4,3,"roots_rhythm_fusion",0.56
92591,"4nDX8rpWNCMIfZjENIkXVx","Toini & The Tomcats","Traction","Crooked",26,155320,FALSE,0.96,-6.22,0,0.0938,0.0148,0.00275,0.375,0.609,101.293,4,3,"roots_rhythm_fusion",0.68
92598,"0Vy5Xw0ldSYuKHcTayt1bE","Los Teen Tops","Teen Tops","Muchacho Triste y Solitario (Lonely Blue Boy)",28,166546,FALSE,0.376,-15.845,1,0.0285,0.66,0,0.723,0.365,91.355,3,3,"roots_rhythm_fusion",0.57
92607,"0tPLecvcusN5pIphE1BQur","João Gordo;Marisa Orth","Brutal Brega","Não Se Vá",25,204000,FALSE,0.859,-6.023,1,0.0414,0.00581,0,0.452,0.699,135.027,4,3,"roots_rhythm_fusion",0.59
92614,"5UDan8x6RrtoXHpEexwzcx","BOØWY","PSYCHOPATH","FANTASTIC STORY",27,232560,FALSE,0.894,-5.675,1,0.0333,0.00347,0.00462,0.226,0.59,147.563,4,3,"roots_rhythm_fusion",0.67
92622,"22Z6ClJxSRovjPiswfCg3V","Elvis Presley","Fun in Acapulco","Bossa Nova Baby",55,122760,FALSE,0.736,-9.594,1,0.107,0.657,0,0.226,0.953,106.777,4,3,"roots_rhythm_fusion",0.3
92626,"7w9s71v9Q5ifH46apOqA07","Rockin' Ryan & The Real Goners","Cry of Midnight","Headstone Rock",24,113173,FALSE,0.979,-1.656,1,0.0892,0.616,0,0.0875,0.92,102.721,4,3,"roots_rhythm_fusion",0.66
92629,"4fV0JX8psOmXACNG4Gd3JZ","Shakin' Stevens","The Bop Won't Stop","A Love Worth Waiting For",43,202013,FALSE,0.882,-4.304,1,0.0307,0.0424,2.03e-06,0.114,0.922,130.697,4,3,"roots_rhythm_fusion",0.3
92660,"2tofXDrli8EbbsM7bZflXq","BOØWY","PSYCHOPATH","PSYCHOPATH",26,285093,FALSE,0.818,-5.783,1,0.0406,0.00787,0.014,0.0716,0.742,128.543,4,3,"roots_rhythm_fusion",0.45
92688,"1rsrri33ctr7nDU4Clf1qm","Bill Haley","La discothèque idéale / Nos années 60 !: Vol. 3 ""Les rockers"", Pt. 1","Rock Around the Clock",48,131080,FALSE,0.777,-11.284,0,0.226,0.48,2.88e-05,0.0587,0.874,182.016,4,3,"roots_rhythm_fusion",0.59
92690,"2QxTeHgiZ13bm9YmKb8QUk","Los Teen Tops","Serie De Colección 16 Autenticos Exitos","Popotitos - Remasterizado",26,174440,FALSE,0.625,-10.019,1,0.0322,0.776,0.000327,0.157,0.961,139.496,4,3,"roots_rhythm_fusion",0.49
92698,"5Mggz5o8l77QsLYvhfs0CZ","Johnny Kidd & The Pirates","Thanksgiving Party","Shakin' All Over",0,141000,FALSE,0.626,-8.408,1,0.036,0.188,1.03e-05,0.327,0.715,125.206,4,3,"roots_rhythm_fusion",0.7
92702,"3UUwbJd2j4RORlalTUhaDk","The Ventures","Hawaii Five-O","Hawaii Five-O",51,113893,FALSE,0.782,-9.753,1,0.0631,0.265,0.654,0.0769,0.861,163.647,4,3,"roots_rhythm_fusion",0.48
92719,"3SQhmctWreNM0X6Zkm2K5R","Chuck Berry","Berry Is On Top","Maybellene",57,143240,FALSE,0.768,-10.701,1,0.112,0.735,0,0.182,0.783,118.208,4,3,"roots_rhythm_fusion",0.65
92731,"2LFLDDLXl5F6V153KitZmJ","The Baseballs","Hot Shots","Boys Don't Cry",23,147573,FALSE,0.906,-5.033,1,0.0558,0.233,0,0.245,0.821,95.878,4,3,"roots_rhythm_fusion",0.52
92732,"6PanmBWD5O01iVwBcwX4tl","Eva Eastwood","Lyckost","Han Är Kung",24,169443,FALSE,0.745,-6.002,1,0.033,0.486,0,0.307,0.961,142.952,4,3,"roots_rhythm_fusion",0.56
92737,"3U9Kkv90QElks0pzIgfAxw","Buddy Holly","Buddy Holly","Words Of Love",52,117213,FALSE,0.453,-10.118,1,0.0269,0.112,0.226,0.0539,0.615,129.402,4,3,"roots_rhythm_fusion",0.7
92739,"6WGwvrIjh6ZCO9r7nEBGuN","The Playtones","The King","The King",24,175506,FALSE,0.923,-4.219,1,0.0914,0.00271,0,0.281,0.544,104.049,4,3,"roots_rhythm_fusion",0.63
92746,"0lUJhP1D5ZNPGxVHxIyDSV","John Lindberg Trio","Dig It! (Bonus Track Version)","My Love Is for You",24,144200,FALSE,0.902,-2.937,0,0.0305,0.00296,0,0.511,0.943,137.077,4,3,"roots_rhythm_fusion",0.56
92758,"7cNRqg0lbiqBaGeOlA4AEU","The Drifters","Under the Boardwalk","Up on the Roof",59,157173,FALSE,0.29,-17.501,1,0.0334,0.706,1.49e-05,0.137,0.92,121.795,4,3,"roots_rhythm_fusion",0.7
92777,"3GQPjADwqNanOyF03j80jJ","The Reverend Horton Heat","Space Heater","Jimbo Song",24,141293,FALSE,0.937,-4.923,1,0.0579,9.36e-06,1.89e-06,0.513,0.789,149.993,4,3,"roots_rhythm_fusion",0.74
92783,"3mr4e4J7DuouvGP6DLCGyK","The Baseballs","Hit Me Baby...","Daylight in Your Eyes",23,178866,FALSE,0.99,-2.76,1,0.0635,0.0179,0,0.325,0.861,160.932,4,3,"roots_rhythm_fusion",0.45
92793,"5fIsWQulXw8FZ2tYavpW5V","Los Teen Tops","Los Grandes Años del Rock Vol. Ii","La Bamba",25,157112,FALSE,0.737,-6.189,1,0.0411,0.302,3.3e-06,0.143,0.945,160.04,4,3,"roots_rhythm_fusion",0.56
92802,"3gYV1w4NuNnTjTZU07Q3jq","THE MODS","BEAT ODYSSEY","崩れ落ちる前に",24,218666,FALSE,0.779,-11.283,1,0.0368,0.000274,4.97e-05,0.032,0.883,138.526,4,3,"roots_rhythm_fusion",0.49
92823,"4IulREhBqdT9VVjlAJkiVG","Eva Eastwood","Lyckost","Lyckost",24,150316,FALSE,0.909,-5.573,1,0.0598,0.715,1.44e-06,0.304,0.869,182.788,4,3,"roots_rhythm_fusion",0.64
92827,"2GULMtAJYtWViznfW7cER7","The Slapbacks","Roasted & Toasted","Blue Blue Day",22,196747,FALSE,0.908,-3.977,1,0.0804,0.243,4.63e-05,0.0918,0.92,119.581,4,3,"roots_rhythm_fusion",0.78
92843,"0jrdWPwYjUZvqfJcwE8ddh","The Drifters","The Good Life With the Drifters","Saturday Night at the Movies",57,153626,FALSE,0.545,-7.376,1,0.0502,0.648,0,0.121,0.935,135.241,4,3,"roots_rhythm_fusion",0.81
92851,"1llEDq837U8lS5BEeNT8fk","THE MODS","NEWS BEAT","ゴキゲンRADIO",23,165186,FALSE,0.805,-10.681,1,0.0417,0.0112,7.44e-05,0.356,0.766,102.684,4,3,"roots_rhythm_fusion",0.72
92868,"3mewJ611cPqPIk8EQDiA12","Don Gibson","The Essential Don Gibson","I Can't Stop Loving You",40,154440,FALSE,0.289,-11.768,1,0.0292,0.946,8.98e-05,0.246,0.505,83.428,4,3,"roots_rhythm_fusion",0.44
92871,"1ncodDZqf5JkRcBM01tQ1v","Eikichi Yazawa","P.M.9 (50th Anniversary Remastered)","NETTAIYA (熱帯夜) - Remastered 2022",23,305786,FALSE,0.592,-10.286,0,0.0296,0.0289,0.00853,0.0482,0.894,115.22,4,3,"roots_rhythm_fusion",0.23
92880,"7D8uCohbrhlIRNEcJcRM5R","Roy Orbison","The Monument Singles Collection","Sleepy Hollow",25,157600,FALSE,0.271,-11.448,1,0.0283,0.897,0.0035,0.0967,0.344,90.803,3,3,"roots_rhythm_fusion",0.75
92889,"0djMBF95vQs4f3yms93G0D","The Creepshow","Death at My Door","Tomorrow May Never Come",24,180886,FALSE,0.981,-2.664,0,0.0974,0.000237,0.000145,0.0698,0.618,112.058,4,3,"roots_rhythm_fusion",0.63
92891,"7LfvdUcwrrMKVh8WPGXnbA","Gerry & The Pacemakers","You'll Never Walk Alone (The EMI Years 1963-1966)","How Do You Do It? - Mono",26,114986,FALSE,0.711,-6.433,1,0.0297,0.36,1.59e-06,0.0841,0.963,142.266,4,3,"roots_rhythm_fusion",0.82
92895,"1U0IIhrMkhadvXOnSZ1tUT","Buddy Holly;Gregory Porter;Royal Philharmonic Orchestra","Still Rising - The Collection","Raining In My Heart",25,170386,FALSE,0.26,-12.978,1,0.0304,0.59,0.000112,0.073,0.579,105.687,4,3,"roots_rhythm_fusion",0.69
92909,"1vGfZYrNSxT72PdgToMubU","Elvis Presley","Elvis Is Back","Such a Night",54,178760,FALSE,0.766,-11.415,1,0.0862,0.747,0,0.222,0.906,171.755,4,3,"roots_rhythm_fusion",0.54
92926,"5YO6FmBuCpd5HJvT1GCYnc","Big Daddy & Rockin' Combo","Runaway","Runaway",23,166920,FALSE,0.799,-8.019,1,0.0375,0.0251,0.00292,0.125,0.715,75.003,4,3,"roots_rhythm_fusion",0.5
92929,"7jZwak3w1Sbwkb8aqusUwi","Duane Eddy","Twangin' The Golden Hits","Rebel Rouser",49,153933,FALSE,0.497,-10.092,1,0.0374,0.822,0.839,0.718,0.928,204.592,4,3,"roots_rhythm_fusion",0.61
92932,"1yFAmicXSTBlBMnHcRIWKO","Texabilly Rockets","Bop Potion No 5","Gotta Love You Baby",22,135400,FALSE,0.994,-1.518,1,0.0913,0.766,4.57e-05,0.252,0.598,100.082,4,3,"roots_rhythm_fusion",0.64
92944,"0vKdmlGUHZC4NMUXKNGnNz","TT Grace","Let Me in, Let´s Rock'n'roll","Let Me in, Let`s Rock`n Roll",22,193906,FALSE,0.879,-8.729,0,0.113,0.000107,0.000118,0.0621,0.587,102.584,4,3,"roots_rhythm_fusion",0.5
92957,"1aECQTfv5SO42lU4fvrdJJ","Elvis Presley","Elvis 30 #1 Hits (Expanded Edition)","Surrender",53,112226,FALSE,0.666,-8.193,1,0.0379,0.758,2.89e-05,0.275,0.894,82.61,4,3,"roots_rhythm_fusion",0.22
92988,"0uSd9wC6aZB4eZ6cTgF0SL","The Baseballs","Forever Young","Forever Young",22,182173,FALSE,0.805,-5.346,1,0.037,0.445,2.84e-05,0.323,0.934,82.401,4,3,"roots_rhythm_fusion",0.57
92995,"7o8bf9SHWmIAgTdexmgyj5","The Brian Setzer Orchestra","The Dirty Boogie","Since I Don't Have You",23,249266,FALSE,0.533,-6.25,1,0.032,0.105,0,0.0725,0.506,112.785,4,3,"roots_rhythm_fusion",0.37
94004,"27XMmSWSOXJ7eVb40tH93T","347aidan","TROUBLED MEMORIES!","MEMORIES!",76,137806,FALSE,0.381,-6.121,1,0.342,0.757,4.59e-06,0.121,0.31,154.973,4,8,"alt_electronic_pop",0.69
94019,"5bryfrnYaxlofC6MAG6vde","Snøw","Sunset/Sunrise","Sunset/Sunrise",63,87353,FALSE,0.24,-12.095,1,0.0458,0.903,0.000451,0.109,0.183,77.993,4,8,"alt_electronic_pop",0.56
94032,"3yZueO8TUXxGNettYqIRKw","SVMP;Zebatin;Fallen Oceans","where do we go when we fall in love","where do we go when we fall in love",56,101100,FALSE,0.364,-11.111,1,0.0286,0.812,8.94e-06,0.268,0.233,137.911,4,8,"alt_electronic_pop",0.71
94063,"7cUPrTfP6VNOK22pZNEwbq","KAYDEN","But You Love It","But You Love It",49,188031,FALSE,0.437,-6.165,1,0.0381,0.796,6.34e-06,0.397,0.52,126.961,4,8,"alt_electronic_pop",0.72
94069,"1RCoXOLhKNpOdZA2Ay55ah","Dybbukk","Enim er'u","Enim er'u",63,138657,TRUE,0.11,-21.273,1,0.0363,0.763,0.813,0.0913,0.281,100.062,4,8,"alt_electronic_pop",0.6
94076,"0o2Jngx6YVivDjE6RqqFlF","raspy;Bangers Only","roxstar","roxstar",54,150883,TRUE,0.539,-6.975,1,0.0788,0.225,0,0.111,0.439,130.03,4,8,"alt_electronic_pop",0.65
94077,"1BPBwKueIEMnUcbbs2te7B","Chri$tian Gate$","NUMB","NUMB",73,112500,TRUE,0.598,-5.694,1,0.264,0.0575,0,0.299,0.823,103.791,4,8,"alt_electronic_pop",0.43
94085,"71rw9MB77BR8LHMFZK8gKV","Connor Price","SPLAT","SPLAT",70,125685,FALSE,0.45,-7.174,1,0.314,0.0608,0,0.0663,0.515,108.056,4,8,"alt_electronic_pop",0.29
94086,"0rQV8yyM0fjQmZjlJnIR7Y","yaeow","Lost In Between","Lost In Between",58,124500,FALSE,0.329,-13.577,1,0.104,0.8,0.0855,0.256,0.407,79.976,4,8,"alt_electronic_pop",0.49
94091,"4EvVZsbEh519mwqxgOCx6v","Paycheck","ABSTRACT, VOLUME I","LOSING INTEREST",65,108481,FALSE,0.317,-18.153,0,0.197,0.649,0.00103,0.113,0.641,119.021,4,8,"alt_electronic_pop",0.54
94094,"50OPOdJbRx9iCJXGultmUf","SadBoyProlific;Ivri","Alone","Alone",68,160061,TRUE,0.358,-13.642,1,0.459,0.494,0.00196,0.336,0.437,119.091,4,8,"alt_electronic_pop",0.68
94111,"5Ge0VqIV199LhntVwdiAHa","Lexi Jonga","I Don't Want","I Don't Want",63,105293,FALSE,0.166,-13.851,0,0.213,0.95,0.00904,0.114,0.732,125.613,4,8,"alt_electronic_pop",0.55
94124,"19KasQimP54W84da8wMkDe","Kochetkovv","It Won't Hurt","It Won't Hurt",58,134817,FALSE,0.289,-11.716,0,0.239,0.628,0.28,0.275,0.722,113.944,4,8,"alt_electronic_pop",0.42
94128,"7F7DO6TlpcELwpgwiLl2a2","Zach Diamond","On My Own","On My Own",64,133333,FALSE,0.615,-7.779,1,0.0456,0.111,0,0.115,0.588,90.01,4,8,"alt_electronic_pop",0.31
94136,"6Zl92xH7GCIf0s3y4oL9xu","gavn!","Madelyne","Madelyne",57,135584,FALSE,0.328,-6.894,1,0.0304,0.807,0,0.121,0.526,77.074,4,8,"alt_electronic_pop",0.45
94139,"1kFlDnWmBTvCBxxeGDpIdp","Sik World","7 Years (Remix)","7 Years (Remix)",70,134197,TRUE,0.609,-8.376,1,0.0996,0.227,0,0.102,0.439,120.071,4,8,"alt_electronic_pop",0.43
94141,"17oY2Rh5qQH6mhyakZmpxk","Kina;Sarcastic Sounds","parachute (feat. Finding Hope)","only in the night (feat. Sarcastic Sounds)",22,130369,FALSE,0.346,-13.175,1,0.0934,0.601,0.0113,0.105,0.315,80.98,4,8,"alt_electronic_pop",0.49
94163,"1fgC2MHbJnPgvDfdTpC62c","Kina;Au/Ra","Things I Wanted To Tell You","Feel Again (Feat. Au/Ra)",54,139354,FALSE,0.384,-10.594,1,0.0587,0.24,0,0.124,0.224,78.138,4,8,"alt_electronic_pop",0.37
94166,"6CKU2H5ZhY27Toecau0JbO","Connor Price","Jude's Song","Jude's Song",62,137079,FALSE,0.452,-8.409,0,0.046,0.351,0,0.0873,0.879,119.973,4,8,"alt_electronic_pop",0.83
94168,"3a2u2qDijKes0TpHczoVYB","Powfu;Rxseboy;Jomie;Ivri","poems of the past","a world of chaos (feat. Rxseboy, Jomie & Ivri)",52,162352,FALSE,0.457,-6.525,1,0.0823,0.481,0,0.114,0.652,136.037,4,8,"alt_electronic_pop",0.48
94191,"7u9BIFBgxuqntGW7wO5lMs","347aidan","Demons and Monsters","Demons and Monsters",66,197902,FALSE,0.32,-11.824,0,0.0847,0.927,2.45e-06,0.256,0.407,80.992,4,8,"alt_electronic_pop",0.48
94225,"50HURWGNsCiJw4qFDQu40X","the bootleg boy;Rxseboy;Powfu","the day i died","the day i died",56,134020,FALSE,0.443,-11.408,1,0.0466,0.726,6.11e-06,0.387,0.198,120.025,4,8,"alt_electronic_pop",0.43
94227,"06I2PKNDtP6ypDXAMqCARp","Unodavid","Perfect Pair","Perfect Pair",58,130057,TRUE,0.439,-10.62,1,0.143,0.193,0,0.106,0.34,82.962,4,8,"alt_electronic_pop",0.72
94241,"5PmtPTXrLqgqQfqngsUqZp","sammy rash","summer&cigarettes","summer&cigarettes",64,114427,FALSE,0.402,-10.277,0,0.072,0.76,0,0.279,0.684,122.008,4,8,"alt_electronic_pop",0.36
94248,"1O28T70fY6eyL9vygOqCQi","SadBoyProlific","Midnight Thoughts","Midnight Thoughts",64,124865,TRUE,0.387,-15.932,0,0.472,0.428,0,0.126,0.577,79.569,4,8,"alt_electronic_pop",0.62
94251,"6ncsVXsY8FaxpK5yg1eMHI","itssvd;Shiloh Dynasty","Missing","Love Again",62,89340,FALSE,0.417,-10.155,1,0.186,0.809,0.0147,0.168,0.355,94.435,4,8,"alt_electronic_pop",0.58
94262,"0bIHWAGW7gahdRc4JP2Eup","Austin George","bluebonnets","bluebonnets",58,126000,TRUE,0.694,-9.48,1,0.0597,0.315,0,0.472,0.51,86.001,4,8,"alt_electronic_pop",0.72
94274,"1haZCYSR61JHOAivPNOuQH","Kina;Mishaal","Tell Me About You (feat. Mishaal)","Tell Me About You (feat. Mishaal)",55,194400,FALSE,0.292,-14.282,1,0.054,0.498,0.0262,0.126,0.0777,75.572,3,8,"alt_electronic_pop",0.5
94278,"6a23CwL8bVeizmNRR9AACs","Yxngxr1","Digikid 2","PIGEONS",64,121457,TRUE,0.54,-9.66,1,0.321,0.617,0,0.173,0.476,160.039,4,8,"alt_electronic_pop",0.61
94288,"4yIHTPSFg5Ma41IJNE0GUL","Arden Jones","age tape 1","horror story",64,123269,FALSE,0.606,-6.026,0,0.0375,0.388,0,0.101,0.676,101.917,4,8,"alt_electronic_pop",0.59
94289,"1eau7EVXGFffQAGYFxIx6w","iamjakehill","Hiding in the Dark","Hiding in the Dark",61,184141,FALSE,0.601,-7.601,1,0.124,0.154,0,0.0775,0.418,174.069,4,8,"alt_electronic_pop",0.34
94297,"5p29DSBwxS4hStGKr7NCCO","Dro Kenji;$NOT","EAT YOUR HEART OUT","KILL CUPID",63,249475,TRUE,0.58,-6.371,1,0.0461,0.0136,0,0.111,0.202,115.98,4,8,"alt_electronic_pop",0.56
94314,"4gOLE6Jg314dhJLVjNzgiU","HELLSTRVCK","Say It Ain't So","Say It Ain't So",40,128958,TRUE,0.497,-9.409,0,0.105,0.605,0,0.172,0.453,77.02,4,8,"alt_electronic_pop",0.36
94332,"4dPvsvGdLgN1akSh7j7Rlz","Josh A","Cold Heart","Cold Heart",50,151347,FALSE,0.554,-8.247,1,0.0667,0.0608,0,0.0942,0.299,90.016,4,8,"alt_electronic_pop",0.34
94348,"2iqbpaA6pCifjcO1Lt8ffJ","Fresco Trey;Einer Bankz","Walk - Fresh Rap Flow","Enjoy It",0,127346,TRUE,0.479,-6.438,1,0.0464,0.242,0,0.143,0.755,97.997,4,8,"alt_electronic_pop",0.78
94378,"07xOTRcQijB89eBXDMTAoa","Parker Jack","CRY","CRY",60,135418,FALSE,0.481,-11.254,1,0.154,0.836,1.02e-06,0.0982,0.608,152.003,4,8,"alt_electronic_pop",0.4
94381,"2S5CxAm0tPTUQeaVwCXCil","Powfu","Different Class, Same Boat","Different Class, Same Boat",49,179555,TRUE,0.488,-7.161,0,0.0455,0.097,0,0.0971,0.176,135.071,4,8,"alt_electronic_pop",0.34
94386,"76mhYD8ORDyXAKog43BSeQ","Julia Alexa","please hold me","please hold me",56,192019,FALSE,0.263,-12.448,0,0.0448,0.842,4.59e-06,0.167,0.0451,129.853,4,8,"alt_electronic_pop",0.2
94392,"10W1EKevoLCOrlDeXOM2AX","boy in skirt;Niisan","Sad Boy in Skirt","Tell Me Why I'm Waiting",53,122920,FALSE,0.155,-13.087,0,0.0532,0.94,0.903,0.626,0.214,130.605,4,8,"alt_electronic_pop",0.26
94417,"0cITEqx9uwWPj9RCQuU0cK","Lee Killington","LLJ","LLJ",45,95108,TRUE,0.35,-14.294,1,0.27,0.176,0.727,0.313,0.45,120.065,4,8,"alt_electronic_pop",0.38
94421,"1UubQzL9nNulJW5DHqMKVO","Ollie","Need Someone","Need Someone",54,183907,TRUE,0.45,-8.752,1,0.112,0.0954,0,0.104,0.554,79.987,4,8,"alt_electronic_pop",0.44
94439,"75HBk4yWNK20Q1TpSFSEGA","itssvd;Shiloh Dynasty","tape for when i'm sad","i'm lonely now",57,93276,FALSE,0.111,-23.248,0,0.046,0.606,0.00165,0.106,0.332,102.508,4,8,"alt_electronic_pop",0.38
94441,"2Yj1sRA7UENRp7p6tt8E1k","Powfu;sadeyes","Letter's You Never Received","Break Ups Suck Ass",51,164500,TRUE,0.327,-7.659,1,0.037,0.866,0,0.125,0.608,179.839,4,8,"alt_electronic_pop",0.27
94446,"7GPxQHkuern9JDUfEKeFDl","Thekidszn","Chosen","Chosen",52,135976,TRUE,0.711,-6.698,1,0.145,0.0217,0,0.0827,0.466,171.841,4,8,"alt_electronic_pop",0.51
94483,"78cIbVjU1xn7mbQ9i35avl","guardin","i think you're really cool","i think you're really cool",62,160660,FALSE,0.446,-6.279,1,0.0547,0.904,0,0.303,0.476,174.062,4,8,"alt_electronic_pop",0.58
94493,"0otgZLlu99XIIEuSTI7BBD","Dustystaytrue","True To Me","Solar System",55,154225,TRUE,0.528,-11.82,0,0.253,0.354,0,0.111,0.674,150.086,4,8,"alt_electronic_pop",0.62
94505,"2iWDeE7fZyCsxAbqaiNCnM","Ollie","Without You","Without You",50,136997,TRUE,0.434,-11.964,0,0.131,0.459,2.21e-06,0.0857,0.543,115.014,4,8,"alt_electronic_pop",0.76
94507,"01ZQLoq5j9ALYC9Eyecefn","Louyah","A Long Way","A Long Way",53,85333,FALSE,0.191,-16.495,0,0.0937,0.856,0.000267,0.119,0.418,179.952,4,8,"alt_electronic_pop",0.7
94516,"6ZZw6vR15Tg59f7fl9NZ4X","KILJ","Militant","Militant",55,106136,TRUE,0.63,-7.855,1,0.0844,0.0183,0,0.0824,0.317,186.174,4,8,"alt_electronic_pop",0.35
94529,"5ufI5Y3qHuOkt9xXQrXktF","Fatboibari;dhan","Chill Calling","Chill Calling",55,99474,FALSE,0.27,-17.214,1,0.34,0.142,0,0.334,0.345,103.144,1,8,"alt_electronic_pop",0.51
94531,"5fX1B90cPSFyyjORcHW8aC","Chri$tian Gate$","Lost","Lost",60,179670,TRUE,0.262,-10.671,0,0.123,0.568,0,0.213,0.207,204.395,4,8,"alt_electronic_pop",0.52
94532,"4r7k7OI7sSXihQA84LpFYI","kidolitx","I Got Guns in My Head","I Got Guns in My Head",34,144471,FALSE,0.125,-23.236,1,0.0544,0.114,0.484,0.569,0.169,117.972,4,8,"alt_electronic_pop",0.3
94539,"40YMzcyGkpqFiSUNktyHCP","Skinny Atlas;Snøw;Jomie;Thomas Reid","Meant to Be","Meant to Be",54,110163,FALSE,0.659,-5.305,1,0.0406,0.382,0.0392,0.252,0.603,91.508,3,8,"alt_electronic_pop",0.46
94552,"53Ij4HRTp0f6DTlmXWh46h","SHRK;Shiloh Dynasty","Sad Hours","Sad Life",56,181198,FALSE,0.428,-16.208,1,0.337,0.775,0.577,0.0932,0.219,101.041,4,8,"alt_electronic_pop",0.87
94555,"60ZppukPfY43NDU9meKJrz","Aries","WELCOME HOME","BAD NEWS",60,164154,TRUE,0.676,-5.959,0,0.0378,0.484,0,0.212,0.827,141.989,4,8,"alt_electronic_pop",0.73
94578,"3vzbNQi4mQ9tmvroysU2f3","Ollie","Lost - EP","Lost",52,219580,FALSE,0.545,-6.686,1,0.0888,0.248,0,0.136,0.269,129.966,4,8,"alt_electronic_pop",0.33
94585,"7f6DB3KvWZfEcm00Sefn8t","Josh A","All Time Low","All Time Low",49,186458,FALSE,0.555,-7.92,0,0.11,0.226,0,0.262,0.853,149.909,4,8,"alt_electronic_pop",0.49
94589,"1eX7cu5TMlRlv5kDBFWaWI","Ryan Oakes","2AM","2AM",56,169842,FALSE,0.453,-8.983,1,0.0499,0.13,0,0.256,0.327,127.073,4,8,"alt_electronic_pop",0.42
94605,"6VyUWfImAgTrYAnYWonuhM","Roderick Porter;Ivri","Ghost (feat. Ivri)","Ghost (feat. Ivri)",57,166624,TRUE,0.376,-14.029,1,0.0407,0.688,0.548,0.45,0.336,118.033,4,8,"alt_electronic_pop",0.68
94617,"7oDUCu36rMex65tc03C8er","iamjakehill;Josh A","RUN UP!","RUN UP!",58,139005,TRUE,0.834,-4.79,1,0.196,0.123,0,0.338,0.603,84.488,4,8,"alt_electronic_pop",0.62
94620,"6jUzV98Umr2CJ8bT5Gq9XG","Ollie","Sunsets & Goodbyes","bad vibes",48,130409,TRUE,0.389,-12.132,1,0.303,0.792,0.00024,0.105,0.549,133.084,4,8,"alt_electronic_pop",0.23
94623,"49JuBQEJhVZv0uAs2wpjwE","Powfu;Nuxe;Snøw","All Again","All Again",48,147840,TRUE,0.58,-8.242,0,0.046,0.757,1.51e-06,0.335,0.359,125.092,4,8,"alt_electronic_pop",0.53
94651,"1SJkTuUNKe4rYQgX8wmqku","Elijah Who","Gentle Boy","i love being with you",57,96405,FALSE,0.399,-10.568,1,0.0489,0.949,0.571,0.104,0.466,78.893,4,8,"alt_electronic_pop",0.52
94664,"4nlry8WISrv04S1E619p3A","Kina;Essence;Madson Project.","Are You Still With Him","Are You Still With Him",47,193567,TRUE,0.322,-14.461,1,0.0367,0.922,0.000818,0.35,0.315,119.957,4,8,"alt_electronic_pop",0.48
94666,"2tlUC0uTsVmx5c1Fuu5MNT","Stract;Shiloh Dynasty","Losing Interest (Slowed)","Losing Interest - Slowed",40,231225,FALSE,0.428,-14.031,0,0.127,0.39,0.0549,0.281,0.403,101.162,4,8,"alt_electronic_pop",0.83
94674,"58HTIOhO6njnB6EttbH8RO","Cheriimoya","House of the Lost","House of the Lost",44,166963,FALSE,0.695,-8.564,0,0.0638,0.642,0.00358,0.123,0.154,91.986,4,8,"alt_electronic_pop",0.77
94675,"3Oun8NLTny5NXSZFAxcFKU","Carter Powers","i heard heaven is a nice place","i heard heaven is a nice place",39,134509,FALSE,0.23,-13.836,1,0.056,0.777,0,0.105,0.412,116.095,4,8,"alt_electronic_pop",0.52
94680,"3TwgZ3wCKwObhP8qNkbLYR","Sarcastic Sounds","I Can't Help","I Can't Help",52,77583,TRUE,0.324,-12.177,1,0.0759,0.443,0.14,0.127,0.32,164.095,4,8,"alt_electronic_pop",0.4
94682,"0glQyuYv0ylzFhVLJh55E2","Bri-C","Blacked Out Whip","Blacked Out Whip",50,156687,TRUE,0.482,-9.035,0,0.206,0.00368,0,0.122,0.689,92.012,4,8,"alt_electronic_pop",0.25
94714,"79GBhyAo9KAuMH3oztkJjb","LRN Slime;Shiloh Dynasty","the moon knows all my secrets","i'll keep you safe - Reverb",47,117890,FALSE,0.338,-13.937,1,0.0396,0.95,0.175,0.314,0.496,114.245,4,8,"alt_electronic_pop",0.43
94720,"1z7pHc4ujzaZn4QvLvOTu2","Valera;静的 Static","missing us","missing us",47,134507,FALSE,0.34,-13.689,1,0.118,0.943,0.911,0.665,0.217,75.99,4,8,"alt_electronic_pop",0.63
94730,"136K7vs8qhkpWfKmculLG3","sadeyes;Lil Xtra","not alone","not alone",51,173557,TRUE,0.498,-7.187,1,0.0369,0.439,0.00147,0.398,0.385,80.019,4,8,"alt_electronic_pop",0.54
94745,"16Y57khG1n4LeZl9BnzfYC","Justin Stone","MAYBE NEXT YEAR","STARS",56,120000,TRUE,0.454,-13.399,1,0.111,0.1,0.000432,0.111,0.201,159.971,4,8,"alt_electronic_pop",0.3
94749,"72542euQT9wECESPCIKSXS","Powfu;raynadayz;kinshii","Some Boring, Love Stories","Life Is Changing",43,231000,TRUE,0.67,-9.128,1,0.211,0.499,5.14e-05,0.0616,0.15,160.017,4,8,"alt_electronic_pop",0.44
94761,"5ONJ9mrQrCkO3G7LQi4wfE","Timmies;Mishaal","Misspoken","Girl How Will I Love You",48,99942,FALSE,0.259,-8.796,1,0.374,0.398,5.63e-05,0.0571,0.502,172.476,4,8,"alt_electronic_pop",0.49
94762,"5l5SMWVPhVlJOmYFzDmJvY","Aries","WELCOME HOME","DEITY",57,152727,FALSE,0.548,-5.098,1,0.0533,0.148,2.21e-06,0.0984,0.498,87.946,4,8,"alt_electronic_pop",0.59
94764,"3eZXeTzRtqFrpj5zSfw9V0","Lund","Project Of A Person","Moon",49,180813,FALSE,0.336,-10.937,1,0.0878,0.61,0.00112,0.11,0.705,153.989,4,8,"alt_electronic_pop",0.38
94769,"3H6D0q6pvzaLyqaMLWGR69","Kochetkovv","I Think You Left Your Scarf","I Think You Left Your Scarf",52,130909,FALSE,0.142,-21.628,0,0.0426,0.897,0.93,0.109,0.0355,76.995,4,8,"alt_electronic_pop",0.14
94774,"4nushtVyhmJXKMiHWA0NLH","LIL DUSTY G","INSECTS","INSECTS",57,158346,TRUE,0.397,-10.582,0,0.0453,0.379,0,0.0759,0.531,170.031,4,8,"alt_electronic_pop",0.55
94775,"3hXqNlyf5L8t9vQDNyzazm","Connor Price","Happy Face","Happy Face",54,185750,FALSE,0.608,-8.926,0,0.251,0.0346,0,0.16,0.0387,83.939,4,8,"alt_electronic_pop",0.42
94790,"462d4Jl1AZl1ZlCKwIa22v","Rxseboy;Sarcastic Sounds","Jimmy (feat. Sarcastic Sounds)","Jimmy (feat. Sarcastic Sounds)",48,146362,FALSE,0.492,-7.055,1,0.276,0.379,0,0.174,0.198,145.033,4,8,"alt_electronic_pop",0.37
94802,"6IFhuvmtWSJrVqmW5WofFF","SHRK;Shiloh Dynasty","Sad Hours","One Dance",52,147750,FALSE,0.422,-13.139,1,0.429,0.838,0.222,0.451,0.2,82.58,3,8,"alt_electronic_pop",0.28
94812,"11dmCF4jqcebL9Pqudwg2Q","nekoi","glass","For You",46,145074,FALSE,0.357,-8.956,1,0.0304,0.936,0.701,0.0691,0.0642,134.067,4,8,"alt_electronic_pop",0.33
94826,"4KMR0q5skgPUVS1e1IgCJJ","sadeyes;Powfu","downpour","about you",43,127430,FALSE,0.496,-8.427,1,0.176,0.515,0,0.0957,0.39,80.005,4,8,"alt_electronic_pop",0.52
94829,"6gStKpgo3H7cC3gYaUqcup","IWL","I Know You so Well","I Know You so Well",49,93134,TRUE,0.289,-9.113,1,0.0452,0.297,0.286,0.0945,0.171,67.037,4,8,"alt_electronic_pop",0.42
94830,"06NfzaCnz9aE1mDR07eQjd","Jomie","Brighter Days","Brighter Days",51,164414,TRUE,0.412,-8.447,1,0.0443,0.948,0,0.101,0.703,94.992,4,8,"alt_electronic_pop",0.64
94833,"7zbrBrFBWAZ5ruwda1EwgS","Yusei","am I not enough for you","am I not enough for you",41,232017,FALSE,0.306,-11.65,0,0.154,0.943,0.902,0.176,0.284,122.915,4,8,"alt_electronic_pop",0.64
94836,"7cKjO3GCTNXmt6UuIW9M0P","Rozei","Hollywood","Hollywood",42,134400,TRUE,0.639,-6.171,0,0.244,0.0322,0,0.0719,0.97,87.52,4,8,"alt_electronic_pop",0.38
94844,"1ptcA3iEnvLc0M05GwiKDe","Ollie","Even When I'm Happy I Listen To Sad Music","Without You",47,136997,TRUE,0.434,-11.964,0,0.131,0.459,2.21e-06,0.0857,0.543,115.014,4,8,"alt_electronic_pop",0.42
94848,"20umbRtGLy493kML1VedCq","Livingston","Message in a Bottle","Message in a Bottle",57,174683,FALSE,0.639,-5.011,1,0.19,0.58,0,0.194,0.623,78.892,4,8,"alt_electronic_pop",0.51
94850,"3HbzI6XvbXEl0rm9E2yQwa","Fatboibari","Romance Garbage","Romance Garbage",60,122070,FALSE,0.562,-9.653,0,0.109,0.114,0.639,0.231,0.432,144.96,4,8,"alt_electronic_pop",0.34
94860,"4L96lPXFu0bNll3XEnO0Wq","Lund","By My Side","By My Side",50,229411,TRUE,0.355,-10.941,1,0.0345,0.29,0.0072,0.11,0.261,135.99,4,8,"alt_electronic_pop",0.33
94863,"4NXF1TfkD1uKMgftFylsNJ","Lucus;YSB Tril","MANSION","MANSION",41,118641,TRUE,0.504,-7.38,1,0.109,0.146,0,0.067,0.864,170.004,4,8,"alt_electronic_pop",0.48
94867,"2dOlfDQwD3BSw9B9mrAEBf","Mathias.","Chance","Chance",37,109766,TRUE,0.557,-9.156,1,0.0797,0.0615,0,0.12,0.0961,175.139,5,8,"alt_electronic_pop",0.24
94873,"3RnkPoduHhQX4FY9x2rEeY","Kado;Maiza","Say Goodbye","Say Goodbye",45,192428,TRUE,0.349,-7.909,1,0.0468,0.556,0,0.11,0.73,140.037,4,8,"alt_electronic_pop",0.23
94884,"4kODxvif74racbcTGQ5wLe","Damien","i can't stop","i can't stop",57,161333,TRUE,0.386,-10.847,1,0.426,0.425,0,0.105,0.675,90.121,4,8,"alt_electronic_pop",0.12
94914,"2RJo6RNV5dpjLh6Co4nPsI","Lui Joseph","Strawberry","Strawberry",52,173923,FALSE,0.402,-10.282,0,0.0519,0.332,0,0.109,0.508,99.972,4,8,"alt_electronic_pop",0.45
94919,"3TLgxeugc8nOXkm04LG6Gh","Kina;Boyfifty","6 ft deep (feat. Galvanic & Silent Child)","say u don't love me anymore",44,119076,FALSE,0.3,-10.559,1,0.0449,0.771,0.671,0.284,0.0882,130.07,4,8,"alt_electronic_pop",0.18
94923,"4VwZ9jqqM8rl5SqjdxHVka","Khantrast","You Got Jokes","You Got Jokes",55,145379,TRUE,0.677,-9.005,0,0.224,0.119,0,0.261,0.756,101.91,4,8,"alt_electronic_pop",0.21
94942,"2gQqknpjQSpBwJOtvTOnqP","Sarcastic Sounds;Birdy;Mishaal","Closure (feat. BIRDY and Mishaal)","Closure (feat. BIRDY and Mishaal)",55,183986,FALSE,0.549,-7.226,1,0.219,0.673,0,0.0677,0.151,154,4,8,"alt_electronic_pop",0.52
94948,"69XgyxmE6zl5SmHf2NvjqU","Powfu","some boring love stories, pt. 4","when things were awkward",44,136438,FALSE,0.33,-12.362,1,0.0892,0.782,0,0.132,0.696,72.871,4,8,"alt_electronic_pop",0.08
94958,"6qsVVFBn0CuPrEgx9u4QzK","MASN;Mishaal","How To Kill A Rockstar","Hold Me (feat. Mishaal)",48,220121,FALSE,0.372,-8.365,0,0.0752,0.467,0,0.337,0.519,126.071,4,8,"alt_electronic_pop",0.4
94960,"6Jfd9OQNmtspaEGLI5R5kr","benny mayne","afraid of luv / robbery","robbery",47,192067,TRUE,0.547,-6.722,0,0.138,0.467,0.00148,0.147,0.253,75.385,4,8,"alt_electronic_pop",0.27
94961,"58G3mTiESeXJcyQoD5YtiN","Fudasca;Resident","Tell Me What's on Your Mind","Tell Me What's on Your Mind",39,152492,FALSE,0.276,-11.015,1,0.0353,0.461,7.07e-06,0.129,0.25,81.994,4,8,"alt_electronic_pop",0.24
94970,"4U69c6x6vG2ULgUd6tRapG","DIRTYXAN","MAMBO","MAMBO",58,127925,TRUE,0.505,-9.26,1,0.119,0.216,2.03e-06,0.231,0.735,76.029,4,8,"alt_electronic_pop",0.63
94972,"3gV0E3N4uOcoNsbxLkGWkp","Nohidea","osho","sincerely, yours",55,139684,FALSE,0.396,-11.301,0,0.0509,0.8,0.872,0.141,0.622,80.957,4,8,"alt_electronic_pop",0.66
94979,"0xWBhH0LfhRiz6P0LJBpk0","iamjakehill","Waiting to Die","Waiting to Die",52,144757,TRUE,0.733,-8.048,1,0.0688,0.0879,0,0.108,0.585,160.103,4,8,"alt_electronic_pop",0.33
94986,"2nblCSS2DxTZ0DwQXzx2G2","Jack Kays","MIXED EMOTIONS","MY HEAD :(",56,92160,TRUE,0.439,-8.519,1,0.0864,0.346,0,0.107,0.231,125.018,4,8,"alt_electronic_pop",0.36
95007,"5xmTf701NswJ1bnPDkvSb4","Frankie Ruiz","Era Salsa para Bailar","Deseándote",3,281186,FALSE,0.837,-4.534,0,0.0486,0.495,0,0.179,0.928,95.521,4,3,"roots_rhythm_fusion",0.88
95017,"1VI5OuEtgJC9w284xnSL3O","Frankie Ruiz","Carrete familiar","Desnúdate Mujer",0,289373,FALSE,0.849,-4.315,1,0.033,0.355,1.22e-05,0.31,0.931,99.266,4,3,"roots_rhythm_fusion",0.69
95019,"4HhPcoQaZ8Qo0GPalXWUIC","Celia Cruz","Ya huele a buñuelos","Que Le Den Candela",0,232573,FALSE,0.711,-10.999,1,0.0518,0.489,0.000524,0.0687,0.906,103.398,4,3,"roots_rhythm_fusion",0.67
95027,"7bKvcdYHjlYNTnwASIMzR2","Frankie Ruiz","Salsa x siempre","La Rueda",0,385826,FALSE,0.856,-4.698,1,0.0351,0.458,1.74e-05,0.0796,0.917,103.06,4,3,"roots_rhythm_fusion",0.85
95028,"3XqWYWWK14fn0QDGUJyOe0","Eddie Santiago","Ritmo Bonito","Tú Me Haces Falta",0,279173,FALSE,0.88,-2.935,1,0.0308,0.195,7.46e-05,0.208,0.908,161.639,4,3,"roots_rhythm_fusion",0.71
95033,"2MAdX6d9ugqrggFJlmpO2P","Oscar D'León","Carrete familiar","Que Bueno Baila Usted",0,216421,FALSE,0.785,-5.415,1,0.043,0.459,6.1e-06,0.154,0.968,92.815,4,3,"roots_rhythm_fusion",0.59
95035,"4eSmr2WvN2TndIkl1asflB","Eddie Santiago","Ritmo Bonito","Que Locura Enamorarme De Ti",0,309813,FALSE,0.736,-8.341,1,0.0445,0.713,0,0.0746,0.942,93.436,4,3,"roots_rhythm_fusion",0.91
95036,"5um0QVNISHcxzty0LG4o0l","Eddie Santiago","Ya huele a buñuelos","Que Locura Enamorarme De Ti",0,309813,FALSE,0.736,-8.341,1,0.0445,0.713,0,0.0746,0.942,93.436,4,3,"roots_rhythm_fusion",0.79
95048,"4uglHowK5fxkjxltXlP7WS","Tito Nieves","Salsa x siempre","Fabricando Fantasías - Salsa Version",0,272266,FALSE,0.857,-3.264,1,0.0424,0.243,0,0.108,0.928,90.74,4,3,"roots_rhythm_fusion",0.76
95054,"0w5lgtOu6MFQQsnNQeuuld","Gabino Pampini","50 Años","Me Recordaras",41,248778,FALSE,0.757,-6.17,0,0.0397,0.578,2.67e-06,0.062,0.582,100.028,4,3,"roots_rhythm_fusion",0.9
95056,"4aSY0tuzPKj2uq8rAg38Mh","Mr Black El Presidente;Keyvin Ce","Vive Tu Vida","Vive Tu Vida",42,222333,FALSE,0.838,-4.446,1,0.0545,0.0953,0,0.0713,0.938,110.022,4,3,"roots_rhythm_fusion",0.68
95067,"4A3mQ1pBPiuq95ch6DLy4q","Tony Vega","Ritmo Bonito","Esa Mujer",0,314493,FALSE,0.75,-5.807,0,0.0417,0.247,4.6e-05,0.0716,0.925,175.735,4,3,"roots_rhythm_fusion",0.68
95077,"5QdR9XrIz7TiKpjDzeREBn","Los Hermanos Lopez","El Perrasazo","El Nuevo Amor de Mi Mujer",41,256963,FALSE,0.51,-5.902,1,0.0306,0.812,0,0.105,0.937,104.884,4,3,"roots_rhythm_fusion",0.81
95085,"59kkETYRczNrB6VOasIpxC","Oscar D'León","Salsa x siempre","Que Se Sienta",0,285663,FALSE,0.829,-7.463,1,0.0369,0.378,2.35e-05,0.0649,0.921,171.491,4,3,"roots_rhythm_fusion",0.85
95101,"1UkNeA31KnDeAhLaPoYgFi","The Echo Park Project","Salsera","Salsera",38,361402,FALSE,0.717,-4.694,1,0.0413,0.704,6.05e-06,0.113,0.96,105.022,4,3,"roots_rhythm_fusion",0.91
95106,"51VXh14DlqZuloQGCocvKA","Asdrubar","Abrázame","Abrázame",38,233615,FALSE,0.889,-5.194,1,0.0503,0.287,0.000583,0.0441,0.869,195.907,4,3,"roots_rhythm_fusion",0.87
95108,"5RC9Wt1fdM8h1LzoHBeAZm","Ezequiel Colón","Sólo Éxitos Tropicales","Largo Viaje",38,209476,FALSE,0.766,-4.849,1,0.0739,0.483,0,0.111,0.676,175.086,4,3,"roots_rhythm_fusion",0.82
95110,"5slZ63KeWV4v6ZGUY1u0Ik","Ray De La Paz","Vol.1","Ni tu ni ella",37,282193,FALSE,0.783,-6.991,1,0.0343,0.317,0,0.213,0.851,91.348,4,3,"roots_rhythm_fusion",0.87
95136,"1ZtA5LKQ2BqjM9qg32ILUL","La Sonora Dinamita","Colección Oro la Sonora Dinamita (Vol. 8)","Que Te la Pongo (La Inyección)",40,203237,FALSE,0.736,-5.875,1,0.0369,0.508,0.00135,0.202,0.969,113.593,4,3,"roots_rhythm_fusion",0.76
95148,"34olARXYeAnlabWyWtpGxe","Edgar Joel;Anthony Colon","Era Salsa para Bailar","Hasta El Sol De Hoy",0,281960,FALSE,0.761,-9.441,1,0.0321,0.537,0.000146,0.104,0.828,167.971,4,3,"roots_rhythm_fusion",0.93
95164,"7sVuK1lX6dLMr6e4mYpOeM","Joe Arroyo","32 Grandes Exitos","Mosaico Lo de La Chula",35,335120,FALSE,0.825,-7.225,1,0.0396,0.226,0,0.41,0.91,144.787,4,3,"roots_rhythm_fusion",0.74
95166,"3IHIcPapIeEFquND2vhDX4","Yiyo Sarante","En La Carcel De Tu Piel","En La Carcel De Tu Piel",35,292284,FALSE,0.758,-5.454,1,0.0313,0.546,0.000184,0.233,0.492,104.008,4,3,"roots_rhythm_fusion",0.7
95169,"3ZUSaB3FsuMjL2tKd2FAY0","Adolescent's Orquesta","Persona Ideal","Mi Error",35,244506,FALSE,0.632,-6.544,1,0.056,0.485,0,0.0705,0.804,142.795,4,3,"roots_rhythm_fusion",0.8
95179,"6IKXXfNHW8FQwR43IDxPsg","Orquesta Inmensidad","Con Amor y Cariño","Regresa A Mi",35,309847,FALSE,0.485,-8.328,1,0.0324,0.74,0.001,0.206,0.765,90.943,4,3,"roots_rhythm_fusion",0.67
95180,"1Znsl3y50Os8diORZ8jcIl","Checo Acosta","Checomania","Chemapale",36,262243,FALSE,0.856,-3.685,0,0.0955,0.0106,0.00537,0.278,0.783,112.044,4,3,"roots_rhythm_fusion",0.67
95190,"3jKIwVi9Yb2ELRXloffKVc","Pedro Conga;Maelo Ruiz","Éxitos Originales, Vol. 2","No Te Quites la Ropa",36,340800,FALSE,0.579,-10.77,0,0.0338,0.511,5.6e-06,0.0643,0.934,89.452,4,3,"roots_rhythm_fusion",0.76
95191,"3v1cNEmk6ELIigIxn0cBPr","Danny Daniel;Prix 06","Hechizando","Te Amo, Te Quiero y Te Extraño",34,259604,FALSE,0.717,-4.104,1,0.0342,0.795,0,0.147,0.855,172.957,4,3,"roots_rhythm_fusion",0.58
95200,"06VcxmEJHf3gutIjC935g4","Billo's","Fin de Año","Año Nuevo",36,171389,FALSE,0.396,-14.95,1,0.0706,0.666,0,0.377,0.97,134.081,4,3,"roots_rhythm_fusion",0.76
95204,"2YnBk4WEUi0XQF5XenBXdP","Asdrubar","Loco Dicen Que Soy","Loco Dicen Que Soy",33,260539,FALSE,0.898,-6.167,0,0.0478,0.31,0.000755,0.292,0.784,179.947,4,3,"roots_rhythm_fusion",0.75
95208,"3AoFNt08UsYBgx79I0MWGQ","Marc Anthony","Amar Sin Mentiras","Nada Personal",34,279826,FALSE,0.777,-7.461,1,0.0541,0.0645,3.83e-06,0.462,0.85,95.022,4,3,"roots_rhythm_fusion",0.83
95217,"45hLC0PmpjOuO6I2ruD2xJ","Los 4","Privilegio 2","A Ti",34,286791,FALSE,0.927,-3.452,1,0.0643,0.49,0,0.0497,0.884,96.802,4,3,"roots_rhythm_fusion",0.97
95236,"6Ct7T7kB5SSuBPNrcKXpCx","Tito Rojas","Alegrías y Penas","Mi Mama",34,279800,FALSE,0.645,-6.016,1,0.0647,0.663,0,0.307,0.731,89.219,4,3,"roots_rhythm_fusion",0.9
95257,"1OWaTcDQpBak3FWTyXJ7R5","Adolescent's Orquesta","Reclamando Nuestro Espacio","Dame una Oportunidad",32,225018,FALSE,0.553,-15.326,1,0.0388,0.378,0,0.049,0.69,87.845,4,3,"roots_rhythm_fusion",0.76
95279,"3dKBBjqOdZhr53Cq7dcVv1","La Sonora Matancera","Baile Con La Sonora Matancera","Las Muchachas",35,177626,FALSE,0.411,-10.88,1,0.0948,0.51,0,0.0705,0.968,111.112,4,3,"roots_rhythm_fusion",0.92
95283,"5OjcW0pjFZkhLYxxXKercd","Billo's","Ya huele a buñuelos","Cumbia Caletera",0,183228,FALSE,0.537,-8.2,0,0.0423,0.583,2.04e-05,0.217,0.869,103.9,4,3,"roots_rhythm_fusion",0.59
95303,"4xIZd7KCf5sexX8eLX9768","Javier Vásquez","Mi Historia","Salud",32,221952,FALSE,0.584,-6.386,0,0.077,0.37,6.86e-06,0.205,0.936,97.472,4,3,"roots_rhythm_fusion",0.83
95305,"6jF0VXqyDuYiOlMwz04jEx","Reynaldo Santiago "" Chino ""","Chino "" De Viaje "" ..... Camino Al Cielo","Medley De Coros",33,268386,FALSE,0.884,-4.739,1,0.0735,0.233,0,0.0496,0.961,159.997,4,3,"roots_rhythm_fusion",0.67
95306,"4Kml5ZlHa8A4Pa6TwKOLas","Baby Rasta & Gringo;Plan B","Ella Se Contradice","Ella Se Contradice",34,262873,FALSE,0.759,-8.209,0,0.309,0.316,0,0.66,0.884,76.485,4,3,"roots_rhythm_fusion",0.6
95313,"1q3NyxRy4nYSAqdadc3H97","Yiyo Sarante","Ya No Me Importa","Ya No Me Importa",32,202788,FALSE,0.896,-3.929,0,0.0797,0.573,1.23e-05,0.0749,0.961,120.002,4,3,"roots_rhythm_fusion",0.79
95321,"7n8qmzGl6PP0hav6pdCso8","Guaco;Fonseca","Presente Continuo","Así Es Que Comienza",34,220706,FALSE,0.705,-7.636,1,0.0782,0.396,0,0.0883,0.963,103.926,4,3,"roots_rhythm_fusion",0.84
95325,"6WtAT69xP97fEe7NmaIgK0","Adolescent's Orquesta","Sellos de Mi Adn","Spanish Girl",32,215899,FALSE,0.89,-2.157,0,0.0389,0.572,5.27e-06,0.103,0.893,173.172,4,3,"roots_rhythm_fusion",0.97
95332,"2s8X6wHuDgg7rohXJCOcyT","Tito Gomez","Un Nuevo Horizonte","Llegastes Tarde",32,318826,FALSE,0.49,-12.581,1,0.0384,0.555,0.00158,0.0506,0.884,93.398,4,3,"roots_rhythm_fusion",0.87
95335,"6XlkAc6DLHzXyfWvn3mVTj","Eddie Santiago","Salsa Greatest Hits","Que Haré Sin Ti",32,170426,FALSE,0.507,-8.982,1,0.0408,0.664,0,0.111,0.609,85.166,4,3,"roots_rhythm_fusion",0.86
95347,"1EQjhHKwMO2zL4cFrlNQ9I","Jerry Rivera","Oro Salsero","Me Estoy Enloqueciendo por Ti",32,284906,FALSE,0.436,-12.446,1,0.0361,0.543,0,0.14,0.862,95.206,4,3,"roots_rhythm_fusion",0.74
95354,"1k1ToFawLi8ucxHT9hYzSj","Billo's","Fin de Año","Cantares de Navidad",33,172904,FALSE,0.302,-16.394,1,0.0672,0.602,0,0.22,0.962,129.411,4,3,"roots_rhythm_fusion",0.79
95374,"292yiMUvysKNUHCjRRrROQ","Tito Puente","No Hay Mejor","El Cayuco",34,156771,FALSE,0.656,-7.501,1,0.089,0.577,0.353,0.0524,0.822,126.27,4,3,"roots_rhythm_fusion",0.73
95377,"7j8TrYTzW4N8d3D3qRPBwq","Eddie Santiago","Lluvia (Baile Total)","De Vuelta A Casa",31,286693,FALSE,0.806,-7.622,1,0.0491,0.578,0.000962,0.0478,0.873,176.461,4,3,"roots_rhythm_fusion",0.8
95380,"675U2gqPhJ4RDeFH65gYFp","Adolescent's Orquesta","Reclamando Nuestro Espacio","Tú Serás",31,213760,FALSE,0.542,-14.24,1,0.0478,0.469,0,0.21,0.839,177.847,4,3,"roots_rhythm_fusion",0.79
95386,"0mDNr7mmc1EQgVBlvh4BwU","Galy Galiano","Galy Galiano 30 Años","Corazon No Te Enamores",33,222680,FALSE,0.362,-7.739,0,0.0328,0.597,0,0.0773,0.449,137.931,3,3,"roots_rhythm_fusion",0.8
95393,"5TmLmNfg02usvrWTWzv6Oo","Willie Gonzalez","Para Ustedes...El Publico","Quiero Comenzar",31,325360,FALSE,0.602,-11.044,1,0.0415,0.68,0,0.232,0.844,178.246,4,3,"roots_rhythm_fusion",0.82
95419,"4NET9ZdDmK9WDSP7JRwC1R","Yuri Buenaventura","Ya huele a buñuelos","Salsa Dura",0,219906,FALSE,0.815,-5.334,1,0.0431,0.721,0.0107,0.0407,0.883,100.057,4,3,"roots_rhythm_fusion",0.74
95424,"7kQmcwhVDjwUWfJQo7ZBqR","Roberto Lugo","Aqui Estoy Yo","Eres Mi Felicidad",30,309720,FALSE,0.628,-8.683,1,0.0359,0.747,0,0.0468,0.875,162.489,4,3,"roots_rhythm_fusion",0.74
95425,"1BacT2YIvGdosxOjhuk5XV","Ismael Miranda","Este Es Ismael Miranda","Cipriano Armenteros",31,331133,FALSE,0.544,-9.712,1,0.0365,0.691,0.00866,0.0812,0.81,150.236,4,3,"roots_rhythm_fusion",0.72
95428,"709UYYPe2As5Tgagz4cUyO","Nelson Arrieta;Ronald Borjas","Sobran Los Momentos (En Vivo)","Te Encontraré (En Vivo)",31,350184,FALSE,0.688,-7.25,1,0.0602,0.305,0,0.381,0.423,91.11,4,3,"roots_rhythm_fusion",0.54
95432,"0XVx93yop5ysk1DqnzVHVW","Grupo Niche","Una Aventura...La Historia","Te Enseñare A Olvidar",31,310240,FALSE,0.752,-10.015,1,0.0425,0.351,0.0494,0.0356,0.905,177.229,4,3,"roots_rhythm_fusion",0.74
95441,"7jHzPxcJo7QoB0zhR6ZP5S","Josimar y Su Yambú","Live Sessions Salsa Perucha","Tributo a Nectar - En Vivo",32,335794,FALSE,0.727,-6.431,1,0.185,0.182,2.91e-06,0.369,0.659,99.461,4,3,"roots_rhythm_fusion",0.81
95442,"5XdCFjn3hiPsP0Cyl9nesq","La Sonora Matancera","Clásicos de La Música Cubana Volume 2","La Cinturita",33,240520,FALSE,0.588,-7.978,1,0.0813,0.77,0.442,0.0461,0.751,103.204,4,3,"roots_rhythm_fusion",0.79
95453,"2VgVgYzM2f3OTwiuH5C9rP","Maelo Ruiz","Solo","Apasionadamente",30,277266,FALSE,0.541,-14.333,1,0.0379,0.537,3.12e-06,0.0532,0.946,168.554,4,3,"roots_rhythm_fusion",0.56
95459,"38j4eppLrQ4lefptCZM27H","Tito Nieves","Muy Agradecido","Te Vas",30,263680,FALSE,0.858,-2.953,0,0.0356,0.425,7.04e-06,0.203,0.896,100.151,4,3,"roots_rhythm_fusion",0.8
95475,"2W8sdlfr1p6TeWWZCIgcZl","Albita;Rafael ""Pollo"" Brito","Albita","La Vaca Mariposa (El Becerrito)",31,239488,FALSE,0.646,-4.372,0,0.029,0.452,0,0.0892,0.809,97.322,4,3,"roots_rhythm_fusion",0.81
95482,"3uweF2P3NCKG12LpNvVcXB","Viti Ruiz","Sedúceme","Me Muero Por Estar Contigo",31,358786,FALSE,0.726,-5.25,1,0.0374,0.769,2.49e-05,0.133,0.837,94.66,4,3,"roots_rhythm_fusion",0.81
95502,"5iYjiYfAKTsymuIRvKo1bv","Guaco","Escultura","A Plena Vista",31,266906,FALSE,0.856,-6.371,1,0.0966,0.306,0,0.34,0.888,120.108,4,3,"roots_rhythm_fusion",0.85
95522,"7cI5BHonEvGipAxJsrVYq7","José Alberto ""El Canario""","Discúlpeme Señora (Baile Total)","Quien Como Tu",29,308053,FALSE,0.847,-5.599,0,0.0416,0.269,3.27e-05,0.271,0.751,89.955,4,3,"roots_rhythm_fusion",0.73
95523,"7eGJXnxvAlxLEgFCDzVwNF","Alex D'Castro","Serie Millennium 21","Avanza Y Dime",29,296520,FALSE,0.753,-3.974,1,0.0366,0.17,0,0.0627,0.838,85.513,4,3,"roots_rhythm_fusion",0.93
95528,"7qukMXPY4zpdDLLHi5wLA7","Maelo Ruiz","Inolvidables","Por Favor Señora",29,288240,FALSE,0.816,-4.352,0,0.0531,0.355,0,0.056,0.605,174.666,4,3,"roots_rhythm_fusion",0.67
95556,"4rOcKgf6mGYbXjvesaAVEN","Grupo Niche","35 Aniversario","El Coco",29,241000,FALSE,0.811,-4.591,1,0.0596,0.693,3.8e-05,0.0848,0.687,96.575,4,3,"roots_rhythm_fusion",0.59
95565,"1GOi0KnWNKAUdedvhHCshA","Ricardo Ray;Bobby Cruz","En Fiesta Navideña","Seis Chorreao",29,170813,FALSE,0.737,-8.398,1,0.0536,0.604,0.000428,0.336,0.961,120.814,4,3,"roots_rhythm_fusion",0.88
95573,"1jNIXkl7gHpWF754KmjKhj","NG2;Willie Gonzalez","Homenaje a México, Vol. 1","A Ella",29,311913,FALSE,0.808,-6.661,0,0.13,0.41,0,0.952,0.93,184.156,4,3,"roots_rhythm_fusion",0.83
95574,"73TNNPwLyYcBdopacix7oM","Antonio y Joel Con Labranza","Mi Canto","Mi Canto",30,212139,FALSE,0.739,-6.111,0,0.0451,0.608,0,0.307,0.811,102.079,4,3,"roots_rhythm_fusion",0.82
95583,"0cqRTNZQlQz07RaX2bEoa5","Sonora Carruseles;Arnold Moreno","Micaela Se Botó!","Micaela Se Botó!",29,282352,FALSE,0.954,-2.464,1,0.0625,0.558,0.00308,0.0685,0.968,181.973,4,3,"roots_rhythm_fusion",0.74
95586,"4kb82H9MRkZ0EVsrVGV8Gb","Banda Real","La Presión, Vol. 1","El bajadero",31,579213,FALSE,0.865,-4.563,1,0.213,0.0447,0.00132,0.162,0.535,166.075,4,3,"roots_rhythm_fusion",0.8
95588,"6ikxAnVinPvjq3ICIz5dU7","La Sonora Matancera","Lo Mejor de La Sonora Matancera (Remastered)","Volverás - Remastered",31,147800,FALSE,0.315,-9.751,1,0.0297,0.67,0,0.125,0.716,98.069,4,3,"roots_rhythm_fusion",0.8
95593,"1JGR4HvOeE8MwUrSlJzALM","Galy Galiano","Galy Galiano 30 Años","De Que Duele Duele",29,291853,FALSE,0.653,-8.455,1,0.188,0.363,0,0.888,0.926,95,4,3,"roots_rhythm_fusion",0.8
95612,"4UD3cf8rKv6pKrM7IL5EUZ","Los 4","Más Fuerte Que Ayer","Con Que",29,252055,FALSE,0.949,-3.077,1,0.0597,0.473,0,0.196,0.836,107.013,4,3,"roots_rhythm_fusion",0.67
95623,"3D3jc6w0Ig7ACyZH4RIQ9D","Hansel Camacho","Verdades","Eres",29,326426,FALSE,0.477,-13.56,1,0.0386,0.432,0.0124,0.105,0.882,150.178,4,3,"roots_rhythm_fusion",0.77
95666,"2mvyNaK8uTVLlfXLj6ti86","Hector Tricoche","Oro Salsero (20 Éxitos)","Motorízame",28,289840,FALSE,0.652,-6.131,1,0.0519,0.392,0.000108,0.0462,0.83,166.019,4,3,"roots_rhythm_fusion",0.91
95685,"7J11FJ8AYUrhkr4jVv20Tw","Chiquito Team Band","Los Creadores Del Sonido","Por Qué Me Haces Llorar",28,219160,FALSE,0.777,-3.904,1,0.0322,0.225,0,0.111,0.831,102.46,4,3,"roots_rhythm_fusion",0.61
95693,"5Jo5Ny5UxZVN1m4pjNUGVo","Tito Rojas","Los Rostros de la Salsa","Nadie Es Eterno",28,217693,FALSE,0.705,-8.956,1,0.0326,0.405,5.57e-05,0.224,0.915,95.745,4,3,"roots_rhythm_fusion",0.79
95695,"1Cva3BnPjMPPYuAsd2NHIo","Héctor Lavoe;Willie Colón","Cosa Nuestra","Tu No Puedes Conmigo",28,205320,FALSE,0.626,-8.156,1,0.0789,0.633,1.78e-05,0.395,0.654,115.885,4,3,"roots_rhythm_fusion",0.72
95703,"2ZtAnYutOKj3u0j12pYH1c","Porfi Baloa","20 Años (La Historia) [En Vivo]","Si Supieras - En Vivo",28,274225,FALSE,0.752,-6.578,0,0.0421,0.63,6.48e-05,0.172,0.867,158.755,4,3,"roots_rhythm_fusion",0.81
95707,"1OI2llgfTD0tvHTQ868ln4","Los Traviesos","Haciendo Travesuras","El Ponche",29,238280,FALSE,0.882,-3.324,0,0.0394,0.376,0,0.196,0.859,94.972,4,3,"roots_rhythm_fusion",0.74
95716,"3QIgCcBelIs4mef2if5IFL","Gabino Pampini","50 Años","5 Pa´ las 12",29,312373,FALSE,0.792,-5.178,1,0.0598,0.723,8.21e-05,0.589,0.917,98.304,4,3,"roots_rhythm_fusion",0.91
95730,"5EWw2qEEGCqsUgg4jBUbL4","Salserin","Robando Corazones","Niña Amada",28,233000,FALSE,0.702,-3.417,1,0.0383,0.189,8.45e-06,0.0978,0.715,175.009,4,3,"roots_rhythm_fusion",0.7
95738,"2xeLXlxDzCgIt2l6F7Q6qI","Manolito y Su Trabuco","Contra Todos los Pronósticos","Te Quise de Más",28,331386,FALSE,0.807,-7.515,1,0.0352,0.585,0.00295,0.0626,0.909,163.402,4,3,"roots_rhythm_fusion",0.72
95741,"44Z6cAHQkaq5m7xytEXiP7","Servando & Florentino","Los Primera","Con Ella No",29,306373,FALSE,0.843,-3.933,0,0.0464,0.713,0.00876,0.347,0.897,90.122,4,3,"roots_rhythm_fusion",0.81
95751,"1Fp4njyRHJYyMTKP899c0q","Fruko Y Sus Tesos;Wilson ""Saoko"" Manyoma","Fruko el Grande","El Preso",56,294000,FALSE,0.78,-4.687,0,0.038,0.159,0.00431,0.134,0.818,106.16,4,3,"roots_rhythm_fusion",0.73
95753,"297jfvpmD7PEzKCLOfPmgJ","Salserin","Con Nuevo Swing","Niño Timido",28,302000,FALSE,0.731,-8.277,1,0.0469,0.0644,6.02e-06,0.0859,0.744,162.073,4,3,"roots_rhythm_fusion",0.59
95756,"1fIReNqIhMYNPkoASu3OR0","Karibe Orquesta","Llego Karibe","Ya No",29,255034,FALSE,0.907,-4.165,1,0.0443,0.204,4.61e-05,0.227,0.627,108.018,4,3,"roots_rhythm_fusion",0.95
95778,"1ynDSPVd2slR5FNJUFSFEv","Salsa Kids","La Magia de Tus Quince Años","Dime Que Sí",28,294556,FALSE,0.764,-9.12,1,0.0323,0.183,1.21e-05,0.0568,0.96,92.553,4,3,"roots_rhythm_fusion",0.8
95780,"6DP3R4vqE4VlU98JrzdZnC","Roberto Blades","Solo Exitos","Si Estuvieras Conmigo",29,281147,FALSE,0.74,-5.277,1,0.0319,0.316,0.000104,0.157,0.898,88.662,4,3,"roots_rhythm_fusion",0.82
95783,"0ptku7rEZ0P5waxUzR16GY","Porfi Baloa;Rodrigo Mendoza","20 Años (La Historia) [En Vivo]","Mosaico Nro. 1 (Huellas - Recuerdos - Anhelo) - En Vivo",27,530779,FALSE,0.735,-6.444,0,0.0427,0.33,2.84e-05,0.512,0.587,95.778,4,3,"roots_rhythm_fusion",0.79
95805,"76MNbhycc2ZhqeCxAVx4Wj","David Cedeño","La Mujer De Mi Vida","No Te Olvidare",28,272491,FALSE,0.627,-10.65,1,0.0368,0.503,0,0.0919,0.871,91.311,4,3,"roots_rhythm_fusion",0.67
95811,"45ai35oxYWwa4LAjEUvQNC","NG2","Homenaje a México, Vol. 1","Desvelado",27,260898,FALSE,0.841,-6.27,0,0.0862,0.461,0,0.674,0.86,99.887,4,3,"roots_rhythm_fusion",0.8
95828,"5wSkEX9SSI7qfAnFCTzOnC","Víctor Manuelle","Le Preguntaba a la Luna","Ella",27,254520,FALSE,0.76,-6.868,1,0.0537,0.311,6.03e-05,0.317,0.887,169.83,4,3,"roots_rhythm_fusion",0.8
95829,"5IfQyCZaEcB2cHoL7OoxVF","Jeff Morales","Tu Sonrisa, Tu Mirada","Vivo Agradecido",28,230826,FALSE,0.824,-8.935,1,0.0462,0.0925,0.000203,0.264,0.845,187.736,4,3,"roots_rhythm_fusion",0.91
95838,"2chvqs8Alabnsxn56F52Lv","La Sonora Dinamita;Playa Limbo","Lo Más Escuchado De","Que Nadie Sepa Mi Sufrir",29,245960,FALSE,0.756,-5.123,0,0.0416,0.323,1.15e-05,0.0489,0.696,105.047,4,3,"roots_rhythm_fusion",0.8
95852,"516i4fPIC2dmcM0sxLFir6","Josimar y Su Yambú","Salsa Pal Barrio","Corazón Embustero",28,349754,FALSE,0.803,-4.894,0,0.0423,0.611,8.52e-06,0.208,0.681,168.019,4,3,"roots_rhythm_fusion",0.73
95856,"462NJycDizHiYl1CjrZiBw","Víctor Manuelle","Decision Unanime","El Perdedor",27,267520,FALSE,0.775,-4.268,0,0.101,0.476,0,0.612,0.589,92.951,4,3,"roots_rhythm_fusion",0.73
95872,"7HkGaHdKOcwzfy50D2J7K9","Sonora Ponceña;Papo Lucca","Unchained Force","Borinquen",27,420002,FALSE,0.521,-7.519,1,0.0663,0.512,0.155,0.0495,0.372,169.129,4,3,"roots_rhythm_fusion",0.85
95875,"3CJ0ftIizqMnsfOGvAHldk","Gilberto Santa Rosa","Necesito un Bolero [(Edición de Lujo)[En Vivo]]","La Primera Vez - En Vivo",27,309373,FALSE,0.43,-9.434,1,0.0825,0.564,0,0.0794,0.167,78.614,4,3,"roots_rhythm_fusion",0.85
95882,"1w6HwsdGR48SEfrIuJCo0v","Los 4","Escucha Lo Que Traje","Fresa y Chocolate",27,255693,FALSE,0.913,-4.052,1,0.152,0.238,5.49e-06,0.0689,0.884,99.987,4,3,"roots_rhythm_fusion",0.78
95890,"4SZI76W5PRBao0BhhIACpv","La Sonora Matancera","Lo Mejor de La Sonora Matancera (Remastered)","Vergüenza - Remastered",29,217293,FALSE,0.456,-7.222,1,0.0267,0.469,0.00158,0.243,0.61,92.051,4,3,"roots_rhythm_fusion",0.75
95896,"3kZ7Zceq5hU9qPoxMwqnTd","David Pabon","Mejor Que Ayer","Lluvia De Amor",27,290873,FALSE,0.722,-8.309,1,0.0413,0.413,2.7e-05,0.111,0.597,168.925,4,3,"roots_rhythm_fusion",0.81
95905,"6RF9F2sSwOnNmpggaBv6R5","Raulin Rosendo","De Aqui Pa'lla","Derroche",28,246586,FALSE,0.698,-6.059,0,0.0539,0.652,1.01e-05,0.102,0.9,159.865,4,3,"roots_rhythm_fusion",0.74
95906,"5koy0AVKkciufDzvJCGRAW","Pupy Santiago","Para Quererte","Para Quererte",27,281707,FALSE,0.711,-5.767,1,0.0323,0.325,0.000452,0.0573,0.798,158.561,4,3,"roots_rhythm_fusion",0.59
95908,"0UEUqZ6WRdwJ6GtxOIJRSP","Amilcar Boscan","Todo Es Relativo","Palabras De Un Adiós",27,263706,FALSE,0.719,-5.702,1,0.0617,0.583,0,0.0835,0.786,82.033,4,3,"roots_rhythm_fusion",0.78
95917,"1fhFL0owoe61gE61XqdAlB","Ala Jaza","La Mejor Version de Mi","La Mejor Version de Mi",28,251428,FALSE,0.818,-4.571,1,0.285,0.382,0.000141,0.17,0.536,142.947,4,3,"roots_rhythm_fusion",0.81
95920,"4PWZHrzR0oSRULq6zcPjXF","Celia Cruz","Bravo","Bravo",29,156533,FALSE,0.431,-7.643,0,0.032,0.798,0.000244,0.346,0.782,108.487,4,3,"roots_rhythm_fusion",0.66
95924,"5OHNTGHfzm41FeJJdSUPSM","David Calzado y su Charanga Habanera;Marvin Freddy;Kayanco","La Entrevista","La Entrevista (with Marvin Freddy y Kayanco)",27,292533,FALSE,0.953,-3.45,1,0.0354,0.0822,5.41e-06,0.475,0.847,97.976,4,3,"roots_rhythm_fusion",0.72
95933,"6IqvaQ39YkmAK9hz3yCLwx","Alquimia La Sonora Del XXI","Leyenda","Que Cañonazos",28,261230,FALSE,0.887,-6.172,0,0.0561,0.603,0.0295,0.0334,0.892,103.544,4,3,"roots_rhythm_fusion",0.74
95935,"1MTl8GTnwygbNAAUhAh4IN","ChiChi Peralta","De Vuelta Al Barrio","De Vuelta Al Barrio",28,266428,FALSE,0.932,-3.838,1,0.0665,0.409,0,0.238,0.948,109.877,4,3,"roots_rhythm_fusion",0.84
95946,"5BaIPWlZaFLhDlbCRRHpsT","Grupo Galé","20 De Julio","Para Siempre",27,297586,FALSE,0.879,-4.741,1,0.041,0.382,4.06e-06,0.331,0.799,176.591,4,3,"roots_rhythm_fusion",0.76
95949,"5W1saOx68bnZmCnzCo7HYq","Billo's","Exitos De Billo's Caracas Boys","Buena Noche (Noche Buena)",29,156786,FALSE,0.621,-9.407,1,0.415,0.103,0.053,0.0994,0.96,165.322,4,3,"roots_rhythm_fusion",0.76
95954,"15zPB39hq3oj3UiNPuclzP","Ray Barretto","Anthology","Cocinando",27,305760,FALSE,0.619,-9.648,0,0.0467,0.408,0.5,0.153,0.842,131.845,4,3,"roots_rhythm_fusion",0.78
95956,"79SkXpXeU1PzR3lwSKJQgE","Mr Black El Presidente","Vivo Por Ti","Vivo por Ti",27,264120,FALSE,0.884,-4.864,0,0.0333,0.246,9.77e-06,0.0429,0.869,114.01,4,3,"roots_rhythm_fusion",0.84
95957,"3x01uHGUwv8q2Mr2c1nUR8","Guayacán Orquesta","Xtremo","Con Qué Derecho",27,278897,FALSE,0.82,-3.187,1,0.0484,0.217,2.35e-06,0.0459,0.723,88.421,4,3,"roots_rhythm_fusion",0.83
95963,"4bfrJISIafNBk7G987ao0l","DLG","Swing On","Juliana",28,297306,FALSE,0.956,-3.643,1,0.0411,0.355,0.00883,0.0962,0.965,94.086,4,3,"roots_rhythm_fusion",0.73
95968,"4p5QWFvTn9INj7XUv1B9cy","Jerry Rivera","20th Anniversary","Cara de Niño",27,296000,FALSE,0.661,-9.046,0,0.045,0.562,0,0.0712,0.954,92.805,4,3,"roots_rhythm_fusion",0.7
95972,"4eckaeM5a6cLsTek6qB371","Orquesta La Solucion","Viajero Del Tiempo","Dios Mío Que Estúpido Fui",26,298710,FALSE,0.874,-4.319,1,0.0301,0.171,1.37e-06,0.247,0.839,97.719,4,3,"roots_rhythm_fusion",0.69
95982,"4WRnraKnd6yqzas1UKzEID","Antonio Cartagena","Ya Me Enteré","Conmigo Aprendió",27,291874,FALSE,0.94,-5.522,0,0.0377,0.154,9.94e-06,0.0766,0.938,165.185,4,3,"roots_rhythm_fusion",0.59
95989,"5xkJsig4DWXtjZ3iVZNgB8","Víctor Manuelle","Victor Manuelle","La Razón de Mi Vida",26,304840,FALSE,0.838,-5.126,1,0.0407,0.345,4.81e-06,0.215,0.706,90.147,4,3,"roots_rhythm_fusion",0.81
95994,"37avrlpv73anEj8DBsPKRl","Cuco Valoy;Roberto Torres","Grandes Soneros de la Epoca","El Juicio Final",27,306906,FALSE,0.903,-4.567,1,0.125,0.439,3.09e-05,0.985,0.814,95.218,4,3,"roots_rhythm_fusion",0.84
96007,"2SJZ8jmtVQxYLmQZoeD3GU","Binod Majhi;Bijay Anand Sahu","Sambalpuri Gudiya","Sambalpuri Gudiya",38,202899,FALSE,0.69,-11.565,0,0.117,0.482,6.57e-05,0.0536,0.626,142.979,4,14,"samba",0.54
96010,"0rUFpKZFlF6bCv1P4pfzxp","Arlindo Cruz","Mtv Ao Vivo Arlindo Cruz - Vol. 2","Chegamos Ao Fim - Ao Vivo",49,200093,FALSE,0.703,-5.815,1,0.0362,0.722,0,0.692,0.804,150.784,4,14,"samba",0.8
96028,"52NM8alcaVAejBlIU0KO6Y","Exaltasamba","25 Anos (Ao Vivo)","Não Tem Hora Nem Lugar",50,254253,FALSE,0.725,-8.485,1,0.0371,0.68,0,0.883,0.501,155.016,4,14,"samba",0.42
96036,"1RzmhT1dTsuS2DYSK863uB","Zeca Pagodinho","Zeca Pagodinho Ao Vivo","Verdade - Ao Vivo",47,334733,FALSE,0.884,-6.062,1,0.203,0.58,0,0.97,0.639,104.168,4,14,"samba",0.5
96045,"2kbTb1Unb8QdXAoajQLHOp","Jorge Ben Jor","Ressaquinha","Alcohol",0,355440,FALSE,0.704,-9.654,0,0.0398,0.278,0,0.0966,0.96,97.378,4,14,"samba",0.52
96046,"5RQyJnbaAbwFZuTOCqK80z","Samba De Dom","Problema Emocional / Volta de Vez Pra Mim / Pra Ser Minha Musa","Problema Emocional / Volta de Vez Pra Mim / Pra Ser Minha Musa",56,320199,FALSE,0.741,-6.65,1,0.0585,0.721,2.16e-06,0.108,0.878,95.997,4,14,"samba",0.5
96049,"5uyHnjSjznvJPQNEgkB9lx","Jorge Ben Jor","Fiesta temática 70s","Os Alquimistas Estão Chegando Os Alquimistas",0,193120,FALSE,0.85,-8.415,1,0.0498,0.449,0.000779,0.74,0.747,100.304,4,14,"samba",0.59
96067,"01Y6Ty0YJVGXWiJOK4zi0q","Diogo Nogueira;Zeca Pagodinho","Mais Amor","Quem Vai Chorar Sou Eu",46,242893,FALSE,0.609,-7.704,0,0.0498,0.684,2.21e-06,0.099,0.971,169.981,4,14,"samba",0.55
96071,"7A7WraHA4SXB7ScKyapAEI","Reinaldo","30 Anos: Uma Vida de Muito Samba! (Ao Vivo)","Problema Emocional - Ao Vivo",47,181120,FALSE,0.351,-23.852,1,0.0518,0.407,0,0.932,0.711,101.966,4,14,"samba",0.59
96081,"5gaaYjMifOCZX72OtAuP8H","Zeca Pagodinho","Zeca Pagodinho Ao Vivo","Vai Vadiar - Ao Vivo",46,270306,FALSE,0.883,-6.874,0,0.163,0.514,0,0.977,0.711,115.046,4,14,"samba",0.53
96085,"5LTwjTZjxnpAe0o0h5RgY0","Ara Ketu","Vida","Face Oculta",47,261133,FALSE,0.777,-6.775,1,0.035,0.168,0,0.07,0.626,126.335,4,14,"samba",0.53
96086,"2dtxhbW7r08fF0oWrhDBpq","Art Popular","Nova Bis - Art Popular (Dois CDs)","Sai Da Frente",46,258839,FALSE,0.856,-7.117,0,0.052,0.606,0,0.975,0.728,95.074,4,14,"samba",0.63
96089,"2Adshg6ixiUmC5ljN4Anx5","Elis Regina","Ressaquinha","Corcovado",0,232786,FALSE,0.44,-9.062,1,0.0459,0.915,5.1e-05,0.697,0.18,105.145,4,14,"samba",0.75
96136,"4q3FCy1LpkERlvZ6wTscLe","Art Popular","Ao Vivo Sem Abuso","Telegrama - Ao Vivo",44,194000,FALSE,0.75,-8.916,1,0.0411,0.422,0,0.725,0.887,167.29,4,14,"samba",0.65
96156,"00Rptyyrh7YXjPwjd7SAsV","Exaltasamba","Esquema Novo","Já Tentei",44,258666,FALSE,0.577,-6.769,1,0.0637,0.75,0,0.525,0.501,137,4,14,"samba",0.55
96157,"5HfvyTRgYaYTwcZZvlmx5Q","Seu Jorge;Sandra De Sá","Musicas para Churrasco, Vol.1 (Ao Vivo) (Delux Edition)","Olhos Coloridos (Ao Vivo)",43,368613,FALSE,0.931,-4.595,0,0.106,0.131,3e-06,0.837,0.592,104.355,4,14,"samba",0.73
96165,"60a5kYlSisLg8291QSfsh4","Diogo Nogueira","Bota Pra Tocar Tim Maia","Bota Pra Tocar Tim Maia",43,222577,FALSE,0.739,-5.827,1,0.0604,0.427,0,0.218,0.832,93.063,4,14,"samba",0.66
96166,"71ydqtysocsBcbQynzGvlh","Stan Getz;João Gilberto;Astrud Gilberto;Antônio Carlos Jobim","Work From Home with Stan Getz","Corcovado (Quiet Nights Of Quiet Stars) - Single Version",45,139986,FALSE,0.198,-15.811,0,0.039,0.952,0.00267,0.119,0.437,128.043,4,14,"samba",0.56
96167,"0RywTYPLSmDNiVOwzo0K1h","Seu Jorge;Zeca Pagodinho","Musicas para Churrasco, Vol.1 (Ao Vivo) (Delux Edition)","Judia de Mim (Ao Vivo)",42,132320,FALSE,0.841,-6.456,1,0.163,0.805,0,0.641,0.911,126.034,4,14,"samba",0.48
96169,"5dqWZZQmtkuQtwbumKVdA7","Exaltasamba","25 Anos (Ao Vivo)","Falando Segredo",44,197146,FALSE,0.834,-9.092,0,0.0432,0.451,0,0.848,0.758,99.964,4,14,"samba",0.57
96172,"1M9n7XnWDThtGZoD4hseVu","Timbalada","Andei Road","Mimar Você",44,240760,FALSE,0.65,-9.931,0,0.0514,0.445,1.88e-06,0.269,0.889,109.081,4,14,"samba",0.37
96178,"6iCMs0adidMqmXJTIxxJkU","Belchior","Belchior","Todo sujo de batom",43,258680,FALSE,0.687,-5.804,1,0.0518,0.453,0,0.142,0.501,104.018,4,14,"samba",0.75
96184,"45WaKduwtrn9qnqj3GYeIX","Jair Rodrigues","Eu Sou...","Vaqueiro De Profissão",45,233240,FALSE,0.587,-10.627,1,0.0465,0.648,0,0.103,0.826,100.509,4,14,"samba",0.73
96194,"3Ayrd8prgnUYU4ErMgflBV","Vou pro Sereno;Reinaldo","A Força do Nosso Som (Ao Vivo)","Agora Viu Que Perdeu e Chora (feat. Reinaldo) - Ao Vivo",43,194837,FALSE,0.783,-7.473,1,0.073,0.465,0,0.832,0.614,87.477,4,14,"samba",0.56
96197,"5hSeEkvyfzOA0eJSRHHfr4","Sambô","Falamansa Sambô (Xote dos Milagres, Xote da Alegria, Rindo a Toa)","Falamansa Sambô - Xote dos Milagres, Xote da Alegria, Rindo a Toa",43,267850,FALSE,0.714,-8.716,1,0.0887,0.527,0,0.13,0.895,165.923,4,14,"samba",0.6
96203,"3NeIv5vFoKByUnjMjMQVEc","Mart'nália","Menino do Rio","Boto Meu Povo Na Rua",44,220093,FALSE,0.559,-10.124,1,0.093,0.65,0.0368,0.111,0.762,90.794,4,14,"samba",0.49
96205,"2YSLNSFt4gK4h5r6H8fA4i","Zeca Pagodinho","Zeca Apresenta: O Quintal Do Pagodinho","Em Um Outdoor - Ao Vivo",42,210626,FALSE,0.568,-7.085,1,0.0896,0.853,0,0.693,0.789,145.918,4,14,"samba",0.67
96209,"1WhWizm70M63k5UVIHX1Fe","Gal Costa","A Pele do Futuro","Palavras No Corpo",43,239560,FALSE,0.416,-6.813,1,0.0423,0.554,0.00145,0.11,0.344,179.728,3,14,"samba",0.56
96214,"2RS04SWRKIpffQMPkNszil","Ney Matogrosso","Nu Com a Minha Música (EP)","Nu Com a Minha Música",44,283557,FALSE,0.52,-11.099,1,0.103,0.746,0.000273,0.11,0.255,160.345,4,14,"samba",0.51
96220,"6RAONTDgrZGRXqeLNNHQLL","Xande De Pilares;André Renato","Esse Menino Sou Eu","Eu Sou De Jorge",42,227394,FALSE,0.804,-5.235,0,0.0446,0.545,0,0.0733,0.942,92.011,4,14,"samba",0.59
96224,"17rejvl74nQobqENTr7NgO","Paulinho Da Viola","Paulinho Da Viola","Coração Leviano",43,174720,FALSE,0.668,-9.562,0,0.0425,0.474,0.0026,0.0642,0.925,107.472,4,14,"samba",0.67
96227,"4pOYZ7wg7OaSu35iAwbuDU","RDN;Suel;Ferrugem","RDN & Amigos, Vol. 2","Joguei a Toalha",43,102701,FALSE,0.519,-8.588,0,0.0444,0.652,0,0.402,0.798,163.758,4,14,"samba",0.48
96228,"4F3GHDGt4yznPzdn9ScHYq","Exaltasamba","Ao Vivo Na Ilha Da Magia","Jeitinho Manhoso / Sincera - Live",43,255520,FALSE,0.705,-8.061,1,0.0409,0.68,0,0.912,0.717,96.078,4,14,"samba",0.68
96235,"2aO2XGt1E68DljkEShM2h0","Akatu;Grupo Revelação","Encontro de Gerações, Vol. 03 (Ao Vivo)","Cenário de Novela - Ao Vivo",42,83491,FALSE,0.677,-7.288,0,0.0625,0.265,0,0.593,0.922,100.07,4,14,"samba",0.61
96237,"4rt3p5ar5Ym9UzJtorbB6X","Art Popular","Ao Vivo Sem Abuso","Megastar - Ao Vivo",43,178666,FALSE,0.686,-9.861,1,0.0333,0.236,0,0.423,0.827,168.703,4,14,"samba",0.7
96248,"4UzgLMoTKm0woWLof31Jf3","Casuarina;Moinho","Roda de Samba do Casuarina e Convidados","Rosa Morena",43,187293,FALSE,0.857,-6.395,1,0.0494,0.725,0.0166,0.773,0.728,106.679,4,14,"samba",0.65
96267,"249w6QiDEGJ4NqRpb02qoS","Ivete Sangalo;Pablo","Duetos 2","Vingança Do Amor",43,178200,FALSE,0.73,-5.136,1,0.0375,0.205,0,0.34,0.53,132.076,4,14,"samba",0.37
96281,"7uuhsiJi37B5GJG9U6z5DE","Vou pro Sereno;LUDMILLA","A Força do Nosso Som Continua (Ao Vivo)","Cara Valente - Ao Vivo",42,215330,FALSE,0.751,-6.774,1,0.103,0.605,0,0.844,0.741,90.681,4,14,"samba",0.55
96282,"6087zQEvQopjLV4Nzau43H","Wilson Simonal","Retratos","Sá Marina",43,201360,FALSE,0.5,-10.947,0,0.0307,0.553,0,0.122,0.719,118.894,4,14,"samba",0.56
96297,"3pmYp7wfaDfr5OwHoxAR9K","Dona Ivone Lara","Pirajá Esquina Carioca - uma Noite com a Raíz do Samba","Acreditar",41,153333,FALSE,0.577,-8.048,1,0.112,0.38,0,0.919,0.695,90.629,4,14,"samba",0.41
96299,"6PRUyxcd4JDpZEZpdbRE65","Thiago Soares","Pagode do Soares de Verão","Que Tinha Que Dar / Amor de Verão / Surpresas de Amor / Resumo de Felicidade / Luz das Estrelas",43,367699,FALSE,0.592,-8.279,1,0.0391,0.802,0,0.246,0.879,88.29,4,14,"samba",0.52
96308,"5nmrgfEUMloywH2BWN7b02","Exaltasamba","25 Anos (Ao Vivo)","Não Seria Justo",42,200440,FALSE,0.66,-8.837,1,0.0344,0.766,0,0.627,0.483,129.211,4,14,"samba",0.66
96309,"4bwjXWiAn669DdICw249sD","Almir Guineto","Almir Guineto","Saco Cheio",40,148026,FALSE,0.784,-7.253,1,0.194,0.552,0,0.128,0.807,105.006,4,14,"samba",0.41
96332,"5Y0fOjIwvBC7ZZC6l6dOPz","Novos Baianos","Infinito Circular (Ao Vivo)","Dê Um Rolê - Ao Vivo",41,196533,FALSE,0.55,-9.911,1,0.0662,0.188,0,0.754,0.391,138.276,4,14,"samba",0.55
96334,"3K0pvRLfYumuUTFFTVmcTT","Jorge Aragão;Emílio Santiago","Ao vivo convida (Redux)","Espelhos d'água - Ao vivo",41,283000,FALSE,0.533,-11.565,1,0.0358,0.505,0.00781,0.956,0.591,131.409,4,14,"samba",0.44
96366,"4DFdqcDtqU9Ch6cFV4cLT6","Zeca Pagodinho","Mais Feliz","Sexta-Feira",40,251455,FALSE,0.672,-11.899,1,0.0639,0.247,0,0.419,0.958,90.005,4,14,"samba",0.63
96367,"7Hy7Wt77IHShFeJNi8aKtm","Vou pro Sereno","Nada pra Fazer","Nada pra Fazer",40,207797,FALSE,0.795,-4.971,1,0.0938,0.461,0,0.226,0.962,112.042,4,14,"samba",0.67
96369,"5Dj4dtQ0HXxvKRdzqELup0","Zeca Pagodinho","Acústico - Zeca Pagodinho (Deluxe / Ao Vivo)","Vacilão - Ao Vivo No Rio De Janeiro / 2003",40,237600,FALSE,0.69,-10.112,1,0.167,0.61,1.25e-05,0.696,0.716,99.705,4,14,"samba",0.39
96374,"5cqdwnYqRTB5dq9AQtMtFL","Dominguinhos","20 Super Sucessos: Dominguinhos (Ao Vivo)","Numa Sala de Reboco - Ao Vivo",43,83764,FALSE,0.84,-6.968,1,0.103,0.362,0,0.213,0.956,178.227,4,14,"samba",0.54
96397,"1IQBDoIDL2SbxnfbKqlIiY","Caju Pra Baixo","Roda de Samba do Caju (Ao Vivo)","Brigas de Paixão / Mundo de Ilusão - Ao Vivo",41,350892,FALSE,0.825,-4.804,0,0.112,0.52,0,0.71,0.734,87.566,4,14,"samba",0.5
96405,"0BMJr5pNM7z5CZRflWjbST","Arlindo Cruz;Zeca Pagodinho","Batuques do Meu Lugar (Ao Vivo)","Meu Poeta / Ainda É Tempo pra Ser Feliz / Termina Aqui - Ao Vivo",40,301040,FALSE,0.733,-7.827,1,0.066,0.704,0,0.911,0.777,99.428,4,14,"samba",0.69
96406,"4JbvHDrUvYR1V1692O94lk","Maria Bethânia","Oásis de Bethânia","Carta de Amor",40,423480,FALSE,0.346,-10.789,1,0.436,0.125,7.93e-06,0.209,0.417,87.864,4,14,"samba",0.56
96409,"3s9KWzMSwuOVUNnB74hTB3","Sambô;Luciana Mello","Sambô (Ao Vivo)","Deixa - Ao Vivo",39,190533,FALSE,0.931,-3.945,0,0.288,0.337,0,0.584,0.686,110.079,4,14,"samba",0.68
96415,"6eLZT3Vv2iwkk7ODW7nclE","Grupo Fundo De Quintal","Samba de Todos os Tempos","Ai Que Saudades da Amélia",39,166480,FALSE,0.698,-14.663,1,0.21,0.404,2.22e-06,0.696,0.783,121.442,4,14,"samba",0.39
96416,"0MYxxhLNtGA5caezmSsS5k","Sensação","Presente Que Deus Mandou","Boca molhada",40,184533,FALSE,0.747,-10.316,1,0.0919,0.111,0,0.259,0.824,81.889,4,14,"samba",0.43
96421,"6sfNtwRBBrRcP4kbh52YZd","RDN;Suel;Ferrugem","RDN & Amigos, Vol. 2","Loucura do Seu Coração",40,72109,FALSE,0.611,-9.184,1,0.0477,0.49,0,0.26,0.626,167.87,4,14,"samba",0.51
96430,"0kKuVSnv97w8dZ0yjde1KU","Katinguelê","Ao Vivo (15 Anos)","No compasso do criador - Ao vivo",39,236146,FALSE,0.783,-7.356,1,0.0454,0.188,0,0.965,0.535,137.02,4,14,"samba",0.81
96443,"5b8poyfGDtheykrP318hiu","Grupo Balaco Baco","NAS MÃOS DO POVO (Live)","Tia Anastácia - Live",40,224496,FALSE,0.901,-5.008,1,0.0872,0.615,5.5e-05,0.592,0.702,126.164,4,14,"samba",0.35
96446,"54hqgmRmvGyWEUNfXkkbQr","Zeca Pagodinho;Beth Carvalho","Zeca Pagodinho Ao Vivo","Camarão Que Dorme A Onda Leva / São José De Madureira / Dor De Amor - Ao Vivo",39,299000,FALSE,0.853,-6.81,1,0.163,0.548,0,0.864,0.775,106.738,4,14,"samba",0.46
96464,"0wAZxpKxIVcRsBLja2n2Ux","Diogo Nogueira","Meu Instinto","Meu Instinto",38,208056,FALSE,0.782,-7.762,1,0.0696,0.207,0,0.238,0.833,170.098,4,14,"samba",0.41
96472,"2mLtn7zqcqalNZSfQZ62ko","Geraldo Azevedo","Raízes e Frutos","Táxi Lunar",39,231066,FALSE,0.47,-11.395,0,0.0356,0.237,0.00163,0.128,0.577,145.703,4,14,"samba",0.56
96491,"4BMcmOV5mCYOnLqIBA5tVa","Grupo Fundo De Quintal","Roda de Samba do Fundo de Quintal no Cacique de Ramos (Ao Vivo)","Conselho / Insensato Destino / Coisa de Pele - Ao Vivo",38,399317,FALSE,0.906,-5.993,1,0.0704,0.379,0,0.569,0.757,104.859,4,14,"samba",0.6
96511,"0n4JisFWNufmnouq4hnuyw","Arlindo Cruz","Mtv Ao Vivo Arlindo Cruz - Vol. 2","Numa Cidade Muito Longe Daqui - Polícia e Bandido - Ao Vivo",39,205693,FALSE,0.743,-6.989,0,0.0365,0.683,0,0.596,0.788,96.959,4,14,"samba",0.5
96530,"1f0FYo2ou3wnQwnBfnXxzE","Diogo Nogueira;Zeca Pagodinho","Alma Brasileira (Ao Vivo / Edição Especial)","Paixão Além Do Querer / Quem Vai Chorar Sou Eu - Ao Vivo",38,241257,FALSE,0.725,-6.621,1,0.0338,0.736,0,0.208,0.815,94.909,4,14,"samba",0.49
96535,"3qlFb7l26oCFi7xIQOkCYI","Samba De Raiz","Samba de Raiz - Ao Vivo, Vol. 2","Coisa de Pele - Ao Vivo",38,189800,FALSE,0.802,-11.088,1,0.125,0.742,0,0.916,0.922,100.365,4,14,"samba",0.53
96537,"1wWwIwO2GdnDfvUywsAJhl","Art Popular","Ao Vivo Sem Abuso","Sentinela - Ao Vivo",39,200680,FALSE,0.87,-9.23,0,0.0396,0.313,7.54e-05,0.931,0.896,87.871,4,14,"samba",0.48
96540,"6TW2UaFBGDWxZGY9wW7536","Exaltasamba","Ao Vivo Na Ilha Da Magia","Duas Vidas Num Só Ideal - Extra / Ao Vivo Na Ilha Da Magia,Brasil/2008",39,224186,FALSE,0.582,-8.438,1,0.0483,0.646,0,0.953,0.713,75.078,4,14,"samba",0.66
96551,"0xmFMrp79pxqE8dvT28rW5","Mantu Chhuria;Dipti Rekha Padhi","Mantu Chhuria Hits","DJ Bajiba Aji",26,179629,FALSE,0.849,-4.737,0,0.0792,0.12,0,0.205,0.704,149.911,4,14,"samba",0.62
96566,"3bf10zYQkq7Ac1cEWM4lxS","Vou pro Sereno","Nada Pra Fazer (Ao Vivo)","Logo Dou um Jeito - Ao Vivo",39,208374,FALSE,0.842,-6.744,1,0.0819,0.533,0,0.402,0.595,92.946,4,14,"samba",0.62
96583,"1mXeUqRcKGhK6j6UzY3D6Z","Paulo Diniz","20 Super Sucessos","Um Chope pra Distrair - Chope Duplo",40,169927,FALSE,0.543,-7.363,0,0.0257,0.615,0.0135,0.134,0.77,100.048,4,14,"samba",0.59
96593,"3jySu0skbyzYXK7XTQlsx6","Jorge Aragão","Ao vivo 3","De Sampa a São Luis - Ao vivo",38,301986,FALSE,0.478,-13.805,1,0.0406,0.771,0.00233,0.695,0.591,93.855,4,14,"samba",0.63
96594,"0e7SdulOBBTeSS7B2idUDd","Exaltasamba","Dança Do Bole, Bole","Dança Do Bole, Bole",39,242120,FALSE,0.855,-5.167,1,0.22,0.777,0,0.974,0.957,92.425,4,14,"samba",0.7
96599,"5vl8B2KQ7fcKe3qzoYDyBK","Grupo Pagode;Churrasco","Pagode & Churrasco - Vol. 1","Retrato Cantado De Um Amor/ O Preço Da Traição",38,231946,FALSE,0.833,-7.118,0,0.0371,0.27,3.68e-05,0.289,0.962,100.163,4,14,"samba",0.68
96607,"73V4hpSoL889KOpT22uO49","Ivete Sangalo;Vanessa Da Mata","Tudo Bateu","Tudo Bateu",40,228329,FALSE,0.829,-6.777,1,0.0404,0.0228,1.43e-05,0.231,0.674,92.027,4,14,"samba",0.54
96609,"6J6fPEMiLUGxqmwiNCPwdk","RDN;Vitinho;Caju Pra Baixo","RDN e Amigos 2, Bloco 1","E Agora?",39,93617,FALSE,0.67,-9.101,0,0.0323,0.41,0,0.647,0.923,163.914,4,14,"samba",0.56
96624,"4rmTER4DSUQqYoWezi02py","Grupo Fundo De Quintal","Nossa Verdade","Conselho / Insensato Destino",37,231613,FALSE,0.59,-9.272,1,0.135,0.14,0,0.137,0.872,93.914,4,14,"samba",0.66
96625,"2vhwNpHlTFGSwGffxVMIuM","Jards Macalé","O Que Faço É Musica","Vapor Barato",39,304533,FALSE,0.125,-15.98,0,0.0489,0.895,0.00182,0.171,0.14,77.595,4,14,"samba",0.66
96628,"4UkeYJydnXF1vft0DfE7hs","Tim Maia","Tim Maia In Concert","Primavera (Vai Chuva)",39,320826,FALSE,0.626,-7.553,1,0.042,0.0107,0.000236,0.466,0.132,74.784,4,14,"samba",0.73
96635,"02UfBmMerddIN9u4AF7srK","Maria Bethânia","Amor Festa Devoção Ao Vivo","Explode Coração - Ao Vivo",38,100853,FALSE,0.301,-12.007,1,0.705,0.912,0,0.92,0.331,75.318,3,14,"samba",0.74
96646,"5JCuRQPbg4yGKqPqR3y8GQ","Caju Pra Baixo","Roda de Samba do Caju (Ao Vivo)","Samba de Roda da Bahia - Ao Vivo",38,209071,FALSE,0.914,-4.579,1,0.155,0.578,0,0.857,0.71,120.421,4,14,"samba",0.47
96653,"19K67ARK51RFvi3CDdB69g","Emerson Dias;Acadêmicos Do Salgueiro","Sambas De Enredo Das Escolas De Samba 2019","Xangô",37,331853,FALSE,0.657,-9.503,0,0.0423,0.195,0,0.275,0.798,143.184,4,14,"samba",0.43
96661,"4vvsoE0obRvFalTtxHGnTn","Luiz Gonzaga","Aboios & Vaquejadas, Nos Caminhos da Fé e São João Na Roça","A Morte do Vaqueiro",38,161133,FALSE,0.537,-5.023,0,0.0308,0.735,0,0.186,0.668,125.447,4,14,"samba",0.58
96667,"4txahEqLKtMJhVe6ezQH8k","Exaltasamba","Pagode Do Exalta Ao Vivo","Eu Chorei",38,293826,FALSE,0.579,-9.173,1,0.0434,0.768,0,0.609,0.549,155.284,4,14,"samba",0.53
96689,"0afzbGeLZ5riHbYvyr7UvJ","Maria Rita","Redescobrir (Live At Credicard Hall, São Paulo / 2012)","O Bêbado E A Equilibrista - Live At Credicard Hall, São Paulo / 2012",38,190560,FALSE,0.523,-12.445,1,0.0391,0.777,0.00184,0.817,0.346,98.713,4,14,"samba",0.67
96694,"4YwjGd3CwzBiuulNuzcNff","Zeca Pagodinho","Zeca Pagodinho - Uma Prova De Amor Ao Vivo (Deluxe)","Coração Em Desalinho - Ao Vivo",37,171160,FALSE,0.818,-7.535,0,0.1,0.804,0,0.976,0.762,128.512,4,14,"samba",0.69
96713,"25HclJk7rKi20MzZ8ZhsVg","Jorge Ben Jor","Acústico Jorge Ben Jor A + B (Ao Vivo)","Que Maravilha - Ao Vivo",37,151253,FALSE,0.81,-8.381,0,0.0438,0.385,0,0.914,0.841,129.066,4,14,"samba",0.59
96716,"0FbO6ScdOkmzIsAxlAwpGk","Seu Jorge;Zeca Pagodinho","Musicas para Churrasco, Vol.1 (Ao Vivo) (Delux Edition)","Deixa a Vida Me Levar (Ao Vivo)",36,154240,FALSE,0.904,-6.488,1,0.0677,0.784,6.37e-05,0.162,0.645,122.515,4,14,"samba",0.51
96731,"5buIMeMIYe0fYSj2tUkdXv","Zeca Pagodinho","Acústico - Zeca Pagodinho (Deluxe / Ao Vivo)","Seu Balancê - Ao Vivo No Rio De Janeiro / 2003",37,217626,FALSE,0.6,-11.102,1,0.0559,0.434,1.19e-06,0.913,0.686,95.002,4,14,"samba",0.5
96732,"4bVDpST68XVycJtWWyeZs6","Grupo Sensação","Mais uma Paixão","Apelo",37,230948,FALSE,0.582,-13.796,1,0.0548,0.631,8.03e-06,0.122,0.724,159.807,4,14,"samba",0.43
96744,"167xsZUsnDXSnc1tTPboEE","Arlindo Cruz","Pagode do Arlindo (Ao vivo)","Bom ambiente - Ao vivo",37,223453,FALSE,0.625,-8.501,0,0.0927,0.573,2.2e-05,0.699,0.612,98.079,4,14,"samba",0.55
96796,"5qP9oCEcgVx6plJyS5oD7w","Belchior","2 é Demais","Pequeno perfil de um cidadão comum",37,235666,FALSE,0.54,-6.732,0,0.0258,0.0711,1.11e-06,0.18,0.369,134.136,4,14,"samba",0.59
96814,"0PNEaYoyVtle4LpYYljcs3","Wilson Simonal","Simonal","Moro No Fim Da Rua",38,187173,FALSE,0.469,-13.313,1,0.0334,0.214,0.000558,0.162,0.89,79.475,4,14,"samba",0.49
96817,"4sri8EK0L50ySCZw2vsj4e","Elza Soares;BaianaSystem;Virgínia Rodrigues","Libertação","Libertação",37,259547,FALSE,0.883,-5.438,0,0.0717,0.212,0.445,0.185,0.696,105.024,4,14,"samba",0.46
96831,"12bzWEGUukIepPKInajHzZ","Ivete Sangalo","O Carnaval De Ivete Sangalo 2015 (Ao Vivo)","Na Base Do Beijo / Manda Ver / Pra Abalar - Ao Vivo / Medley",37,266733,FALSE,0.965,-5.605,1,0.25,0.133,4.63e-05,0.416,0.534,168.05,4,14,"samba",0.73
96843,"3W3IY5TNgLjxzUi3p26x3z","Xande De Pilares","Pagode da Tia Gessy - Que Samba Bom (Ao Vivo)","Louco Apaixonado - Ao Vivo",36,200716,FALSE,0.714,-7.326,0,0.0365,0.794,0,0.484,0.863,88.954,4,14,"samba",0.52
96851,"0IYrGOyrB4IM1Q1nMGnpSk","Dominguinhos","Nas Costas Do Brasil","Isso Aquí Tá Bom Demais",38,154240,FALSE,0.802,-7.717,1,0.043,0.256,0.00262,0.314,0.809,139.992,4,14,"samba",0.67
96855,"5969KczTCCLeaABLlGytau","Arlindo Cruz","Sambabook João Nogueira, 2","Alô Madureira",36,130306,FALSE,0.606,-12.11,1,0.133,0.288,0,0.131,0.812,99.924,4,14,"samba",0.51
96861,"7aMj7JnG50vplpdNJRh0z9","Grupo Fundo De Quintal","O Quintal do Samba","Papo de Samba",35,202666,FALSE,0.933,-5.113,1,0.114,0.377,0,0.617,0.811,95.618,4,14,"samba",0.62
96863,"6TDKS9BH1oLIji2lmh1xwe","Akatu","Akatu Relax","Perco a Linha / É Natural / Distante do Seu Mundo / Fulminante",36,417986,FALSE,0.66,-6.465,0,0.0323,0.698,0,0.409,0.871,156.575,4,14,"samba",0.46
96874,"35wwcw8U2AaSqghkG21Wjx","Alcione","Ao vivo","Estranha loucura - Ao vivo",37,281173,FALSE,0.605,-7.022,1,0.0348,0.284,0,0.94,0.361,79.697,4,14,"samba",0.29
96883,"0AsOBvYOdl3UliZNmoitd5","Agepê","Warner 25 Anos","Moro onde não mora ninguém",37,207480,FALSE,0.694,-7.852,1,0.0627,0.28,0,0.252,0.758,139.856,4,14,"samba",0.39
96890,"5ld6sD1zwUjCXCsionDz73","Demonios Da Garoa","Demônios da Garoa no Estúdio Showlivre, Vol. 2 (Ao Vivo)","Naquela Mesa - Ao Vivo",36,185396,FALSE,0.498,-9.293,0,0.039,0.708,0.0413,0.0891,0.92,127.853,4,14,"samba",0.41
96891,"4gxoJTKzcXv5PeGjerOugH","Zeca Pagodinho;Chico Da Curimba","Zeca Pagodinho Ao Vivo","Chico Não Vai Na Corimba - Ao Vivo",35,269293,FALSE,0.893,-6.492,1,0.339,0.629,0,0.987,0.873,106.591,4,14,"samba",0.41
96902,"0s4xLRUaaSo9iwdHUmFjWK","RDN;Vitinho;Caju Pra Baixo","RDN e Amigos 2, Bloco 2","Só Depois",37,85730,FALSE,0.774,-8.786,0,0.0383,0.539,0,0.358,0.834,98.146,4,14,"samba",0.58
96903,"58JlXYv5pJOuT1ng9qmn3h","Jorge Ben Jor","Acústico Jorge Ben Jor A + B (Ao Vivo)","Jorge De Capadócia - Ao Vivo",35,433400,FALSE,0.611,-9.635,0,0.0318,0.254,1.01e-05,0.731,0.61,109.678,4,14,"samba",0.49
96911,"6eMUVgHg5pqKz2F1m7DPeZ","Caju Pra Baixo;Belo","Ao Vivo em Marechal Hermes","Te Quero - Ao Vivo",36,176234,FALSE,0.691,-6.309,1,0.0379,0.755,2.61e-06,0.688,0.629,90.231,4,14,"samba",0.74
96916,"4ZHGp2rnIwRkjexeUgCOTf","Alcione","Maxximum - Alcione","Pior é Que Eu Gosto",37,258973,FALSE,0.626,-7.252,1,0.0561,0.372,2.87e-06,0.0959,0.403,80.601,4,14,"samba",0.74
96918,"0jFT8rusCXzDuTTcgIFlRV","Almir Guineto","Pés","Brilho No Olhar",35,247666,FALSE,0.685,-10.372,1,0.0369,0.501,0,0.233,0.462,135.851,4,14,"samba",0.47
96923,"6tXCw4NYlgQufigIAwb2HP","Ed Motta","Ed Motta e Conexão Japeri","Vamos dançar",37,226280,FALSE,0.731,-12.323,0,0.0453,0.377,0.162,0.0422,0.814,123.076,4,14,"samba",0.55
96927,"1yPSpNqKpianRoWMlBb2zm","Grupo Fundo De Quintal;Alcione","Ao vivo convida","Parabéns pra você - Ao vivo",35,285306,FALSE,0.832,-7.206,0,0.162,0.628,0,0.804,0.664,83.614,4,14,"samba",0.56
96928,"0EMDeZBPoOIDnENHhjvvTY","Seu Jorge","Musicas para Churrasco, Vol.1 (Ao Vivo) (Delux Edition)","Sossego Músic Incidental Deixa Isso Prá Lá (Ao Vivo)",35,329733,FALSE,0.921,-4.778,1,0.333,0.42,0.00105,0.979,0.406,137.017,4,14,"samba",0.51
96933,"23xX4pOOXttj93dlUExXc1","Dorival Caymmi","Eu Não Tenho Onde Morar","O Que É Que A Baiana Tem",36,150093,FALSE,0.643,-12.076,1,0.0743,0.216,0,0.199,0.729,87.339,4,14,"samba",0.66
96940,"2kMO8rtu7SiPStIreKypCp","Grupo Sensação","Mais uma Paixão","Um Dia",36,229903,FALSE,0.618,-13.44,0,0.0446,0.38,2.88e-05,0.417,0.909,153.43,4,14,"samba",0.57
96944,"6jiMmxKqeXsnrqxJhYJd4G","Zeca Pagodinho","Zeca Pagodinho Ao Vivo","Minha Fé - Ao Vivo",35,206906,FALSE,0.869,-6.734,1,0.14,0.616,0,0.747,0.811,108.364,4,14,"samba",0.39
96948,"1iWGeK5CeU3XW6DlRgPkyY","Zeca Pagodinho","Zeca Pagodinho Ao Vivo","Feirinha Da Pavuna / Luz Do Repente / Bagaço Da Laranja - Ao Vivo",35,107106,FALSE,0.945,-5.139,1,0.219,0.555,0,0.918,0.679,113.669,4,14,"samba",0.46
96951,"50jkMDHSMqSYl58N4m5eeP","Mantu Chhuria;Asima Panda;Abhinash Mishra","Sambalpuri Nagin Dance","Sambalpuri Nagin Dance",23,304008,FALSE,0.956,-2.568,1,0.208,0.0814,2.05e-06,0.116,0.64,91.99,4,14,"samba",0.38
96966,"0GPPvr8CQjcRLZ7Vmenv4z","Samba da Vela","A Comunidade","Pra Vela Não Se Apagar",34,170040,FALSE,0.754,-7.824,1,0.0843,0.721,0,0.122,0.829,116.305,4,14,"samba",0.63
96972,"7bIZ7nab7Zf7TOBai256Am","Belchior","Melodrama","Dandy",36,213786,FALSE,0.393,-9.115,1,0.0301,0.731,7.38e-05,0.121,0.319,81.733,4,14,"samba",0.58
96974,"0vkjPQ4zBBXcN2tpGTpKBv","Trio Nordestino","Grandes Sucessos Vol. 1","Forró Pesado",36,194360,FALSE,0.869,-5.092,0,0.043,0.161,1.62e-06,0.347,0.978,103.92,4,14,"samba",0.57
96986,"0qYBMoQ6E8EMmFk2MDqjiO","Akatu;Grupo Revelação;Pique Novo","Encontro de Gerações, Vol. 02 (Ao Vivo)","Tô Carente, Meu Bem - Ao Vivo",35,100821,FALSE,0.683,-7.365,1,0.0404,0.552,0,0.664,0.924,163.719,4,14,"samba",0.49
96996,"7nMzPmHxYfugIx3w1igro5","Belchior","Coração selvagem (1977)","Caso comum de trânsito",36,179256,FALSE,0.856,-6.266,1,0.0616,0.144,9.31e-05,0.209,0.905,124.617,4,14,"samba",0.48
96997,"16jLD5dbNezhD6LfKDIHwm","Benito Di Paula","Benito Di Paula Ao Vivo","Retalhos De Cetim - Live",36,339960,FALSE,0.513,-12.547,0,0.0387,0.561,3.32e-06,0.95,0.41,109.146,4,14,"samba",0.52
99001,"0NLkVxf0PyxsXBG3EuZcJf","Anuv Jain","Gul","Gul",71,217241,FALSE,0.294,-12.301,1,0.0292,0.871,8.66e-05,0.102,0.342,86.97,4,5,"singer_early_pop",0.43
99004,"1gWtHDe403RuyZqhvSRcv8","Prateek Kuhad","Tune Kaha","Tune Kaha",55,216885,FALSE,0.763,-8.514,1,0.0589,0.015,0.00481,0.237,0.431,187.291,4,5,"singer_early_pop",0.16
99015,"06vNG6CiV4k8oNA0wUUAO7","Stephen Sanchez","Until I Found You (Piano Version)","Until I Found You - Piano Version",74,184895,FALSE,0.148,-10.449,1,0.0279,0.927,0,0.101,0.228,95.451,3,5,"singer_early_pop",0.36
99032,"6SWsSQnuTOyE6DOJG7Zdi4","Suzonn","Sun Lo Na (Raw)","Sun Lo Na (Raw)",55,174466,FALSE,0.178,-15.241,1,0.0464,0.748,0.00593,0.0937,0.632,130.089,3,5,"singer_early_pop",0.43
99040,"0RSGPiykniIg8m7JhiAVv7","Anupam Roy","Aisi Raaton","Aisi Raaton",62,218930,FALSE,0.443,-8.946,1,0.0529,0.88,0.000141,0.0989,0.538,176.035,4,5,"singer_early_pop",0.34
99041,"47hXMyQDGW8sA1NGqmFL7h","Prateek Kuhad","The Way That Lovers Do","All I Need",56,153693,FALSE,0.356,-11.432,1,0.0462,0.771,0.694,0.1,0.519,116.023,4,5,"singer_early_pop",0.31
99048,"3FTRSa9mWB3kKx2jkhUAN3","Prateek Kuhad","Tum Jab Paas - Single","Tum Jab Paas",60,235932,FALSE,0.344,-7.712,1,0.0379,0.528,1.62e-06,0.113,0.471,122.1,3,5,"singer_early_pop",0.35
99050,"4HbeGjbt7u3pvwDk1vN7P0","Sufjan Stevens","Call Me By Your Name (Original Motion Picture Soundtrack)","Mystery of Love",68,248964,FALSE,0.273,-16.526,0,0.038,0.94,0.431,0.109,0.238,132.285,5,5,"singer_early_pop",0.36
99051,"6ymoA9aCgqTyoQLIeR7vCX","Taba Chake","Bombay Dreams","Shaayad",52,208000,FALSE,0.474,-8.498,1,0.0308,0.671,9.09e-06,0.114,0.43,94.967,4,5,"singer_early_pop",0.43
99062,"0tEAGQTo2PXnWFKn99x0a7","Osho Jain;Melissa Srivastava","Uljhe Hue (From ""Uljhe Hue"")","Uljhe Hue - From ""Uljhe Hue""",51,112750,FALSE,0.123,-10.427,1,0.0346,0.908,0,0.0729,0.256,76.569,4,5,"singer_early_pop",0.31
99066,"5m4FuvMmLOnq7Gpt0ckAcf","Anurag Vashisht;Riya Tickoo","Tum 2.0","Tum 2.0",50,235394,FALSE,0.388,-9.231,1,0.0405,0.692,0,0.163,0.293,171.443,4,5,"singer_early_pop",0.48
99091,"590JYe8wv0UUaE0kEty4qa","Bryan Adams","Jingle Bell Rock 2022","Merry Christmas",0,151387,FALSE,0.511,-5.598,1,0.0279,0.406,0.000197,0.111,0.598,109.991,3,5,"singer_early_pop",0.5
99098,"5JfCThSgcFgzV6gGi7BxBP","Kate Bush","OK Boomers - Top Tunes","Wuthering Heights",0,205573,FALSE,0.429,-10.007,1,0.0326,0.18,0.00106,0.128,0.504,123.802,4,5,"singer_early_pop",0.51
99101,"6gK2gR0uyFFYJ5sKH4zyjx","Tanmaya Bhatnagar","Kahaani","Kahaani",49,215113,FALSE,0.327,-13.647,1,0.0359,0.867,0.314,0.1,0.274,132.006,4,5,"singer_early_pop",0.47
99125,"3AcPAEsILGtsyht7FYxlyj","Bryan Adams","Rockin' Around The Christmas Tree 2022","Merry Christmas",0,151387,FALSE,0.511,-5.598,1,0.0279,0.406,0.000197,0.111,0.598,109.991,3,5,"singer_early_pop",0.51
99136,"6je1dnckDvoE04VJtC5zww","Bryan Adams","Weihnachtslieder 2022","Christmas Time",0,243057,FALSE,0.582,-4.324,1,0.0253,0.472,0,0.103,0.326,77.321,4,5,"singer_early_pop",0.29
99139,"7ujmpF0vCLlFJJBPmiFXQR","Bryan Adams","Christmas Songs 2022","Christmas Time",1,243057,FALSE,0.582,-4.324,1,0.0253,0.472,0,0.103,0.326,77.321,4,5,"singer_early_pop",0.52
99147,"0PrJoHwj4r5x4bWOZ03JNT","Bryan Adams","Holidays Are Coming","Christmas Time",1,243057,FALSE,0.582,-4.324,1,0.0253,0.472,0,0.103,0.326,77.321,4,5,"singer_early_pop",0.49
99148,"2hmvQvru8BNa9ORSJZfchd","Bryan Adams","Beste Weihnachtslieder","Christmas Time",0,243057,FALSE,0.582,-4.324,1,0.0253,0.472,0,0.103,0.326,77.321,4,5,"singer_early_pop",0.2
99154,"6IjeHG6oLIkZeSq2SMEAtd","Taba Chake","Blush","Blush",47,199000,FALSE,0.469,-8.314,1,0.0543,0.649,6.26e-05,0.124,0.495,66.383,4,5,"singer_early_pop",0.41
99155,"2bGCXKKxk0FyTwYeJooaJH","Osho Jain","Khush to Hai Na","Khush to Hai Na",46,191020,FALSE,0.0977,-15.128,1,0.0427,0.97,4.16e-05,0.0863,0.462,147.127,4,5,"singer_early_pop",0.38
99157,"0Qs67RelQ1FHAPkVBUoTDu","Anupam Roy","Pari","Meri Khamoshi Hai",49,318511,FALSE,0.285,-14.143,1,0.0307,0.836,0.00572,0.118,0.206,92.033,4,5,"singer_early_pop",0.23
99162,"5NjfO70bhIyNOOFBcXb6ql","Maximillian","Ripples","On My Mind",61,174213,FALSE,0.48,-6.762,0,0.0601,0.03,0,0.491,0.555,98.46,4,5,"singer_early_pop",0.33
99179,"3yMC1KsTwh0ceXdIe4QQAQ","Lauren Spencer Smith","Fingers Crossed","Fingers Crossed",81,175344,FALSE,0.473,-7.23,1,0.0533,0.618,0,0.31,0.441,109.414,4,5,"singer_early_pop",0.52
99193,"2cSy0PF9D9NNxzBGVFCLyH","Annie Lennox","Rockin' Around The Christmas Tree 2022","Silent Night",1,223040,FALSE,0.124,-13.758,1,0.0364,0.781,0,0.0929,0.0717,77.914,3,5,"singer_early_pop",0.25
99194,"2i2OcA6VgW9EyyFD5X5PcV","Annie Lennox","Christmas Songs 2022","Silent Night",1,223040,FALSE,0.124,-13.758,1,0.0364,0.781,0,0.0929,0.0717,77.914,3,5,"singer_early_pop",0.47
99200,"2W779g2UrRZtVdf3FcEOO1","Lyn Lapid","In My Mind","In My Mind",73,162794,FALSE,0.392,-12.178,0,0.0585,0.789,0.00275,0.345,0.323,135.936,3,5,"singer_early_pop",0.53
99215,"4U45aEWtQhrm8A5mxPaFZ7","Billy Joel","The Stranger (Legacy Edition)","Vienna",78,214240,FALSE,0.495,-6.662,1,0.0343,0.659,0,0.0754,0.308,124.936,4,5,"singer_early_pop",0.49
99218,"74fmOZkSwZfQlir02KmDwH","Jax","Pop n' Fresh","Victoria's Secret",0,176124,TRUE,0.556,-7.639,1,0.0592,0.00655,0,0.0836,0.517,167.018,4,5,"singer_early_pop",0.48
99223,"7yCy7oPvNzFt8mUw3TVswk","Jax","Top Off Snap Hits","Victoria's Secret",0,176124,TRUE,0.556,-7.639,1,0.0592,0.00655,0,0.0836,0.517,167.018,4,5,"singer_early_pop",0.4
99224,"6ep8wzWVQz8FTbVrqA9zr6","Jax","Baddest of Them All","Victoria's Secret",0,176124,TRUE,0.556,-7.639,1,0.0592,0.00655,0,0.0836,0.517,167.018,4,5,"singer_early_pop",0.31
99228,"5LjHZiGtvpwWZoHpsKnVIY","Jax","It's You - Fresh Hits","Victoria's Secret",0,176124,TRUE,0.556,-7.639,1,0.0592,0.00655,0,0.0836,0.517,167.018,4,5,"singer_early_pop",0.37
99229,"02gH8djuf4t1V0aCaPBfNM","Em Beihold","Frühstücksmusik Herbst/Winter 2022/2023","Numb Little Bug",0,169237,FALSE,0.527,-6.892,0,0.0769,0.327,0,0.25,0.638,84.974,4,5,"singer_early_pop",0.34
99241,"5uc8qnreoDC8ZxVZ8EjZRc","Annie Lennox","Halloween Party 2022","I Put A Spell On You (Fifty Shades of Grey) - From ""Fifty Shades Of Grey"" Soundtrack",0,210520,FALSE,0.383,-7.544,0,0.0322,0.283,2.59e-06,0.127,0.358,173.98,3,5,"singer_early_pop",0.23
99246,"1czrV52qlUec3aPirLYYcL","Willie Nelson;Norah Jones","Desayuno en calma","Baby It's Cold Outside",1,240533,FALSE,0.358,-11.136,1,0.0671,0.717,0,0.112,0.449,90.475,4,5,"singer_early_pop",0.28
99250,"5gBW4PhXqiUVL8FJ5K9opo","Taba Chake","Bombay Dreams","Walk With Me",51,170011,FALSE,0.316,-9.507,1,0.0671,0.447,0.00023,0.079,0.652,81.403,4,5,"singer_early_pop",0.33
99257,"7eTy1IzCaICfm6JYy1BV4u","Prateek Kuhad","cold/mess","with you/for you",46,231897,FALSE,0.317,-13.775,1,0.0358,0.812,0.149,0.106,0.33,114.078,4,5,"singer_early_pop",0.45
99273,"1q32AhBbgDPdBr5VyCRHq6","Stephen Sanchez","What Was, Not Now","I Want You",60,210453,FALSE,0.313,-9.689,1,0.0288,0.815,0,0.103,0.233,125.991,4,5,"singer_early_pop",0.24
99277,"54S8gAjWou3sGde0vU4DxY","Paolo Nutini","Session Acoustique","Last Request",2,220413,TRUE,0.704,-6.564,1,0.0477,0.241,0,0.137,0.399,80.93,4,5,"singer_early_pop",0.23
99282,"5JuEJHeydYTaObYY1h9MgA","Tom Petty","Обратно в клас - rock","Free Fallin'",0,255680,FALSE,0.504,-11.562,1,0.025,0.0614,0,0.06,0.568,84.335,4,5,"singer_early_pop",0.4
99290,"3Gdi12wIjkRZgQH47sD2e9","Tom Petty","Rock Workout 2023","Free Fallin'",1,255680,FALSE,0.504,-11.562,1,0.025,0.0614,0,0.06,0.568,84.335,4,5,"singer_early_pop",0.29
99296,"3A47sbm8jQSMNyAtLHk9Em","James Taylor;Toots Thielemans","12 Days of Christmas 2022","The Christmas Song (Chestnuts Roasting On An Open Fire)",0,232106,FALSE,0.334,-9.886,1,0.0314,0.364,8.45e-06,0.256,0.22,120.82,3,5,"singer_early_pop",0.25
99306,"4346ts6RdbK3diJWlFX37J","Ayush Panda","Kuch Soona Sa Hai","Kuch Soona Sa Hai",41,283312,FALSE,0.386,-8.845,1,0.0252,0.822,1.85e-06,0.107,0.158,91.89,4,5,"singer_early_pop",0.28
99314,"7p33u7IZ8j9NoQeI1v45oG","Anupam Roy","Belaseshe","Obhabe Keno",43,213016,FALSE,0.307,-11.479,1,0.032,0.871,2.72e-05,0.114,0.316,77.917,4,5,"singer_early_pop",0.3
99319,"7vFv0yFGMJW3qVXbAd9BK9","John Mayer","Room For Squares","Your Body Is a Wonderland",74,249626,FALSE,0.729,-6.251,1,0.0236,0.0206,0.0489,0.134,0.687,94.01,4,5,"singer_early_pop",0.54
99325,"7IbVH1oEbzPD17c6tfhYL7","Sheryl Crow","Human - Best Adult Pop Tunes","Be Myself",0,261760,FALSE,0.788,-7.368,0,0.0406,0.177,0,0.21,0.692,116.823,4,5,"singer_early_pop",0.5
99327,"4jEl93fC34ZtDkX0CLlAYP","Jimmy Buffett","Best 70s Rock Tunes","Survive",0,291400,FALSE,0.13,-16.808,1,0.0318,0.399,1.05e-05,0.103,0.369,146.689,4,5,"singer_early_pop",0.46
99329,"1xvADDTyr4ZCu5NPPkOJzU","Jimmy Buffett","Best 70s Rock Tunes","Survive",0,291400,FALSE,0.13,-16.808,1,0.0318,0.399,1.05e-05,0.103,0.369,146.689,4,5,"singer_early_pop",0.5
99348,"0sL9GKpJKZRngHncF2r0Rg","Tom Petty and the Heartbreakers","Home At Christmas","Christmas All Over Again",0,253626,FALSE,0.838,-6.196,1,0.0423,0.0956,0,0.473,0.619,138.908,4,5,"singer_early_pop",0.32
99351,"32YHCNItnCdiYaPbw0uTo8","Annie Lennox","Fifty Shades Of Grey (Original Motion Picture Soundtrack)","I Put A Spell On You (Fifty Shades of Grey) - From ""Fifty Shades Of Grey"" Soundtrack",65,210520,FALSE,0.383,-7.544,0,0.0322,0.283,2.59e-06,0.127,0.357,173.984,3,5,"singer_early_pop",0.38
99354,"39ZVkOVxjG8ypNdUSVNkxU","David Kushner","Mr. Forgettable","Mr. Forgettable",73,187293,FALSE,0.41,-9.227,0,0.0276,0.544,0,0.151,0.28,144.727,4,5,"singer_early_pop",0.46
99358,"3chiE90csYmQ8UIZvuT9gH","Hanita Bhambri","Khushiyon Ke Pal","Khushiyon Ke Pal",41,161666,FALSE,0.325,-10.199,1,0.0305,0.867,0,0.079,0.342,143.897,4,5,"singer_early_pop",0.32
99361,"6la3Kme7O7D01fJPxgpAS5","詹雯婷","訣愛","訣愛 (劇集《蒼蘭訣》片頭曲)",69,189295,FALSE,0.62,-6.492,1,0.0365,0.313,0,0.0672,0.169,142.026,4,5,"singer_early_pop",0.21
99367,"2jhl4HxYbNC5OPvqxiodUG","Osho Jain","Saar","Kya Dekhu",41,185059,FALSE,0.205,-12.279,1,0.0307,0.884,1.98e-06,0.139,0.31,82.953,4,5,"singer_early_pop",0.39
99370,"39lOHITmszIVH9WF4Jpbum","Prateek Kuhad","The Way That Lovers Do","Bloom",43,219573,FALSE,0.488,-7.339,1,0.0255,0.597,0.0982,0.184,0.468,81.019,4,5,"singer_early_pop",0.25
99373,"35PKfoynRpVFoAUE3D5Kc6","Hozier","Hozier","Work Song",63,229715,FALSE,0.388,-7.687,1,0.1,0.776,0,0.112,0.256,177.549,3,5,"singer_early_pop",0.27
99382,"4d2ZJ9W7dkQuITwUCTuD5n","Zach Hood","never knew a heart could break itself","never knew a heart could break itself",66,155223,FALSE,0.454,-7.264,1,0.0427,0.465,0,0.0997,0.461,78.949,4,5,"singer_early_pop",0.52
99391,"3XjAgiBvWBKu1tHSLTgffX","Anson Seabra","Feeling For My Life","Keep Your Head Up Princess",60,198220,FALSE,0.143,-17.374,1,0.264,0.97,0,0.109,0.528,85.398,4,5,"singer_early_pop",0.46
99392,"4N2LGoEJi3aGDgEAnsjtBz","Anson Seabra","Feeling For My Life","Walked Through Hell",66,216864,FALSE,0.404,-11.092,1,0.0788,0.664,0,0.104,0.129,81.713,4,5,"singer_early_pop",0.22
99400,"5QwAdWCnauw0GpDzM3glrO","Yuko Ando","Shogeki","Shogeki",60,181594,FALSE,0.723,-4.507,1,0.0681,0.124,0,0.352,0.22,137.032,4,5,"singer_early_pop",0.48
99401,"3Ozm6fHAbtPi83PO9tofH1","Nick Cave & The Bad Seeds;Flood","Red Right Hand (Theme from 'Peaky Blinders')","Red Right Hand (Peaky Blinders Theme) (Flood Remix) - Peaky Blinders Theme;Flood Remix",38,380613,FALSE,0.229,-16.208,1,0.0737,0.573,0.158,0.0718,0.287,116.049,4,5,"singer_early_pop",0.5
99406,"6QZ1nV8wJb28mtsL6UG6hk","Raghav Chaitanya","Tere Bin","Tere Bin",38,270198,FALSE,0.493,-10.047,1,0.0495,0.802,0.00169,0.104,0.185,102.686,4,5,"singer_early_pop",0.48
99424,"0SFq19lgG4qbQAZaNZ3xhO","Hozier","Wasteland, Baby!","Movement",62,237800,FALSE,0.502,-5.505,0,0.0368,0.16,6.98e-05,0.0842,0.147,144.3,4,5,"singer_early_pop",0.46
99428,"4Im6GRj17qa7NW76OsJh1s","John Mayer","Sob Rock","I Guess I Just Feel Like",70,286386,FALSE,0.483,-9.102,1,0.0268,0.515,0.0674,0.0922,0.166,159.952,4,5,"singer_early_pop",0.42
99431,"70C4NyhjD5OZUMzvWZ3njJ","Billy Joel","Piano Man (Legacy Edition)","Piano Man",77,339000,FALSE,0.55,-6.483,1,0.0272,0.605,3.96e-06,0.192,0.429,177.734,3,5,"singer_early_pop",0.39
99451,"5vTSnZTmS1gMiWuA9kDE19","Sufjan Stevens","Call Me By Your Name (Original Motion Picture Soundtrack)","Futile Devices (Doveman Remix)",63,135443,FALSE,0.187,-19.991,1,0.0304,0.954,0.847,0.0985,0.252,140.096,4,5,"singer_early_pop",0.5
99454,"5fPWflMcJ7zT8BSnHQD9Wh","Anupam Roy","Manzil","Manzil",41,191952,FALSE,0.67,-6.494,1,0.0295,0.376,2.75e-05,0.186,0.701,116.028,4,5,"singer_early_pop",0.44
99464,"34evGV6SaoRLHTcXXUVOpb","Jax","90s Kids","90s Kids",64,163815,TRUE,0.657,-6.436,1,0.118,0.0802,0,0.35,0.725,151.898,4,5,"singer_early_pop",0.37
99506,"2QSOI7ful79gOzpNlwyVeh","Anupam Roy","Open Tee Bioscope (Original Motion Picture Soundtrack)","Bandhu Chol",40,452597,FALSE,0.479,-11.061,1,0.0377,0.675,5.74e-05,0.101,0.336,75.028,4,5,"singer_early_pop",0.63
99521,"15OCqNPYoLziEAsbVnqRj5","Mimi Webb","Good Without","Good Without",69,182121,FALSE,0.576,-5.495,0,0.0532,0.0723,0,0.375,0.269,89.962,4,5,"singer_early_pop",0.59
99522,"3A9x6yHdlP1H5BY5Pz3l7P","Lauren Weintraub","Not Like I’m In Love With You","Not Like I’m In Love With You",60,185715,TRUE,0.603,-5.552,1,0.0385,0.0696,0.00132,0.17,0.481,153.946,4,5,"singer_early_pop",0.54
99524,"0jVo3e34A15l6MNu1O3cfa","Nick Cave & The Bad Seeds","Let Love In (2011 - Remaster)","Red Right Hand",36,370573,FALSE,0.403,-11.599,0,0.037,0.139,0.473,0.107,0.453,115.658,4,5,"singer_early_pop",0.47
99528,"2RotDMmg3PeoEFLiqsXUS7","Sara Kays","Coffee Moment","When You Look at Me",0,170375,FALSE,0.293,-10.711,1,0.0291,0.836,0,0.217,0.373,129.849,4,5,"singer_early_pop",0.26
99544,"5U0t4SMp344ER0F4jYb6xI","Don Henley","Обратно в клас - rock","The Boys Of Summer",0,288333,FALSE,0.775,-6.409,1,0.0412,0.396,0.00129,0.21,0.858,177.401,4,5,"singer_early_pop",0.4
99562,"0HuS5vFQd06cXV54I0twkV","Prateek Kuhad","The Way That Lovers Do","Face",38,184413,FALSE,0.669,-13.329,1,0.455,0.92,0.0219,0.139,0.351,128.219,4,5,"singer_early_pop",0.47
99564,"3E3SMSm6FMRA9gkpaFRFrC","Stephen Sanchez","What Was, Not Now","Love Life",53,218533,FALSE,0.483,-6.46,1,0.0265,0.658,0,0.165,0.387,135.064,4,5,"singer_early_pop",0.29
99565,"2Iyfw8YfKruAagJwGc4G07","Tom Rosenthal","The Pleasant Trees","It's Ok",70,191352,FALSE,0.111,-15.11,0,0.0324,0.871,0.205,0.103,0.0607,148.191,4,5,"singer_early_pop",0.46
99566,"6ErIUOm3AaNAMY3i1f7ElT","Jasleen Royal","Mtv Unplugged Season 6","Preet Unplugged",37,348183,FALSE,0.38,-9.746,0,0.043,0.901,4.01e-05,0.304,0.441,85.878,4,5,"singer_early_pop",0.41
99568,"3FvAIrl7mosCrq0oR0t2CH","Jasleen Royal;Arijit Singh;Raj Shekhar","Hichki","Khol De Par",36,193178,FALSE,0.448,-10.965,1,0.0306,0.516,0.000423,0.112,0.439,110,4,5,"singer_early_pop",0.37
99572,"1SCXzqKZdif5b33POmzwI4","Hozier","Hozier","Angel Of Small Death & The Codeine Scene",62,219214,FALSE,0.638,-5.754,1,0.0545,0.213,7.97e-05,0.12,0.369,92.644,4,5,"singer_early_pop",0.55
99580,"7I2BAdKDq6NaLnDRc41JGZ","Jax","Victoria’s Secret (feat. Harper) [The Metal Version]","Victoria’s Secret - Piano Stripped",18,175423,FALSE,0.183,-9.303,1,0.0343,0.844,0,0.125,0.394,143.908,4,5,"singer_early_pop",0.23
99586,"61202Zzk9rk4bPMZLh2gr6","Allman Brothers Band","Fiesta temática 60s","Trouble No More",0,227751,FALSE,0.567,-11.426,0,0.0333,0.0577,0.00144,0.0907,0.856,141.348,4,5,"singer_early_pop",0.17
99595,"3tbGJmb4ZiD6CKbkJbwyKH","The Monkees","Christmas Time","Unwrap You at Christmas",0,212080,FALSE,0.801,-3.366,1,0.0322,0.247,0,0.328,0.473,127.994,4,5,"singer_early_pop",0.2
99601,"20A2Xe76p9wxUFLbbzZjTM","Jim Croce","Photographs & Memories: His Greatest Hits","Time in a Bottle",37,148586,FALSE,0.155,-16.837,1,0.0376,0.888,0,0.108,0.592,134.019,3,5,"singer_early_pop",0.44
99611,"6goI3Inn1Uc62PZfWBQ3ok","Bharat Chauhan","Tinka - Single","Tinka",35,293647,FALSE,0.115,-13.819,1,0.0331,0.854,3.77e-05,0.0954,0.21,113.679,5,5,"singer_early_pop",0.3
99636,"5RgFlk1fcClZd0Y4SGYhqH","Billy Joel","The Stranger (Legacy Edition)","She's Always a Woman",73,201373,FALSE,0.324,-11.996,1,0.0346,0.797,0.000473,0.12,0.384,176.631,3,5,"singer_early_pop",0.43
99653,"5fdhNvwWmlqnzICxp25b1G","Ankur Tewari","Bhool Gaye","Bhool Gaye",36,60957,FALSE,0.331,-12.401,1,0.0434,0.815,0.0634,0.126,0.675,200.185,4,5,"singer_early_pop",0.42
99673,"0tcDhdxX7DVeuqhHCJqWuR","Ashu Shukla","Tumhare Aane Se (Reprise)","Tumhare Aane Se (Reprise)",34,211800,FALSE,0.209,-12.693,1,0.033,0.912,0,0.111,0.347,100.187,4,5,"singer_early_pop",0.19
99678,"1I2zZtHCrBkoTgfwxnNKZ9","BLÜ EYES","you'd never know","you'd never know",65,185321,FALSE,0.43,-9.704,1,0.0741,0.149,1.01e-05,0.194,0.174,149.859,4,5,"singer_early_pop",0.24
99689,"3ZiQhpxFm0a0enRUkeeTfl","Ane Brun","JULPYNTA","The First Day Of Christmas",0,189109,FALSE,0.203,-12.595,1,0.0331,0.895,0.000479,0.263,0.32,134.146,3,5,"singer_early_pop",0.43
99704,"4ywAuNo5FKUBLQ948tn4nf","Brent Morgan","Gonna Be Okay - Acoustic","Gonna Be Okay - Acoustic",51,195096,TRUE,0.414,-9.54,1,0.0347,0.705,0,0.235,0.216,78.387,4,5,"singer_early_pop",0.34
99709,"0p5xEJ10MMJEGTuwJbngbn","Stephen Sanchez","Kayla","Kayla",50,175200,FALSE,0.256,-8.653,1,0.0284,0.845,6.31e-06,0.116,0.308,137.741,4,5,"singer_early_pop",0.13
99715,"18ywhG9EvuMMUIdUWxEqp7","Tom Rosenthal","The Pleasant Trees","Go Solo",69,142280,FALSE,0.0907,-12.907,1,0.0384,0.985,0.0281,0.126,0.212,77.144,4,5,"singer_early_pop",0.52
99720,"7eDrdQ7PK9Xm1CZCKWsgmH","Vũ.;TRANG","Một Vạn Năm","Anh Nhớ Ra (feat. TRANG)",61,276500,FALSE,0.465,-6.219,1,0.0241,0.524,1.07e-06,0.12,0.324,79.961,4,5,"singer_early_pop",0.35
99729,"4m20UzV2cmiPuOlRjvltuD","Brent Morgan","Everytime We Touch","Everytime We Touch",58,148888,FALSE,0.269,-12.417,1,0.033,0.617,0,0.277,0.413,108.044,4,5,"singer_early_pop",0.45
99730,"1chnlLONX1BubwxEnL0fln","Madeline The Person","Hits Hits Hits","MEAN!",0,143957,FALSE,0.436,-8.761,1,0.491,0.918,0,0.093,0.402,117.907,4,5,"singer_early_pop",0.38
99736,"08VZ3ycsCq1LfabZjdRLg4","Nico;uChill","Slowed + Reverbed 2022","These Days - Slowed + Reverb",0,263316,FALSE,0.131,-18.6,1,0.0338,0.973,0.124,0.116,0.107,74.655,4,5,"singer_early_pop",0.14
99740,"7fZiHuZ3OapgnshQ7QtxWV","Rufus Wainwright","Christmas Best Hits 2022","Hallelujah",0,249026,FALSE,0.196,-7.528,0,0.0347,0.885,0,0.105,0.421,72.124,4,5,"singer_early_pop",0.41
99760,"7xyX8iuETDhbaKRWXRjUcB","Ankur Tewari","Rehne Do Na (From ""Guilty"")","Rehne Do Na (From ""Guilty"")",34,191172,FALSE,0.146,-24.519,1,0.0771,0.724,0.543,0.134,0.0838,145.029,3,5,"singer_early_pop",0.2
99761,"2E0Lr1ecydv5MjTYYM0WhN","Stephen Sanchez","Easy On My Eyes","Easy On My Eyes",53,238173,FALSE,0.105,-13.042,1,0.041,0.948,0,0.0875,0.203,122.334,4,5,"singer_early_pop",0.5
99770,"3mtSPmyeEkkqvHdXj7W4qg","Lyn Lapid","I Guess That Was Goodbye","I Guess That Was Goodbye",58,190243,FALSE,0.227,-10.679,1,0.0277,0.772,6.57e-05,0.106,0.229,137.697,4,5,"singer_early_pop",0.46
99773,"3ArvrXVP9QRUmKWRqzNYjO","Zevia","we're all sad here","till death frees me",57,166312,FALSE,0.122,-11.408,1,0.0676,0.917,0,0.114,0.135,140.451,4,5,"singer_early_pop",0.45
99776,"6EIVLz5xM1xE29r0OmIkWt","Glen Hansard;Markéta Irglová","Music From The Motion Picture Once","Falling Slowly",64,244133,FALSE,0.209,-11.869,1,0.0279,0.679,0.000443,0.101,0.151,137.042,4,5,"singer_early_pop",0.52
99785,"6OnVnET6zmYJzsj18wuAaf","Madeline The Person;Noah Kahan","Pop n' Fresh","MEAN! - Remix",0,143957,FALSE,0.389,-9.323,1,0.255,0.901,0,0.0947,0.449,174.444,3,5,"singer_early_pop",0.41
99787,"5lklfOLrLueIi1xibiuRhQ","Madeline The Person;Noah Kahan","Daily Pop Mix","MEAN! - Remix",0,143957,FALSE,0.389,-9.323,1,0.255,0.901,0,0.0947,0.449,174.444,3,5,"singer_early_pop",0.39
99789,"3AhXZa8sUQht0UEdBJgpGc","Bob Dylan","Highway 61 Revisited","Like a Rolling Stone",70,369600,FALSE,0.721,-6.839,1,0.0321,0.731,0,0.189,0.557,95.263,4,5,"singer_early_pop",0.41
99805,"0wPLLfMuqG8aH8xCVAe4I9","Sanjeeta Bhattacharya;Tanmaya Bhatnagar","Itne Pyaar Se (Thoda Darr Lagta Hai)","Itne Pyaar Se (Thoda Darr Lagta Hai)",33,210857,FALSE,0.133,-17.202,1,0.033,0.871,3.86e-05,0.234,0.277,139.578,5,5,"singer_early_pop",0.37
99807,"45dGKmN6jw7PgK6Dw2rEp2","Sheryl Crow","Cars (Original Motion Picture Soundtrack)","Real Gone",68,200733,FALSE,0.785,-5.346,0,0.0472,0.00173,0,0.0762,0.806,117.983,4,5,"singer_early_pop",0.46
99816,"0msUPIvKP3q9itQBMT4mYd","Nikhil Swaroop","Sitaron Ka Saaya - Single","Sitaron Ka Saaya",32,278000,FALSE,0.178,-13.879,1,0.037,0.817,3.55e-05,0.116,0.194,155.99,3,5,"singer_early_pop",0.33
99821,"7Kohy4v3KLWfUXlv9N3feB","John Mayer","Room For Squares","Neon",59,262106,FALSE,0.77,-7.658,0,0.036,0.0181,0.000138,0.0644,0.589,101.984,4,5,"singer_early_pop",0.41
99828,"7keXdrB4mz57u4b8YkCwag","John Mayer","Continuum","Dreaming with a Broken Heart",62,245746,FALSE,0.349,-9.321,1,0.0301,0.554,0.0099,0.201,0.155,136.012,4,5,"singer_early_pop",0.3
99854,"6wZI4mdT8JwXgkGURnBQiq","John Mayer","Say","Say",61,230213,FALSE,0.723,-6.565,1,0.0317,0.541,1.12e-06,0.075,0.541,167.845,4,5,"singer_early_pop",0.45
99869,"42ZSEXG0TtHAHbWOho7GDS","Sam MacPherson","How Do You Dress for the Rain?","How Do You Dress for the Rain?",58,160533,FALSE,0.311,-12.105,1,0.0813,0.787,4.86e-05,0.113,0.165,149.794,4,5,"singer_early_pop",0.17
99879,"3RkQ3UwOyPqpIiIvGVewuU","Bob Dylan","Bringing It All Back Home","Mr. Tambourine Man",64,330533,FALSE,0.31,-14.545,1,0.0676,0.794,0,0.379,0.584,177.515,4,5,"singer_early_pop",0.28
99883,"1Auq9Y77qiEMohVa8mVBAm","Catie Turner","Sad Girls","Home",0,207836,FALSE,0.177,-12.023,0,0.0346,0.927,0,0.0911,0.32,113.36,4,5,"singer_early_pop",0.25
99901,"0U32q8CZRRo7xCzyiaZw5f","Motohiro Hata","言ノ葉","Rain",58,293040,FALSE,0.655,-6.69,1,0.0263,0.503,0,0.13,0.542,92.003,4,5,"singer_early_pop",0.51
99911,"41SIHXoItJqYfl8B8klTrb","Prateek Kuhad","In Tokens & Charms","Held You Tight",33,205918,FALSE,0.54,-11.309,1,0.0503,0.00697,0.00529,0.231,0.562,119.997,4,5,"singer_early_pop",0.22
99914,"28Obqqr7EtnSNul1TJiQcX","Delaney Bailey","Oh Love","Oh Love",54,164666,FALSE,0.319,-14.928,1,0.0283,0.845,3.6e-05,0.112,0.563,148.103,4,5,"singer_early_pop",0.27
99917,"4YWeZa7AfJArkijVVq8ayc","Raghav Meattle","Unicorn And The Sheep","Unicorn and the Sheep",32,151531,FALSE,0.21,-16.234,1,0.0492,0.747,0.000212,0.111,0.47,118.498,4,5,"singer_early_pop",0.42
99929,"2LhaQUFez282XCuTDSTDcV","Vũ.","Một Vạn Năm","Cô Ta",60,214500,FALSE,0.377,-7.564,1,0.027,0.737,0.00016,0.136,0.215,145.909,4,5,"singer_early_pop",0.37
99947,"5BI1XqMJK91dsEq0Bfe0Ov","Peter Frampton","On air 70's Hits","Show Me The Way",0,243266,FALSE,0.726,-7.717,1,0.0329,0.436,1.11e-06,0.0914,0.64,130.11,4,5,"singer_early_pop",0.26
99954,"5QQDz4QWjzRUPqal4qLKol","Tanmaya Bhatnagar","Sapne","Sapne",30,222743,FALSE,0.101,-18.384,1,0.0459,0.819,0.00349,0.116,0.148,144.167,3,5,"singer_early_pop",0.45
99961,"6HoxQTzbgOilzBMZEYqGw4","Anupam Roy;Rupankar Bagchi","Uma","Jaago Uma",33,317081,FALSE,0.605,-6.592,1,0.0393,0.712,0,0.077,0.206,167.276,4,5,"singer_early_pop",0.48
99969,"2q3LzfknBzye3xXjgiJBjS","Gatton;Brooke Young","...When Scars Become Art","When Scars Become Art",67,287560,FALSE,0.114,-17.027,1,0.0507,0.929,0,0.917,0.314,119.818,4,5,"singer_early_pop",0.32
99976,"3rMbh1zLsh91EcNgu7KuPy","Anson Seabra","One Day Less","One Day Less",55,207034,FALSE,0.287,-9.367,1,0.0533,0.899,0,0.102,0.252,176.829,3,5,"singer_early_pop",0.32
99991,"3G7tRC24Uh09Hmp1KZ7LQ2","The Monkees","More of The Monkees (Deluxe Edition)","I'm a Believer - 2006 Remaster",74,167373,FALSE,0.775,-6.05,1,0.0352,0.707,2.05e-05,0.217,0.962,80.106,4,5,"singer_early_pop",0.36
100006,"1tdazGttmzXdBP3fj1kQr6","AFI","Spooky Scary Season","Halloween",0,238106,FALSE,0.929,-8.494,0,0.091,0.00231,0.00074,0.0946,0.127,99.762,4,17,"youth_pop_punk",0.65
100011,"3IExS9dCfDAVCRY0Tq4qw7","AFI","Halloween Kids Party 2022","Halloween",0,238106,FALSE,0.929,-8.494,0,0.091,0.00231,0.00074,0.0946,0.127,99.762,4,17,"youth_pop_punk",0.2
100036,"0CaAQYzg0k2poWXt30rCz0","Bersuit Vergarabat","Triste Hora","La Soledad",2,263933,TRUE,0.671,-4.563,0,0.0375,0.105,0,0.242,0.73,92.012,4,17,"youth_pop_punk",0.53
100038,"2oxkdzlJjiFWj8lfsZkaCg","La Mosca Tse-Tse","Carrete familiar","Baila Para Mi",0,205386,FALSE,0.913,-4.182,1,0.0421,0.0794,0.00106,0.289,0.968,152.629,4,17,"youth_pop_punk",0.64
100070,"0Cz5S00ll33KRLVyZMe8Yi","Chancho En Piedra","El Tinto Elemento","El Impostor",45,246680,FALSE,0.88,-4.645,1,0.0747,0.025,0,0.116,0.808,120.029,3,17,"youth_pop_punk",0.6
100072,"5BgVG99cG9QTZLhasksD8g","Souljah","Mestakung","Hanya Ingin Pulang",44,263888,FALSE,0.838,-4.025,1,0.0929,0.508,0,0.619,0.843,150.005,4,17,"youth_pop_punk",0.56
100099,"1oEVFAAHzA8xPbPoaJB3bf","Los Auténticos Decadentes;Fernando Ruiz Diaz","En Vivo en el Palacio de los Deportes - 25 Aniversario","Un Osito de Peluche de Taiwán (feat. Fernando Ruiz Díaz) - Vivo en el Palacio de los Deportes",46,315425,FALSE,0.873,-5.894,1,0.0455,0.174,0,0.939,0.235,98.146,4,17,"youth_pop_punk",0.62
100104,"2LvtkR0gz5SJ8Tz4hV6z35","Lollypop Lorry","Live at Octopus","I Won't Let You Go (Live)",42,122334,FALSE,0.509,-6,0,0.0344,0.107,1.42e-05,0.0471,0.902,126.076,4,17,"youth_pop_punk",0.69
100106,"0nrtry9z9uj3AHr5x58cK8","Inspector;Los Caligaris","Y Qué","Y Qué",43,212368,FALSE,0.879,-6.385,1,0.0421,0.179,0,0.148,0.534,144.031,4,17,"youth_pop_punk",0.64
100114,"7ljTI8Yt1JkumFmjTcvnGf","Panteon Rococo","Si Una Vez","Si Una Vez",42,228360,FALSE,0.907,-5.092,0,0.0998,0.0446,0.000382,0.0707,0.865,105.071,4,17,"youth_pop_punk",0.49
100128,"7GOBsKucPG5Bh8qzStmrQ6","La Floripondio","Dime Qué Pasa","Bailando Como Mono",42,186848,FALSE,0.648,-6.518,1,0.0312,0.0209,0,0.175,0.971,114.95,4,17,"youth_pop_punk",0.41
100129,"2VbqAARrwoNp8cdUj31vzv","Los Caligaris","Salva","La Abundancia",43,185731,FALSE,0.845,-5.705,1,0.0299,0.0353,0,0.279,0.961,167.965,4,17,"youth_pop_punk",0.75
100147,"0Npdhq5RUQ3C5clbzOZmtQ","Lasse Stefanz","I ett fotoalbum","I ett fotoalbum",42,181946,FALSE,0.555,-9.865,1,0.0254,0.483,0,0.0937,0.648,81.986,4,17,"youth_pop_punk",0.71
100170,"5A2OdsGDNhFUNCsJR7s9V0","Divididos","Amapola del 66","Buscando un Ángel",43,251106,FALSE,0.87,-5.362,1,0.061,0.0114,0.000546,0.0592,0.758,165.158,4,17,"youth_pop_punk",0.39
100176,"5FFOPT5ErpRGwQlZPLaj0r","31 Minutos","Arwrarwrirwrarwro (Banda Sonora Original de la Cuarta Temporada)","Amurrao - Eustaquio Renato",41,121990,FALSE,0.921,-4.697,0,0.191,0.209,0,0.318,0.826,97.946,4,17,"youth_pop_punk",0.63
100189,"25R7pmPXYolhIjm72WtJjy","Dead Kennedys","Post Punk Rules","Holiday in Cambodia - Single Version",42,226640,TRUE,0.924,-5.342,1,0.0726,0.00416,0.00091,0.0716,0.486,197.706,4,17,"youth_pop_punk",0.58
100204,"7sOaHXfvLFEswNoaESSXIQ","Los Caligaris","20 Años: El Show Más Feliz del Mundo (En Vivo)","Mejilla Izquierda - En Vivo",40,200480,FALSE,0.919,-7.783,1,0.0522,0.101,1.29e-06,0.549,0.587,156.838,4,17,"youth_pop_punk",0.36
100215,"65a50pWFCaNJaxWNhdYjQQ","Los Caligaris","20 Años: El Show Más Feliz del Mundo (En Vivo)","Nadie Es Perfecto - En Vivo",41,386932,FALSE,0.922,-7.262,1,0.324,0.0802,2.97e-06,0.821,0.594,175.877,4,17,"youth_pop_punk",0.5
100221,"5uCb2bQ9HcCY3c7kLq4Iur","Jackie Mittoo","The Keyboard King at Studio One","Darker Shade of Black",40,194293,FALSE,0.564,-7.276,1,0.126,0.149,0.941,0.0909,0.758,87.474,4,17,"youth_pop_punk",0.67
100242,"5VgsXmsfGIBOqq0imAv4y1","31 Minutos","Arwrarwrirwrarwro (Banda Sonora Original de la Cuarta Temporada)","Drácula, Calígula, Tarántula - Coágula Espátulo",39,173549,FALSE,0.799,-3.296,1,0.188,0.0273,0,0.0325,0.884,134.982,4,17,"youth_pop_punk",0.56
100248,"6NOCDzHl80r4m3fu5TvlwC","Los Caligaris;Piti Fernández","Somos Todos Vivos","Mi Estanciera y Yo - Vivo",41,196680,FALSE,0.818,-5.756,1,0.0719,0.0225,0,0.639,0.47,80.519,4,17,"youth_pop_punk",0.5
100275,"5lltxDh5Gwjr9vBcfJZKWM","Los Caligaris","La Abundancia (Versión 8d)","La Abundancia - Versión 8D",40,183709,FALSE,0.87,-8.582,0,0.0404,0.0366,0,0.382,0.9,168.062,4,17,"youth_pop_punk",0.57
100291,"6WTNvOppGFPmwZ37edR9tR","General Knas;Syster Sol","Kärlek & Revolt","Hetare Än Lava",38,203418,FALSE,0.528,-9.826,1,0.0987,0.0025,0,0.243,0.861,82.532,4,17,"youth_pop_punk",0.27
100323,"4VZO5W0fsTU6jkurFkIkGT","Panteon Rococo","Ni Carne Ni Pescado","Déjala Tranquila",39,192000,FALSE,0.967,-2.408,0,0.125,0.0216,0,0.0467,0.923,174.012,4,17,"youth_pop_punk",0.54
100325,"5Os4AkeiPkssFDjdySHysT","Salon Victoria","Forajido","Sólo Así",39,183786,FALSE,0.703,-4.845,1,0.0698,0.391,6.7e-05,0.315,0.796,135.771,4,17,"youth_pop_punk",0.35
100342,"55G2VJnSHidnQxyr0AaVSk","Los Estramboticos","Sueños de Anoche","La Gota Que Derramó el Beso",37,233493,FALSE,0.894,-6.63,0,0.0374,0.193,2.03e-06,0.103,0.865,120.023,4,17,"youth_pop_punk",0.44
100355,"3uStl3ZgOOPdeFHntpt9tO","Satélite Kingston","El Enemigo","La Último Carta",35,212280,FALSE,0.712,-4.072,0,0.0375,0.163,4.87e-06,0.0882,0.976,139.985,4,17,"youth_pop_punk",0.49
100370,"0eixLPMZU3tRiINBqmisr6","Bravesboy","Long Away","Kamu Seperti Jogja",36,247560,FALSE,0.641,-6.917,0,0.0442,0.246,0,0.235,0.8,129.908,4,17,"youth_pop_punk",0.49
100383,"1rW1uunxXTIzKIsIxBOsbG","Guachupé","Estamos todos en la trampa","Euforia",37,244946,FALSE,0.856,-3.948,0,0.0445,0.25,5.73e-06,0.137,0.668,139.88,4,17,"youth_pop_punk",0.44
100402,"54csYjsYjT2b0MWrWOrmjU","Tipe-X","A Journey","Genit",36,191346,FALSE,0.915,-2.823,1,0.0296,0.0666,0.439,0.32,0.888,141.55,4,17,"youth_pop_punk",0.31
100404,"2lHZlRmfcIMWF9aHbLLJch","Tipe-X","Super Surprise","Salah Pilih",36,269293,FALSE,0.912,-3.408,1,0.0579,0.0959,0.000107,0.0884,0.603,145.109,4,17,"youth_pop_punk",0.69
100411,"0hwZcTCXYNTY6zrpWpfmnU","Mad Caddies","Punk Rocksteady","Sorrow",34,208730,FALSE,0.709,-5.392,1,0.0361,0.0912,9.76e-05,0.149,0.96,134.054,4,17,"youth_pop_punk",0.64
100416,"1cKhFwWXUwOx9ba7GVYesr","Inspector;El Gran Silencio","Es por Ti","Es por Ti",37,186756,FALSE,0.973,-4.661,0,0.0985,0.0446,0,0.431,0.398,109.972,4,17,"youth_pop_punk",0.46
100428,"05ngREvdGhL4Omvxw4Hjmo","Chancho En Piedra","Peor Es Mascar Lauchas","Guach Perry",37,236693,FALSE,0.601,-13.232,1,0.0473,0.147,0.106,0.0962,0.679,114.898,4,17,"youth_pop_punk",0.85
100433,"6ZS0k8tKY9Qj2pQO9lWHOQ","Los Enanitos Verdes","Contrareloj","Es una Máquina",38,218866,FALSE,0.833,-6.371,1,0.031,0.0515,7.01e-06,0.045,0.569,137.581,4,17,"youth_pop_punk",0.49
100436,"5i4v2Mpe7CQOjnvSAyYxqk","Los Auténticos Decadentes","Fiesta Nacional (Mtv Unplugged)","El Gran Señor - MTV Unplugged",38,172528,FALSE,0.843,-6.893,0,0.107,0.286,0,0.772,0.959,93.366,4,17,"youth_pop_punk",0.46
100437,"1iMVWpvtyXZArqtWA6osQ8","Anarkia Tropikal;Evelyn Cornejo;la Chusma Inkonciente;Lucho Bermúdez","La Venganza de los Brujos","Prende la Mecha",37,308732,TRUE,0.652,-8.767,1,0.0902,0.282,0.00169,0.129,0.665,167.377,4,17,"youth_pop_punk",0.55
100439,"3VSz3gkrE2CGeiRPkgsZT0","Hasse Andersson","Annat var det förr","Skomagare Anton",37,184040,FALSE,0.639,-9.836,1,0.141,0.032,0,0.0503,0.839,86.075,4,17,"youth_pop_punk",0.22
100440,"3iluPzMMb8SBjhZildaP54","Los Fabulosos Cadillacs","Vasos Vacíos","Demasiada Presión - Remasterizado 2008",37,251453,FALSE,0.922,-4.824,0,0.0683,0.131,1.96e-06,0.274,0.898,107.828,4,17,"youth_pop_punk",0.6
100449,"7G4FH6SEh9wgDRztDi3cDE","Lasse Stefanz","Evergreen","Utan att förstå",36,224640,FALSE,0.733,-5.09,1,0.0298,0.00878,9.01e-06,0.108,0.741,107.967,4,17,"youth_pop_punk",0.25
100455,"6eN9ojhdC7vf72Fb8HBgP9","Riddim","Deja Que Fluya","La Respuesta",37,279333,FALSE,0.56,-7.361,0,0.133,0.00892,0.000349,0.344,0.882,129.002,4,17,"youth_pop_punk",0.67
100456,"490zFllTSVutzmCeB12226","Los Cafres","Alas Canciones","El Silencio",37,223346,FALSE,0.547,-8.059,0,0.0832,0.00864,1.07e-05,0.0773,0.713,149.997,4,17,"youth_pop_punk",0.61
100463,"31Wr4GUn7YKXAMP2ZmHOoW","Tipe-X","Seven","Gak Terang Terang",36,191480,FALSE,0.97,-2.894,1,0.0834,0.017,0.0417,0.0883,0.672,109.963,4,17,"youth_pop_punk",0.48
100473,"3aElJpnMXSNwF2SmjiDFSA","Panteon Rococo;María Barracuda","Ni Carne Ni Pescado","No Sé Porque",37,160253,FALSE,0.972,-3.418,1,0.0611,0.0225,6.82e-06,0.11,0.952,157.994,4,17,"youth_pop_punk",0.47
100499,"3r4b0OU7QWeyL1JtnbA8hg","Los Auténticos Decadentes","En Vivo en el Palacio de los Deportes - 25 Aniversario","Paseando por Temperley - Vivo en el Palacio de los Deportes",37,162411,FALSE,0.86,-5.446,1,0.0702,0.0357,0,0.33,0.708,138.683,4,17,"youth_pop_punk",0.59
100514,"15ULF4ovZrbySuxbUwDUhi","Los Pericos","Big Yuyo","Eso Es Real",37,259573,FALSE,0.369,-15.088,0,0.158,0.017,3.15e-05,0.0548,0.76,145.146,4,17,"youth_pop_punk",0.57
100545,"0pE865GpZhnAw0yeFvyRKM","Lasse Stefanz;Christina Lindberg","Livets ljusa sida","De sista ljuva åren",36,230213,FALSE,0.847,-3.164,1,0.0281,0.381,2.1e-05,0.344,0.779,121.68,4,17,"youth_pop_punk",0.38
100557,"7ckgU4Hcj9urCh2bTO8Ct8","Los Prisioneros","Pateando Piedras","Por Favor",36,212360,FALSE,0.438,-13.494,0,0.0346,0.137,0.000785,0.0893,0.558,109.271,4,17,"youth_pop_punk",0.66
100561,"0lwDL9QrfOlSjYtTjiMCvH","Los Fabulosos Cadillacs","El Arte de la Elegancia de LFC","Surfer Calavera",36,183946,FALSE,0.844,-5.206,0,0.039,0.0516,0.000186,0.187,0.894,146.361,4,17,"youth_pop_punk",0.51
100571,"5I6SRg8YURhshx7T4Bwc8m","Mimi Maura","Dias de Sol","Todos Los Dias de Sol",37,325440,FALSE,0.488,-11.195,1,0.0434,0.0171,6.64e-06,0.098,0.529,81.986,4,17,"youth_pop_punk",0.55
100573,"3OLZc8KQSTfpc7zcGrqKyM","Los Cafres","Suena la Alarma","Flor del Potrero",35,231264,FALSE,0.354,-11.736,0,0.166,0.0363,3.24e-05,0.032,0.77,75.954,4,17,"youth_pop_punk",0.48
100583,"2JHpzvygFt7SJeDHXqK0lA","Los Cafres","Suena la Alarma","Ruge la Barra",37,249997,FALSE,0.607,-7.967,0,0.0438,0.00718,3.03e-06,0.0769,0.684,91.954,4,17,"youth_pop_punk",0.23
100587,"5LKPu4OSlchWX1N0UZ95Bi","Chancho En Piedra","Peor Es Mascar Lauchas","Sinfonia de Cuna",36,207120,FALSE,0.633,-11.127,0,0.0302,0.0208,1.85e-06,0.0582,0.95,104.275,4,17,"youth_pop_punk",0.28
100594,"1SFO7HmMLikoSqyfSM8p4g","The Vandals","Fiesta temática 90s","Aging Orange",0,119866,FALSE,0.983,-7.606,1,0.201,0.0241,0,0.0435,0.26,179.845,4,17,"youth_pop_punk",0.53
100598,"4IHHTe4seeKTDTFNPhH36E","Los Fabulosos Cadillacs","Chau","Vos Sabes - Versión Remasterizada (Live)",36,195586,FALSE,0.94,-4.507,1,0.116,0.545,0,0.936,0.615,107.686,4,17,"youth_pop_punk",0.51
100601,"5NoQvINZLBV1wMYPdNmReL","Ramones","Road to Ruin (40th Anniversary Deluxe Edition)","I Wanna Be Sedated",69,149786,FALSE,0.965,-2.341,1,0.0409,0.121,6.23e-06,0.169,0.964,162.825,4,17,"youth_pop_punk",0.65
100605,"4WZII0yn1CSqW4ykwyCoB2","Chancho En Piedra","La Dieta del Lagarto","Eden",36,253640,FALSE,0.917,-6.197,1,0.0477,0.021,1.06e-05,0.234,0.784,116.83,4,17,"youth_pop_punk",0.51
100631,"4qkJVGCoBmycEqhVGOAs5x","Sonora de Llegar","Fiesta Primate","Viernes",35,241880,FALSE,0.832,-3.778,0,0.0937,0.00145,3.33e-05,0.0839,0.709,166.441,4,17,"youth_pop_punk",0.59
100633,"7cawZykaoTUyaRqZLclrts","2 minutos","20 Años No Es Nada","Otra Mujer",35,107053,FALSE,0.96,-3.307,1,0.11,0.000603,0,0.446,0.511,126.578,4,17,"youth_pop_punk",0.79
100649,"11SxP7F7pdcnHVL9PYBUde","Feine Sahne Fischfilet","Bleiben oder gehen","Solange es brennt",35,284970,FALSE,0.816,-5.812,0,0.0468,0.126,1.02e-05,0.183,0.67,138.704,4,17,"youth_pop_punk",0.79
100670,"3nc5UUBP2tKVYvv38G0hXG","Los Fabulosos Cadillacs","La Marcha Del Golazo Solitario","Roble - Versión Remasterizada 2008",35,188640,FALSE,0.629,-5.35,1,0.0282,0.122,5.09e-05,0.213,0.477,84.267,4,17,"youth_pop_punk",0.45
100672,"4JI4Swf1PJQt4FihB3NjRE","Bahiano","Rock x siempre","Oyelo",0,188933,FALSE,0.748,-4.269,1,0.0788,0.26,0,0.149,0.922,143.084,4,17,"youth_pop_punk",0.57
100676,"2QwP65F7nC5MKOtllwjDJH","Los Auténticos Decadentes;Los Caligaris","Y la Banda Sigue","El Corso de Ayacucho",35,165052,FALSE,0.903,-4.173,1,0.0832,0.011,0,0.702,0.815,161.959,4,17,"youth_pop_punk",0.52
100684,"31BHt76G3xMjwvdIpCFKre","Augustus Pablo","Calling 1000 Dreadlocks","Rocking Warrior",0,228000,FALSE,0.578,-13.871,0,0.242,0.529,0.289,0.517,0.767,67.916,4,17,"youth_pop_punk",0.53
100694,"04grraaBZFNw6WwKL69fvL","Feine Sahne Fischfilet","Scheitern und Verstehen","Weit hinaus",34,216432,FALSE,0.885,-5.023,0,0.082,0.0138,0,0.382,0.288,129.931,4,17,"youth_pop_punk",0.35
100699,"1PpFbfG447nP3TZtnZwDkk","Los Fabulosos Cadillacs","En Vivo en The Theater at Madison Square Garden","Matador - En Vivo en Theater at Madison Square Garden",35,302146,FALSE,0.986,-4.047,1,0.289,0.209,0.0448,0.931,0.194,190.035,4,17,"youth_pop_punk",0.41
100704,"0Mpuxn2GTE8LzUXJzIwk7H","Attaque 77","Antihumano","Ojos De Perro",35,296480,FALSE,0.931,-3.862,1,0.1,0.18,0.0133,0.368,0.484,152.999,4,17,"youth_pop_punk",0.61
100708,"50w1M9Qt6gmJLLsBbrwArA","Intoxicados","El Exilio de las Especies (Thend)","Quien Soy",35,261453,FALSE,0.504,-8.46,1,0.0306,0.00185,0.0088,0.0907,0.232,126.037,4,17,"youth_pop_punk",0.37
100712,"3C6ndk7hs6uF8RlzqwKhKh","Divididos","Obras Cumbres","Nene de Antes",35,250066,FALSE,0.954,-4.136,0,0.0753,0.00475,3.22e-05,0.133,0.734,91.977,4,17,"youth_pop_punk",0.36
100713,"68bGhoS2PXGGNyTSY15E1z","Streetlight Manifesto","Keasbey Nights","9mm and a Three Piece Suit",32,116173,FALSE,0.973,-2.667,1,0.133,0.0246,0.000112,0.0709,0.893,137.034,4,17,"youth_pop_punk",0.62
100718,"6dGikbcng17Gg47oS8I6hY","Guachupé","La Vuelta Por Un Día","Saldrá El Sol",34,207496,FALSE,0.665,-5.199,1,0.0273,0.0199,0,0.147,0.8,85,4,17,"youth_pop_punk",0.3
100732,"0Glv1mxOB7psIfijK3Nz8u","Reel Big Fish","Life Sucks... Let's Dance!","G.D. Beautiful Day",32,203682,FALSE,0.53,-4.966,1,0.0291,0.159,0,0.0777,0.865,135.95,4,17,"youth_pop_punk",0.55
100741,"2jNl3ek20Y96JW2IeU8Q22","Los Caligaris","Salva","Partes de un Avión",35,173631,FALSE,0.743,-6.141,1,0.0258,0.384,5.25e-05,0.1,0.709,108.81,4,17,"youth_pop_punk",0.8
100745,"1DxzI69MTNigSDZRwTcd6c","Lasse Stefanz","Vagabond","På egna vägar",34,195106,FALSE,0.896,-4.47,1,0.0274,0.0094,0.000345,0.096,0.962,130.996,4,17,"youth_pop_punk",0.46
100747,"7FH7JLRwL3oCg5q3z10BJt","Attaque 77","Acústico,Teatro Opera, Buenos Aires, Argentina.","Chance - Acústico en Vivo",35,311933,FALSE,0.65,-6.271,1,0.0245,0.15,0,0.712,0.336,79.301,4,17,"youth_pop_punk",0.76
100752,"2AcJexiBs9OpUsiljINowh","MxPx","Slowly Going The Way Of The Buffalo","Party, My House, Be There",33,136579,FALSE,0.869,-4.597,1,0.0398,0.0319,9.15e-05,0.0816,0.933,179.057,4,17,"youth_pop_punk",0.81
100755,"5IoqFaiGFIyxFyrzJV23te","31 Minutos","31 Canciones de Amor y una Canción de Guaripolo","Mala - Guaripolo",34,120666,FALSE,0.42,-10.131,0,0.0768,0.518,4.41e-06,0.0444,0.66,113.369,4,17,"youth_pop_punk",0.61
100766,"5M7yzpoVyl0CJxnD8uUHjL","Attaque 77","Otras Canciones","Callejero",35,289600,FALSE,0.825,-7.762,0,0.0469,0.104,0.0354,0.121,0.972,140.169,4,17,"youth_pop_punk",0.51
100780,"1rUoab7MTboFPwDwr3WrPZ","Jill Johnson","JULMYS","Christmas Island",0,183600,FALSE,0.432,-8.805,1,0.033,0.285,0,0.12,0.553,116.012,4,17,"youth_pop_punk",0.41
100781,"2okcO5ZSjMwCl3kBOZujX9","The Planet Smashers","Unstoppable","Police the Nation",31,158946,FALSE,0.958,-4.088,0,0.0504,0.0449,0,0.383,0.964,167.944,4,17,"youth_pop_punk",0.54
100784,"0jvp7pKIiGpDwqG4t13VjA","The Interrupters","Say It Out Loud","The Prosecutor",32,165527,FALSE,0.934,-3.404,1,0.0394,0.11,0,0.379,0.751,91.513,4,17,"youth_pop_punk",0.44
100803,"262jGMuFthtLE5JrmRhQec","Radio Catoche","Monstruo de Bares","Las Chicas Como Tú",32,142898,FALSE,0.952,-1.965,1,0.0493,0.0459,2.78e-06,0.178,0.962,160.175,4,17,"youth_pop_punk",0.44
100809,"4XFsQiQbTZ9h8IlMDf8jTE","Rancid","Rancid","Rejected",32,132466,TRUE,0.944,-6.15,1,0.0952,7.46e-05,0.000298,0.0556,0.573,144.198,4,17,"youth_pop_punk",0.51
100822,"5M7OeX5r7fHhiU5ndnb3xA","Soda Stereo","Comfort y Música Para Volar","Zoom - MTV Unplugged",35,201333,FALSE,0.899,-5.335,1,0.0407,0.0337,0.00157,0.505,0.833,94.174,4,17,"youth_pop_punk",0.48
100826,"4kJLLHWGW4wQwJMBLFBmsD","Sumo","Fiebre","Brilla Tu Luz Para Mí",36,166493,FALSE,0.708,-10.358,0,0.0305,0.000102,0,0.0673,0.695,104.408,4,17,"youth_pop_punk",0.45
100829,"670UtuDkGBEruwPTBFexeO","Cabrito Vudú","Boomerang","¿y Si Mejor Nos Vamos?",32,174333,FALSE,0.677,-6.119,1,0.0528,0.59,0.000946,0.0931,0.938,103.966,4,17,"youth_pop_punk",0.61
100855,"0E0HFWW41rspNpDt58NSgi","Divididos;Gillespi","Experiencia 432 (Bulín Finoli)","Dame un Limón",34,197718,FALSE,0.505,-8.567,0,0.0401,0.0702,0.0105,0.214,0.393,98.13,4,17,"youth_pop_punk",0.59
100858,"68AqtaYZkcEyb5gwZB9BhR","Los Enanitos Verdes","Recupera tus Clásicos","Tus Viejas Cartas",35,213293,FALSE,0.378,-13.03,0,0.0351,0.599,0,0.113,0.375,169.636,4,17,"youth_pop_punk",0.44
100862,"3lL9MHVJizb451IfV7h6pj","Divididos","Experiencia 432 (Bulín Finoli)","Vida de Topos",34,249699,FALSE,0.342,-12.179,1,0.0316,0.228,0.00326,0.126,0.229,108.484,3,17,"youth_pop_punk",0.52
100865,"5D2N5cbso4bMxbhrfdqA4a","Catch 22","Keasbey Nights","Walking Away",31,246653,FALSE,0.835,-6.87,1,0.107,0.04,0.000607,0.307,0.89,136.916,4,17,"youth_pop_punk",0.51
100866,"7GxSmhIqo2Nl7PgAU8J9wu","Jaya The Cat","The New International Sound of Hedonism","Unconditional Love",31,192000,FALSE,0.735,-5.626,1,0.0323,0.024,0.0106,0.0847,0.963,145.898,4,17,"youth_pop_punk",0.5
100871,"1bQSRBS1aGK1MoaYDfnaPH","Broilers","LoFi","(Ich bin) bei Dir",33,194920,FALSE,0.953,-3.179,1,0.0858,0.052,0.281,0.271,0.473,93.806,4,17,"youth_pop_punk",0.41
100877,"4cY6WY6BndTDKNbjLZjfho","Biquini Cavadão","Ao Vivo","Camila Camila",34,273266,FALSE,0.979,-5.555,1,0.0937,0.0494,7.8e-05,0.842,0.371,152.885,4,17,"youth_pop_punk",0.53
100889,"2aYzMMmzEusa5DTfXfPxPm","Suburban Legends","Rump Shaker","Bright Spring Morning",31,244733,FALSE,0.969,-3.903,1,0.0731,0.0975,0,0.441,0.579,99.856,4,17,"youth_pop_punk",0.62
100930,"0knRFhZtR19PH5qteuV778","Los Skarnales","Vatos Rudos Forever! (1994-2014)","Rudy Rude Boy",31,210320,FALSE,0.958,-3.479,0,0.0394,0.0302,0.0909,0.0642,0.635,107.251,4,17,"youth_pop_punk",0.53
100948,"2Qg7ThAQNtYcuBuJ7gVNqs","Lasse Stefanz","Det här är bara början","Felicita",33,210093,FALSE,0.871,-6.47,1,0.0312,0.169,0,0.202,0.939,107.798,4,17,"youth_pop_punk",0.45
100951,"1MyyDXak1zsQh5S6aALw4X","Nationalteatern","Barn av vår tid","Ingelas sång",33,194253,FALSE,0.695,-5.898,1,0.0455,0.607,7.42e-06,0.0923,0.385,186.563,4,17,"youth_pop_punk",0.42
100959,"4fw14C2fAIZVfNnzHEjJt3","The Supervillains","Massive","Crippy Weed",31,240600,FALSE,0.546,-13.327,1,0.11,0.00115,0,0.0627,0.589,89.964,4,17,"youth_pop_punk",0.6
100963,"40mywnWSP8KKL192tnnGbZ","ScimmiaSka","You Dance With Me","Lembayung",31,229041,FALSE,0.605,-6.374,1,0.0278,0.143,0.00141,0.298,0.781,137.025,4,17,"youth_pop_punk",0.6
100965,"7baJpnxFot26Wjv9jy1vvK","Guns n' Wankers","Guns N' Wankers","Blah, Blah, Blah",32,137800,FALSE,0.961,-6.921,1,0.0686,3.51e-06,0.637,0.116,0.638,191.646,4,17,"youth_pop_punk",0.63
100971,"2KEJlmiLIA40Rgsx4HRVev","Tipe-X","SKA Phobia","Stress",32,282666,FALSE,0.905,-2.336,1,0.0559,0.00929,0.00337,0.108,0.741,95.721,4,17,"youth_pop_punk",0.39
100982,"6uao78k9wAzECug1MoFKxD","Montreal","Alles auf schwarz","Ubahnlinie 2",32,125906,FALSE,0.983,-2.953,1,0.123,0.000825,2.57e-05,0.0535,0.346,109.769,4,17,"youth_pop_punk",0.76
100984,"5N5CCm7QFaZaqYlmZOAU0i","General Knas","Reggaestrerad","Dunya",32,223122,FALSE,0.619,-9.116,1,0.231,0.188,1.6e-05,0.22,0.632,168.025,4,17,"youth_pop_punk",0.24
100986,"1e69HpGrDdfIWAsRuBS4T4","Attaque 77","Ángeles Caídos","Angeles Caídos",34,159200,FALSE,0.896,-9.341,0,0.0358,0.000374,7.17e-05,0.0884,0.882,128.355,4,17,"youth_pop_punk",0.44
100990,"4pU9BNdhUlRKcoZgF8ac08","Perikles","Marie, Marie","Var ska vi sova i natt?",33,215333,FALSE,0.697,-8.31,1,0.0334,0.101,0,0.376,0.877,119.745,4,17,"youth_pop_punk",0.51
103004,"0F4FejjWi3bf5vGOkuQwPS","Darci","On My Own","On My Own",77,171692,TRUE,0.593,-5.901,1,0.0413,0.0324,4.5e-06,0.0878,0.579,130.007,4,2,"indie_soul_rock",0.39
103012,"1VQIWTMzZUeJM5HmLwaKEp","Ty Dolla $ign;Kehlani","2Step - Pop R'n'B","Universe",3,220138,FALSE,0.473,-9.381,0,0.218,0.0273,0,0.203,0.365,157,4,2,"indie_soul_rock",0.47
103020,"0EKqoSFmZW4dqaJvlEJtMe","Ty Dolla $ign;Post Malone","Good Vibes","Spicy",4,143375,FALSE,0.523,-5.853,1,0.0489,0.144,0,0.117,0.134,100.002,4,2,"indie_soul_rock",0.47
103022,"21NimLGgXhfEbIXsIiPHXy","Ty Dolla $ign;Post Malone","Pushin P - Top Rap","Spicy",3,143375,TRUE,0.51,-5.724,0,0.0419,0.143,0,0.115,0.118,99.993,4,2,"indie_soul_rock",0.58
103030,"4XVZqt1dkhfQQhyFsIVxja","John Legend","Santa Claus Is Coming To Town","You Deserve It All",0,198626,FALSE,0.739,-6.681,1,0.0386,0.215,0,0.0636,0.48,83.095,4,2,"indie_soul_rock",0.43
103035,"5JpcjnZ1xoqWn1aegdzYyH","John Legend","pov: you have a holly jolly christmas","You Deserve It All",0,198626,FALSE,0.739,-6.681,1,0.0386,0.215,0,0.0636,0.48,83.095,4,2,"indie_soul_rock",0.7
103037,"0EFiJqLTmLp0e9Qa1x2FTr","John Legend","Pop Christmas 2022","You Deserve It All",0,198626,FALSE,0.739,-6.681,1,0.0386,0.215,0,0.0636,0.48,83.095,4,2,"indie_soul_rock",0.41
103045,"2wiA3GTQpKVCAiGuIxK0ev","John Legend","Beste Weihnachtslieder","You Deserve It All",0,198626,FALSE,0.739,-6.681,1,0.0386,0.215,0,0.0636,0.48,83.095,4,2,"indie_soul_rock",0.61
103048,"751NnRTLEHBNdCVyoP87Xp","Michael Jackson","Weihnachten Musik","Little Christmas Tree",0,216946,FALSE,0.457,-6.386,1,0.0241,0.698,0,0.142,0.372,84.557,4,2,"indie_soul_rock",0.55
103056,"6mpBr9UYuDNzKMlHa2TI4o","Omar Apollo;Daniel Caesar","Trending Pop","Invincible",0,216160,FALSE,0.474,-11.706,0,0.0668,0.224,0.00426,0.162,0.262,134.89,4,2,"indie_soul_rock",0.59
103073,"5m7gI8rbuh61cGb3J23HiY","Omar Apollo","Hits Hits Hits","Tamagotchi",0,168920,TRUE,0.514,-6.942,0,0.173,0.083,0,0.128,0.553,133.1,4,2,"indie_soul_rock",0.45
103077,"1je4krqWE1l0ojYvjacpxw","Stevie Wonder","Christmas Songs 2022","Someday At Christmas",1,169293,FALSE,0.536,-6.04,1,0.0323,0.614,0,0.251,0.218,101.483,4,2,"indie_soul_rock",0.5
103081,"5IJ9Q8VXDqD01m41OUF4hV","Stevie Wonder","Rockin' Around The Christmas Tree 2022","What Christmas Means To Me - Single Version / Mono",0,148146,FALSE,0.7,-6.961,1,0.0323,0.0982,0,0.1,0.799,83.506,4,2,"indie_soul_rock",0.65
103092,"10VHztYhhjtQfvzNjlLFbx","Stevie Wonder","Home At Christmas","What Christmas Means To Me",0,147800,FALSE,0.614,-8.05,1,0.0363,0.202,0,0.0802,0.751,82.229,4,2,"indie_soul_rock",0.33
103095,"0OCa1PunDKY1cfsiiD7UzA","Stevie Wonder","Soulful Christmas","One Little Christmas Tree",0,161693,FALSE,0.377,-11.717,1,0.0597,0.764,0,0.272,0.717,92.23,4,2,"indie_soul_rock",0.61
103098,"6d4D1TS8v4WDJYBSNC7nol","Stevie Wonder","Christmas Classics","What Christmas Means To Me - Single Version / Mono",0,148146,FALSE,0.7,-6.961,1,0.0323,0.0982,0,0.1,0.799,83.506,4,2,"indie_soul_rock",0.43
103108,"3PfEYl7Yn6Pegnu8tQ2UAK","Stevie Wonder","A Very 60s Christmas","The Little Drummer Boy",0,185453,FALSE,0.448,-13.53,1,0.0593,0.442,0,0.111,0.351,134.511,4,2,"indie_soul_rock",0.56
103111,"6vloM8MDs7tiSTEk1FbrAA","Stevie Wonder","Home For Christmas 2022","What Christmas Means To Me",0,147800,FALSE,0.614,-8.05,1,0.0363,0.202,0,0.0802,0.751,82.229,4,2,"indie_soul_rock",0.81
103114,"51STsBZOKUGMXSBBiBDubh","Stevie Wonder","Pumpkin Patch Hits","Superstition - Single Version",0,244826,FALSE,0.745,-8.607,1,0.0748,0.0173,0.000554,0.0372,0.859,100.384,4,2,"indie_soul_rock",0.7
103120,"6RBjDD3icEyES0jYA2jY7m","Stevie Wonder","pov: you rock around the christmas tree","One Little Christmas Tree",0,161693,FALSE,0.377,-11.717,1,0.0597,0.764,0,0.272,0.717,92.23,4,2,"indie_soul_rock",0.31
103129,"64oioHzh3KksNj1HBbSniZ","Stevie Wonder","Weihnachtslieder 2022","One Little Christmas Tree",0,161693,FALSE,0.377,-11.717,1,0.0597,0.764,0,0.272,0.717,92.23,4,2,"indie_soul_rock",0.6
103138,"3GjRgDNLC7yHdUvcIkptwt","Stevie Wonder","60s Christmas Party","Uptight (Everything's Alright) - Single Version",0,172813,FALSE,0.749,-3.826,0,0.0278,0.00752,1.27e-05,0.131,0.847,134.193,4,2,"indie_soul_rock",0.64
103146,"2POnf7vLdXObV2vLDMk50f","Stevie Wonder","Christmas Soul Classics","The Little Drummer Boy",0,185453,FALSE,0.448,-13.53,1,0.0593,0.442,0,0.111,0.351,134.511,4,2,"indie_soul_rock",0.6
103148,"5XRFBZNuGxgqW8mdAwUfAU","Stevie Wonder","On air 70's Hits","Uptight (Everything's Alright) - Single Version",1,172813,FALSE,0.749,-3.826,0,0.0278,0.00752,1.27e-05,0.131,0.847,134.193,4,2,"indie_soul_rock",0.55
103153,"0DuWDLjriRPjDRoPgaCslY","Adele","25","Love In The Dark",78,285935,FALSE,0.341,-6.057,0,0.0309,0.528,0,0.109,0.152,109.821,4,2,"indie_soul_rock",0.62
103163,"2unXkmDQMJnlTh1nKisybA","Pink Sweat$","Autumn Hits","I Feel Good",1,136058,FALSE,0.75,-4.67,1,0.0551,0.0233,3.87e-05,0.045,0.628,106,4,2,"indie_soul_rock",0.58
103164,"2Cv9iOD22UTRwaDluwebKx","Pink Sweat$;Tori Kelly","Midnight Music","Real Thing",1,195368,FALSE,0.322,-10.408,1,0.0282,0.77,3.39e-05,0.11,0.256,113.064,4,2,"indie_soul_rock",0.59
103191,"2s5R5rxIuldG5E7d7U1hz4","Mary J. Blige","Christmas Best Hits 2022","Have Yourself A Merry Little Christmas",0,277680,FALSE,0.281,-10.388,1,0.0394,0.883,0.000106,0.186,0.215,124.486,3,2,"indie_soul_rock",0.6
103205,"2o6OiybVQB5hJ8MMDPWbsx","Pink Sweat$","Happy Pop Vibes","I Feel Good",0,136058,FALSE,0.75,-4.67,1,0.0551,0.0233,3.87e-05,0.045,0.628,106,4,2,"indie_soul_rock",0.54
103206,"6s1AU3GCP1FWWtmADl4B2P","Pink Sweat$;6LACK","20's R'n'B","Midnight River",0,184771,FALSE,0.351,-9.048,0,0.0648,0.777,0,0.167,0.234,171.719,4,2,"indie_soul_rock",0.65
103208,"1e2uzg2yWFPoYs0hKx65yE","Pink Sweat$;Kirby","The Look - R&B Feels","Better",0,176320,FALSE,0.471,-6.644,0,0.107,0.316,1.37e-06,0.117,0.406,143.064,4,2,"indie_soul_rock",0.54
103210,"4hQguvzuoDWY5SxE5Dhete","Pink Sweat$;6LACK","Give You Love - Cozy Hits","Midnight River",0,184771,FALSE,0.351,-9.048,0,0.0648,0.777,0,0.167,0.234,171.719,4,2,"indie_soul_rock",0.58
103212,"5xXE79RqYY7GUyo3pdGPJL","Pink Sweat$","20s Love Songs","Nothing Feels Better",1,157779,FALSE,0.395,-7.71,1,0.0287,0.285,0,0.0776,0.558,81.485,4,2,"indie_soul_rock",0.37
103215,"0fVFCYmtlOEEA67aS1kL2A","Pink Sweat$","The Look - R&B Feels","Nothing Feels Better",0,157779,FALSE,0.395,-7.71,1,0.0287,0.285,0,0.0776,0.558,81.485,4,2,"indie_soul_rock",0.36
103219,"4xxg28R4JsE5OSyDFlZEmZ","Pink Sweat$","Coffee Chill","I Feel Good",1,136058,FALSE,0.75,-4.67,1,0.0551,0.0233,3.87e-05,0.045,0.628,106,4,2,"indie_soul_rock",0.51
103229,"6TDtf3yK28UDQ6GIns6Clz","Pink Sweat$;Donny Hathaway","Christmas Music - Holiday Hits","This Christmas",0,181365,FALSE,0.656,-6.581,0,0.0421,0.118,2.76e-06,0.0841,0.382,93.129,4,2,"indie_soul_rock",0.53
103233,"7idmN70yhFrMLLoC4Ufeak","Otis Redding","Thanksgiving Party","Wonderful World",0,191533,FALSE,0.624,-5.637,1,0.0375,0.54,8.43e-06,0.03,0.958,105.49,4,2,"indie_soul_rock",0.82
103235,"1VNgkKygpjGFRrMRkzMJDh","Otis Redding","Cuddle Up Christmas","Merry Christmas Baby",0,155560,FALSE,0.291,-14.132,0,0.0338,0.35,0,0.128,0.856,101.517,4,2,"indie_soul_rock",0.42
103238,"07uPklAHdtkXATBcS9FvtS","Otis Redding","Christmas Music - Holiday Hits","Merry Christmas Baby",0,155560,FALSE,0.291,-14.132,0,0.0338,0.35,0,0.128,0.856,101.517,4,2,"indie_soul_rock",0.55
103240,"1g6C5sgsJHqW4XAdLyDp9A","Otis Redding","Merry Christmas","Merry Christmas Baby",0,155560,FALSE,0.291,-14.132,0,0.0338,0.35,0,0.128,0.856,101.517,4,2,"indie_soul_rock",0.6
103244,"4M7cwc9BrGlSQzSxwx6x0P","Mary J. Blige","A Merry Modern Christmas","Rudolph, The Red-Nosed Reindeer",0,147413,FALSE,0.565,-5.615,1,0.101,0.522,0,0.0517,0.581,140.941,4,2,"indie_soul_rock",0.57
103251,"2cLOhJv1hQQRLBf3eVJOHV","PLAZA","All Mine","All Mine",67,234871,TRUE,0.342,-7.9,0,0.0461,0.0928,0.00129,0.11,0.372,79.001,4,2,"indie_soul_rock",0.42
103254,"034KyQEk7IhbLtniVhBErj","Pink Sweat$","17","17",63,160736,FALSE,0.364,-8.663,1,0.0502,0.169,9.94e-05,0.109,0.252,129.17,4,2,"indie_soul_rock",0.5
103265,"31ABvuxKqaBwX7XSHCyaHQ","Mary J. Blige","Autumn Vibes 2022","Just Fine",0,242133,FALSE,0.795,-3.61,0,0.117,0.0394,0.000599,0.101,0.587,123.021,4,2,"indie_soul_rock",0.6
103289,"4SrjgqhVFK3dIbQS4Jll20","The Temptations","Soulful Christmas","Rudolph The Red-Nosed Reindeer - Stereo",0,189000,FALSE,0.462,-11.23,1,0.0293,0.0577,0,0.285,0.689,94.271,4,2,"indie_soul_rock",0.49
103296,"01xW1yKvTy9ycpo2qYCzcs","The Temptations","A Very 70s Christmas","Rudolph The Red-Nosed Reindeer - Stereo",0,189000,FALSE,0.462,-11.23,1,0.0293,0.0577,0,0.285,0.689,94.271,4,2,"indie_soul_rock",0.68
103299,"6FxSpRHClFxqVn8y4i0yk6","The Temptations","Christmas Soul Classics","Everything For Christmas",0,255200,FALSE,0.445,-11.347,1,0.0355,0.534,1.02e-06,0.103,0.233,160.044,4,2,"indie_soul_rock",0.47
103308,"3WdCLmLCjG4aP2yCAJf3or","Aloe Blacc","CHRISTMAS TOP HITS 2022","The Christmas Song",0,196853,FALSE,0.0696,-13.124,1,0.0504,0.888,0,0.11,0.182,139.348,4,2,"indie_soul_rock",0.67
103309,"3OrRT1vFUUWOIzRtwSzib5","The Jackson 5","Best Christmas Songs 2022 | For under the Mistletoe","I Saw Mommy Kissing Santa Claus",1,181360,FALSE,0.705,-8.169,1,0.0539,0.29,1.38e-06,0.797,0.64,128.89,4,2,"indie_soul_rock",0.41
103312,"54S8gAjWou3sGde0vU4DxY","Paolo Nutini","Session Acoustique","Last Request",2,220413,TRUE,0.704,-6.564,1,0.0477,0.241,0,0.137,0.399,80.93,4,2,"indie_soul_rock",0.61
103314,"0j5pajJcigjdwO4c8ZS19b","Paolo Nutini","Just Best Covers","Sugar Man",10,126066,FALSE,0.329,-8.228,0,0.0341,0.535,1.07e-06,0.114,0.386,99.338,4,2,"indie_soul_rock",0.63
103316,"5LTYshvqiHa2jRrbVAM5cc","Aloe Blacc","Weihnachtspop 2022","The Christmas Song",0,196853,FALSE,0.0696,-13.124,1,0.0504,0.888,0,0.11,0.182,139.348,4,2,"indie_soul_rock",0.53
103330,"6gJKvK7qlt0TvwzwmmATK2","Paolo Nutini","Mellow Adult Pop","Chamber Music",0,147666,FALSE,0.21,-13.192,1,0.0327,0.768,0.152,0.0855,0.484,150.497,3,2,"indie_soul_rock",0.56
103334,"04n3BXCeZP0S0pOAyGKOWt","The Jackson 5","A Very 70s Christmas","Give Love On Christmas Day",0,183546,FALSE,0.451,-8.381,1,0.026,0.65,0,0.0639,0.576,141.868,4,2,"indie_soul_rock",0.57
103379,"7zEvaoS81Ta2d3D5p7zTgX","The Jackson 5","Xmas Classics 2022","Frosty The Snowman",0,159413,FALSE,0.615,-8.274,1,0.0293,0.471,0,0.0911,0.944,119.693,4,2,"indie_soul_rock",0.62
103384,"7tgZA5AwbrKa9o5SLOgi1D","The Jackson 5","A Very 70s Christmas","Frosty The Snowman",0,159413,FALSE,0.615,-8.274,1,0.0293,0.471,0,0.0911,0.944,119.693,4,2,"indie_soul_rock",0.58
103393,"7CmP9zAD0M3D5Vu3bFgmKs","The Jackson 5","Weihnachten Playlist","I Saw Mommy Kissing Santa Claus",0,181360,FALSE,0.705,-8.169,1,0.0539,0.29,1.38e-06,0.797,0.64,128.89,4,2,"indie_soul_rock",0.44
103395,"7wGl2tSsWNvhUIyIJXMSRL","The Jackson 5","Best Christmas Music 2022","I Saw Mommy Kissing Santa Claus",0,181360,FALSE,0.705,-8.169,1,0.0539,0.29,1.38e-06,0.797,0.64,128.89,4,2,"indie_soul_rock",0.62
103408,"6hUwGTijdC5SRBY9nyQJrO","Snoh Aalegra","LUGNA LÅTAR","LOST YOU",0,177720,TRUE,0.468,-8.106,0,0.0702,0.524,0.000849,0.112,0.444,87.803,4,2,"indie_soul_rock",0.67
103415,"5JtuBSgTtSL6L1hL7HkBl0","Majid Jordan;Drake","Evergreen","Stars Align",2,260519,FALSE,0.667,-6.285,1,0.085,0.021,2.4e-05,0.0715,0.75,95.864,4,2,"indie_soul_rock",0.5
103421,"4QTUZfTCiATLJl9EART72Z","Snoh Aalegra","Blinding Lights","SAVE YOURSELF",0,118520,FALSE,0.307,-11.856,1,0.0695,0.821,0.000374,0.0996,0.295,119.598,4,2,"indie_soul_rock",0.5
103424,"6jBjT54uoj1ortBRNOKXaj","Pink Sweat$;Rahmania Astrini","I Feel Good (Asia Edition)","I Feel Good (feat. Rahmania Astrini)",40,135849,FALSE,0.745,-4.651,1,0.0457,0.12,1.1e-05,0.0551,0.7,106.02,4,2,"indie_soul_rock",0.57
103432,"7LDUYbTYPRIRlGwjITha45","Jamie Miller","Coffee Moment","Here's Your Perfect",0,158594,FALSE,0.454,-5.335,1,0.0551,0.499,0,0.146,0.424,113.12,4,2,"indie_soul_rock",0.6
103436,"3N2rQn3AyLfkJGAS4viDAt","Etta James","REGNIG DAG","Stormy Weather",0,187773,FALSE,0.35,-9.148,1,0.0307,0.716,0,0.228,0.448,177.546,3,2,"indie_soul_rock",0.48
103442,"5cuKznB43EbsEP0YIJ2wD8","Michael Kiwanuka","Mega Hits Autumn/Fall 2022","Beautiful Life - Edit",0,242760,FALSE,0.449,-8.418,0,0.0335,0.715,0.0134,0.124,0.132,132.379,4,2,"indie_soul_rock",0.58
103468,"6w8ZPYdnGajyfPddTWdthN","Adele","30","Can I Get It",74,210384,FALSE,0.68,-6.118,0,0.0431,0.0171,0,0.178,0.536,97.985,4,2,"indie_soul_rock",0.58
103480,"16D5d14hKxxHkKX7M1aqJZ","Janelle Monáe","2Step - Pop R'n'B","Make Me Feel",0,194230,TRUE,0.413,-7.399,1,0.18,0.136,0,0.334,0.699,115.036,4,2,"indie_soul_rock",0.63
103483,"4jKY4YtMxJXwEZbOiHn0IP","Seal","21st Century Soul Grooves & Slow Jams","Wishing on a Star",1,253533,FALSE,0.717,-6.806,0,0.0423,0.128,1.63e-06,0.0772,0.436,186.159,4,2,"indie_soul_rock",0.53
103489,"2yLypKwqWWKUJ23QmZhbdi","Corinne Bailey Rae","A Merry Modern Christmas","This Christmas",0,202853,FALSE,0.391,-9.031,1,0.0256,0.898,0.00558,0.17,0.398,88.562,4,2,"indie_soul_rock",0.51
103500,"2lBExcAjBgX7Jb480goU9B","Majid Jordan;Drake","Wildest Dreams","Stars Align (with Drake)",69,260519,FALSE,0.667,-6.285,1,0.085,0.021,2.4e-05,0.0715,0.75,95.864,4,2,"indie_soul_rock",0.35
103507,"1vxw6aYJls2oq3gW0DujAo","Gnarls Barkley","St. Elsewhere","Crazy",76,177466,FALSE,0.587,-4.589,1,0.0336,0.0505,0.00714,0.105,0.64,111.97,4,2,"indie_soul_rock",0.52
103576,"4BxHd0qZINzh99YC1Enwlh","The Supremes","60s Christmas Party","Baby Love",0,154906,FALSE,0.606,-5.817,1,0.0394,0.368,0,0.151,0.491,135.832,4,2,"indie_soul_rock",0.61
103588,"5lbbKWBKV65RjUGOI8C4fd","The Supremes","A Very 60s Christmas","My Favorite Things - Stereo",0,165586,FALSE,0.555,-7.383,1,0.031,0.0392,0,0.213,0.325,80.718,3,2,"indie_soul_rock",0.41
103625,"2EL6VBbIx8xmGQVRSnQYpY","Lianne La Havas","Indie Chill Out","Paper Thin",1,298720,FALSE,0.243,-13.513,1,0.0478,0.646,0.212,0.11,0.504,125.834,4,2,"indie_soul_rock",0.48
103631,"3nXpdeDQLOwjglCMRuARDa","Lianne La Havas","Coffee Moment","Can't Fight",0,190560,FALSE,0.522,-9.205,0,0.0485,0.0772,0.00347,0.152,0.768,86.985,4,2,"indie_soul_rock",0.56
103635,"0ZVlFLp6Yl9nHhAcqMzmS9","Rick James","80s Bangers Vol. 2","Give It To Me Baby",0,248626,FALSE,0.77,-6.98,1,0.0762,0.0127,0.000613,0.0655,0.883,119.533,4,2,"indie_soul_rock",0.62
103636,"7DE8apM8jjNShpXLOTIwl0","Kabza De Small;Stakev","Wonderland: Afrobeats Meets Amapiano II (DJ Mix)","Rekere 2 (Mixed)",13,209371,FALSE,0.842,-9.22,1,0.0398,0.0874,0.513,0.0657,0.626,115.373,4,2,"indie_soul_rock",0.48
103662,"7wZUrN8oemZfsEd1CGkbXE","Leona Lewis","Spirit","Bleeding Love",75,262466,FALSE,0.656,-5.886,1,0.0357,0.188,0,0.146,0.225,104.036,4,2,"indie_soul_rock",0.44
103664,"7JOCpcEFZ0OaQQHAbjfR0q","dvsn","The Look - R&B Feels","If I Get Caught",0,186114,TRUE,0.492,-5.288,0,0.0815,0.159,0,0.0584,0.875,149.019,3,2,"indie_soul_rock",0.41
103674,"6V81K1OcvYgHEnCA6A2Qx9","Duckwrth;Shaboozey","Spider-Man: Into the Spider-Verse (Soundtrack From & Inspired by the Motion Picture)","Start a Riot",66,171466,FALSE,0.727,-3.585,1,0.206,0.0128,0,0.0882,0.89,143.144,4,2,"indie_soul_rock",0.58
103676,"2oMRlIlrDL3RJmCKX4Tw9y","Olivia Dean","pov: it's 2020","The Hardest Part",0,176053,FALSE,0.523,-6.055,1,0.0456,0.337,0,0.105,0.412,93.966,4,2,"indie_soul_rock",0.68
103708,"2nGFzvICaeEWjIrBrL2RAx","Corinne Bailey Rae","Corinne Bailey Rae","Put Your Records On",77,215360,FALSE,0.511,-7.844,1,0.0362,0.167,1.34e-06,0.133,0.542,96.038,4,2,"indie_soul_rock",0.48
103712,"6IwKcFdiRQZOWeYNhUiWIv","Alicia Keys","As I Am (Expanded Edition)","No One",78,253813,FALSE,0.549,-5.415,0,0.0285,0.0209,8.85e-06,0.134,0.167,90.04,4,2,"indie_soul_rock",0.43
103740,"0Aga4eaLjpLVESrOjkaoY0","Smokey Robinson & The Miracles;Kevin Ross","Soulful Christmas","It's Christmas Time",0,224946,FALSE,0.711,-4.957,1,0.0338,0.0254,0.00169,0.134,0.299,94.995,4,2,"indie_soul_rock",0.43
103742,"1H118q00XLadaah7a68ChA","Musiq Soulchild","Slow Down Soul","makeyouhappy",0,200813,TRUE,0.492,-5.397,0,0.357,0.205,0,0.0672,0.723,94.403,4,2,"indie_soul_rock",0.69
103743,"4YihOs9v5SEdUUWZcJK4ru","James Brown & The Famous Flames","Diversión para los peques","I Got You (I Feel Good)",0,168893,FALSE,0.522,-7.6,1,0.0978,0.335,1.06e-06,0.0917,0.705,143.249,4,2,"indie_soul_rock",0.57
103749,"1Z3N0DN1hgaQDe7CwwSiXL","The Staple Singers","pov: you have a holly jolly christmas","Who Took The Merry Out Of Christmas",0,149333,FALSE,0.485,-11.166,1,0.091,0.112,2.08e-05,0.0967,0.736,101.611,4,2,"indie_soul_rock",0.52
103750,"1dHiSGzb9WFtDKnBFJs4KO","Coco & Breezy;Tara Carosielli","Just Say","Just Say",67,166000,FALSE,0.419,-9.76,0,0.063,0.0465,0.0145,0.0815,0.511,119.993,4,2,"indie_soul_rock",0.68
103774,"0KAiWkzEGqxjZqXDT0IwIz","Peggy Lee","Christmas Playlist 2022","The Christmas Waltz",0,172653,FALSE,0.26,-12.037,0,0.0322,0.75,2.07e-05,0.128,0.182,118.581,3,2,"indie_soul_rock",0.39
103778,"08aW4YbaRmy7yYTK0fdjEC","Solomon Burke","Christmas Music - Holiday Hits","Presents for Christmas",0,193493,FALSE,0.815,-9.223,0,0.216,0.668,0,0.324,0.54,114.316,4,2,"indie_soul_rock",0.46
103790,"5p9IGH0xpbhJI9d8YWJe47","The Drifters","Thanksgiving Party","Sweets for My Sweet",0,147146,FALSE,0.81,-7.602,1,0.0322,0.687,2.42e-06,0.097,0.971,119.883,4,2,"indie_soul_rock",0.56
103801,"2dCmGcEOQrMQhMMS8Vj7Ca","Rick James","Street Songs (Deluxe Edition)","Super Freak",75,205466,FALSE,0.794,-8.245,0,0.0531,0.22,0,0.0575,0.962,132.446,4,2,"indie_soul_rock",0.53
103816,"5sra5UY6sD658OabHL3QtI","Alicia Keys","The Element Of Freedom","Empire State of Mind (Part II) Broken Down",72,216480,FALSE,0.368,-7.784,1,0.0341,0.74,3.82e-05,0.118,0.142,92.923,4,2,"indie_soul_rock",0.49
103824,"5Kw7j9uxLKMy1g4G76Q6gG","Peggy Lee","Holidays Are Coming","Happy Holiday",0,115506,FALSE,0.499,-9.301,1,0.0448,0.829,1.75e-06,0.154,0.69,192.76,3,2,"indie_soul_rock",0.6
103844,"3anT9gauleMqI8Tp1ozEq8","Peggy Lee","pov: you ride on santa's sleigh","I Like A Sleighride (Jingle Bells)",0,125613,FALSE,0.451,-8.001,1,0.0375,0.75,0,0.0503,0.737,122.912,4,2,"indie_soul_rock",0.52
103851,"3PFaFVWq5wucLu6s4baj9D","The Internet;KAYTRANADA","Ego Death","Girl (feat. KAYTRANADA)",68,415613,TRUE,0.42,-11.169,0,0.276,0.536,0.124,0.101,0.453,79.89,4,2,"indie_soul_rock",0.48
103852,"3OuXuCuaZ889JdW2cX1dDw","Stwo;Jeremih","Neither Do I","Neither Do I",61,220000,FALSE,0.398,-9.832,0,0.105,0.453,5.4e-06,0.12,0.189,119.955,4,2,"indie_soul_rock",0.67
103858,"14909dF5EB4hvURmptzGSB","N i G H T S","Basic","Basic",49,210000,TRUE,0.556,-8.318,1,0.063,0.00924,1.29e-05,0.371,0.354,105.046,4,2,"indie_soul_rock",0.58
103864,"0YMe6PHRbeDcN7KJdCG0bW","Dijon","Absolutely","The Dress",69,184767,FALSE,0.531,-5.99,1,0.0477,0.266,1.8e-06,0.192,0.785,88.009,4,2,"indie_soul_rock",0.43
103869,"24NUQeDAAwLGym59N2KIGM","Darci","High Speeds","High Speeds",56,174004,FALSE,0.638,-6.061,1,0.0388,0.557,1.14e-06,0.136,0.293,144.906,4,2,"indie_soul_rock",0.45
103871,"6MdqqkQ8sSC0WB4i8PyRuQ","Blackstreet;Dr. Dre;Queen Pen","Another Level","No Diggity",77,304600,FALSE,0.646,-4.674,0,0.288,0.303,0,0.279,0.67,88.634,4,2,"indie_soul_rock",0.52
103873,"1VhGRC4yzcDFBM4yQSpUGg","Pink Sweat$","Pink Moon","Nothing Feels Better",59,157779,FALSE,0.395,-7.71,1,0.0287,0.285,0,0.0776,0.558,81.485,4,2,"indie_soul_rock",0.34
103882,"3C1ITH31MUi73j4yJFK6l2","Seinabo Sey;Hannes","LUGNA LÅTAR","Rom-Com",0,200436,FALSE,0.584,-8.583,1,0.0835,0.672,0.000271,0.253,0.61,93.954,4,2,"indie_soul_rock",0.66
103891,"7emCSFIo9zHk2KHK7OO9c9","Keith Sweat;Kut Klose","Gourmet Soul","Get up on It",0,306800,FALSE,0.554,-8.657,0,0.0306,0.0487,1.03e-05,0.109,0.658,124.8,4,2,"indie_soul_rock",0.44
103892,"3bVrt9hd15QzNkXDNZ9d6W","Greentea Peng","Blinding Lights","Sinner",0,140466,FALSE,0.39,-10.636,0,0.0429,0.282,0.0277,0.104,0.136,118.085,4,2,"indie_soul_rock",0.58
103893,"3qGbxxjWkFxaFH4mmkyRq2","Keith Sweat;Fitzgerald Scott","Gangsta Love","How Do You Like It? (Pt. 2) - Gangsta Mix",0,253533,FALSE,0.494,-9.055,1,0.162,0.0112,5.58e-05,0.0768,0.6,94.708,4,2,"indie_soul_rock",0.45
103896,"4dfKkLkiQsPr6DNux83BC3","Candi Staton","Gourmet Soul","Young Hearts Run Free",0,249293,FALSE,0.693,-8.08,0,0.0436,0.162,5.79e-06,0.263,0.825,115.514,4,2,"indie_soul_rock",0.43
103899,"35sDhALYnyK031XISbu7dd","Booker T. & the M.G.'s","Thanksgiving Party","My Sweet Potato",0,167293,FALSE,0.471,-15.746,1,0.0519,0.343,0.768,0.0527,0.727,118.824,4,2,"indie_soul_rock",0.37
103901,"1IqF5PUDUnaykHLs0RWbDO","BADBADNOTGOOD;Samuel T. Herring","IV","Time Moves Slow",71,273864,FALSE,0.376,-10.832,0,0.0543,0.478,0.0282,0.101,0.308,140.026,4,2,"indie_soul_rock",0.48
103903,"2VRJKXrqR4ztn6WgJ28R9r","¿Téo?","In Your Body","In Your Body",61,203777,TRUE,0.584,-9.004,1,0.136,0.291,0.00366,0.068,0.429,97.214,4,2,"indie_soul_rock",0.73
103911,"41dOblAV4rjQZEYHGQUbmQ","TENDER","Fear of Falling Asleep","Slow Love",45,252106,FALSE,0.855,-6.783,0,0.336,0.781,0.00299,0.333,0.77,75.022,4,2,"indie_soul_rock",0.57
103966,"4uZUh5lP2BXlG8xYwFrCS5","Kid Riz","Homie","Homie",57,146400,TRUE,0.533,-5.66,0,0.338,0.724,0,0.189,0.759,66.761,5,2,"indie_soul_rock",0.42
103968,"3D8dVO2xTS63toTYrmCdCF","Aaryan Shah","Codex","Mania",50,204395,TRUE,0.717,-6.133,0,0.0428,0.149,0.00015,0.149,0.31,91.006,4,2,"indie_soul_rock",0.69
103992,"1hMZDDqL6ThRyJQ5rsLiB5","Tim Maia","Tim Maia 1971","Não Vou Ficar",43,172996,FALSE,0.783,-9.052,1,0.0695,0.0925,0,0.0887,0.688,77.723,4,2,"indie_soul_rock",0.64
103998,"3mdrUFX79uk5UvRXrKJq3p","Nancy Wilson","The Greatest Jazz Mix","(You Don't Know) How Glad I Am",0,157386,FALSE,0.44,-9.11,1,0.0308,0.742,1.05e-05,0.328,0.611,103.965,3,2,"indie_soul_rock",0.52
107003,"7cgu4JBW3hq1GwTM1ilkKQ","Tove Lo","Queen Of The Clouds","Talking Body",67,238426,TRUE,0.761,-5.449,0,0.0338,0.0966,0,0.0823,0.114,119.999,4,2,"indie_soul_rock",0.74
107007,"3QK2bbLCTGoFXFt64e5TBY","Tove Lo","2 Die 4","2 Die 4",75,185875,FALSE,0.8,-5.705,0,0.0733,0.0283,6.03e-05,0.129,0.534,118.014,4,2,"indie_soul_rock",0.58
107017,"7HhGlOY35npbHi4RxiT4WQ","Tove Lo","10's Music Grandi Successi","Habits (Stay High)",0,208000,FALSE,0.719,-3.402,1,0.0354,0.0415,5.63e-05,0.0921,0.406,110.014,4,2,"indie_soul_rock",0.71
107019,"7EWQhknaHJLgIFuXNrcBu6","Tears For Fears","80s Bangers Vol. 1","Everybody Wants To Rule The World",4,253400,FALSE,0.931,-5.779,1,0.0701,0.304,0.00176,0.126,0.508,111.989,4,2,"indie_soul_rock",0.71
107021,"2Q8AN9WGElTDjXGmtGkSrA","Tears For Fears","80s Bangers Vol. 2","Head Over Heels",1,256146,FALSE,0.839,-4.251,0,0.0255,0.502,0.00118,0.095,0.653,95.16,4,2,"indie_soul_rock",0.59
107033,"2jihadt1H0tk4LvvGgmS9H","La Roux","Halloween Hits","In For The Kill",0,250160,FALSE,0.973,-0.223,0,0.0435,0.00137,0,0.0851,0.894,150.063,4,2,"indie_soul_rock",0.75
107059,"08kSDRN3ZUB5V5ba2Rt5KB","Tove Lo;SG Lewis","Dirt Femme","Call on Me (with SG Lewis)",63,196537,FALSE,0.884,-5.225,0,0.0547,0.00561,1.77e-05,0.151,0.335,120.989,4,2,"indie_soul_rock",0.59
107068,"3DINd29wTWdZEiH7JS0G0W","Tove Lo;First Aid Kit","Dirt Femme","Cute & Cruel (feat. First Aid Kit)",62,180617,FALSE,0.351,-7.716,0,0.0313,0.697,0,0.12,0.356,118.145,4,2,"indie_soul_rock",0.58
107074,"0cGG2EouYCEEC3xfa0tDFV","Soft Cell","Non-Stop Erotic Cabaret","Tainted Love",79,153800,FALSE,0.501,-8.284,0,0.0376,0.462,0,0.26,0.623,144.438,4,2,"indie_soul_rock",0.26
107079,"1UNiiCIdlFKw41IFQOalbm","Cutting Crew","Fiesta temática 80s","(I Just) Died In Your Arms",0,269040,FALSE,0.831,-5.961,0,0.0524,0.00347,4.5e-05,0.0835,0.289,124.909,4,2,"indie_soul_rock",0.59
107080,"5C93WFYiyIBX7rwhEAdHsd","Spandau Ballet","Planet 80's","To Cut a Long Story Short",1,201013,FALSE,0.86,-7.807,1,0.046,0.00917,0.839,0.251,0.958,142.168,4,2,"indie_soul_rock",0.6
107110,"4S1VYqwfkLit9mKVY3MXoo","Alphaville","Forever Young","Forever Young",72,226706,FALSE,0.483,-9.466,0,0.0275,0.42,0.0028,0.236,0.333,136.822,4,2,"indie_soul_rock",0.45
107111,"5MoDQWMDMaAGDEiWsJfeCi","The Bangles","The Essential Bangles","Eternal Flame",68,238026,FALSE,0.358,-7.239,0,0.0243,0.525,0,0.0942,0.399,78.989,3,2,"indie_soul_rock",0.6
107118,"6ei4QrpcciclGH593uHKo8","Electric Youth;College","Innerworld (Deluxe Edition)","A Real Hero",59,267693,FALSE,0.443,-8.422,1,0.0349,0.744,0.556,0.163,0.376,112.001,4,2,"indie_soul_rock",0.58
107121,"3L7RtEcu1Hw3OXrpnthngx","The Human League","Dare!","Don't You Want Me",76,236920,FALSE,0.738,-8.125,0,0.0377,0.184,0,0.214,0.958,117.656,4,2,"indie_soul_rock",0.5
107125,"6GaeEqb8oteEKEwuRE9WnO","When In Rome","80s Bangers Vol. 2","The Promise",1,220960,FALSE,0.876,-10.141,1,0.0444,0.0864,7.68e-05,0.0431,0.359,118.011,4,2,"indie_soul_rock",0.85
107138,"0LteBf3TS8NSQISDf887Ph","Róisín Murphy","The State of Pop","Overpowered",0,308106,FALSE,0.818,-6.283,0,0.0366,0.0972,0.00424,0.267,0.889,117.02,4,2,"indie_soul_rock",0.64
107145,"3Z4UWBNWj1gtxhAPvhevzk","Oingo Boingo","Twisted Halloween Hits","Dead Man's Party",0,378733,FALSE,0.92,-5.669,1,0.0483,0.468,4.04e-05,0.28,0.9,161.004,4,2,"indie_soul_rock",0.59
107147,"6W8K6Qlvl3DbokHVVRcR6s","Oingo Boingo","Pumpkin Patch Hits","Dead Man's Party",0,378733,FALSE,0.92,-5.669,1,0.0483,0.468,4.04e-05,0.28,0.9,161.004,4,2,"indie_soul_rock",0.59
107149,"5nsLVC5g1r2OqdROh7BlOm","Oingo Boingo","Halloween Party 2022","Dead Man's Party",0,378733,FALSE,0.92,-5.669,1,0.0483,0.468,4.04e-05,0.28,0.9,161.004,4,2,"indie_soul_rock",0.42
107155,"4GNilkZKILsug3l5pdLoxo","Yazoo","Upstairs at Eric’s","Only You",26,194173,FALSE,0.307,-17.063,1,0.0398,0.332,0.000135,0.0829,0.854,106.158,4,2,"indie_soul_rock",0.26
107159,"5i7s3sB1LzxeVz8CWVEpAO","Tove Lo;The Young Professionals","Remixes & Covers","Talking Body - The Young Professionals Remix",44,221146,TRUE,0.579,-8.023,0,0.0379,0.00166,0.000397,0.0794,0.443,138.993,4,2,"indie_soul_rock",0.17
107181,"1TYLBhAbzZvZSEa8zKmmva","Limahl","The Watcher- The Complete Fantasy Playlist","Never Ending Story",0,213120,FALSE,0.538,-13.293,1,0.0315,0.0629,8.8e-05,0.0767,0.752,123.028,4,2,"indie_soul_rock",0.65
107200,"6MDijuuArPJv1vbp7K1x3f","Miike Snow","iii","Genghis Khan",62,212146,FALSE,0.847,-3.238,0,0.0508,0.04,2.81e-06,0.598,0.453,93.979,4,2,"indie_soul_rock",0.56
107209,"2qoIbcyKPpe3BKifpAfh53","Tove Lo;ZAAC","Sunshine Kitty","Are U gonna tell her? (feat. MC Zaac)",58,159818,TRUE,0.71,-6.114,0,0.0804,0.313,0.0126,0.116,0.817,117.997,4,2,"indie_soul_rock",0.65
107237,"39lSeqnyjZJejRuaREfyLL","Duran Duran","Rio (Collector's Edition)","Hungry Like the Wolf - 2009 Remaster",73,220626,FALSE,0.812,-7.772,1,0.0558,0.0433,1.16e-06,0.299,0.685,127.568,4,2,"indie_soul_rock",0.48
107241,"0aqRkWPAL9BGCvvdSiXaE9","Chairlift","Something","I Belong in Your Arms",56,207306,FALSE,0.795,-5.992,1,0.0444,0.00482,5.37e-05,0.124,0.762,172.564,4,2,"indie_soul_rock",0.57
107246,"6p7VouK8Crj5fMVJOkED8G","Lloyd Cole and the Commotions","Rattlesnakes (Remastered)","Rattlesnakes",35,208386,FALSE,0.808,-11.45,1,0.0769,0.0822,2.01e-05,0.146,0.63,152.064,4,2,"indie_soul_rock",0.75
107248,"5ZBBRl6mi8L6Fob07xKdXa","Sparks","(70's) Seventies Collected Volume 2","This Town Ain't Big Enough For Both Of Us",0,184600,FALSE,0.731,-10.592,1,0.0724,0.448,0.00111,0.297,0.638,129.683,4,2,"indie_soul_rock",0.79
107265,"43OlucSvyiXdnLza2Svo4a","a-ha","True North","Bumblebee",11,245880,FALSE,0.784,-7.429,0,0.0528,0.229,0.243,0.165,0.189,105.016,4,2,"indie_soul_rock",0.49
107268,"4HKiNSCSi7Wek4DYxl6orL","a-ha","True North","Bluest Of Blue",11,273960,FALSE,0.542,-6.804,1,0.0284,0.557,1.04e-05,0.121,0.177,116.945,4,2,"indie_soul_rock",0.52
107269,"5pOuFKPa1QRIPnuEDS1nwR","a-ha","True North","Hunter In The Hills",14,251453,FALSE,0.728,-5.788,1,0.0431,0.077,0.102,0.11,0.516,66.158,3,2,"indie_soul_rock",0.52
107286,"5X5xWnr5e7bDpfIXqipcBw","Indochine;Melissa Auf der Maur","Singles Collection (2001 - 2021)","Le grand secret (feat. Melissa Auf der Maur) - Les pianos voix",34,294826,FALSE,0.181,-12.435,1,0.0308,0.945,1.91e-05,0.122,0.0945,112.212,4,2,"indie_soul_rock",0.4
107287,"44zJKtCDDontASfGP23iY7","Kajagoogoo","Planet 80's","Too Shy - 2004 Remaster",0,225853,FALSE,0.79,-10.263,0,0.0633,0.0418,6.93e-05,0.091,0.746,108.265,4,2,"indie_soul_rock",0.56
107291,"79KiqB4T45SKQgcWhaD273","Tubeway Army","The Expanse A Telltale Series The Ultimate Fantasy Playlist","I Only Rewind",0,250026,FALSE,0.704,-8.415,1,0.0497,0.0458,0.0859,0.113,0.781,141.891,4,2,"indie_soul_rock",0.37
107300,"6y4FCr8X7TKOLmmb6pk6PA","Tove Lo","Queen Of The Clouds","Thousand Miles",50,214626,FALSE,0.813,-5.206,0,0.173,0.167,2.34e-06,0.1,0.422,175.932,4,2,"indie_soul_rock",0.46
107305,"5TwUyeC78le23W2PM13B8c","Ollie Wride;Sunglasses Kid","Stranger Love","Stranger Love",44,349043,FALSE,0.815,-5.014,0,0.0395,0.0108,0.00657,0.0776,0.218,87.999,4,2,"indie_soul_rock",0.55
107311,"709ffFK4o4MtG1NKoLvOma","Peter Schilling","The Different Story (World Of Lust And Crime)","Major Tom - Coming Home",65,301373,FALSE,0.42,-14.32,0,0.0645,0.153,0.164,0.169,0.838,161.247,4,2,"indie_soul_rock",0.19
107321,"4jhsuQCUCJKA5f0bXb6XdJ","Talk Talk","It's My Life","It's My Life - 1997 Remaster",70,232400,FALSE,0.802,-8.432,1,0.0348,0.197,0.784,0.404,0.867,126.283,4,2,"indie_soul_rock",0.44
107323,"1HtZS4fv2nIZaCSfFVlcHc","Icona Pop;Charli XCX","I Love It (feat. Charli XCX) [I Don’t Care 2022 Re-Edit]","I Love It (feat. Charli XCX) - I Don’t Care 2022 Re-Edit",57,152672,FALSE,0.853,-6.093,1,0.254,0.00524,9.05e-05,0.345,0.748,125.941,4,2,"indie_soul_rock",0.67
107330,"01SrlhxIkbzihcyYVmsh1z","Modern Talking","Alone","Sexy Sexy Lover - Vocal Version",53,213400,TRUE,0.987,-3.191,0,0.0346,0.0096,0.00374,0.219,0.959,128.673,4,2,"indie_soul_rock",0.51
107331,"1ZgEpCLk5sQcwMSpIpGfiQ","Boy George","Sold","Everything I Own",59,233426,FALSE,0.441,-12.46,1,0.0341,0.256,1.74e-05,0.0767,0.789,87.185,4,2,"indie_soul_rock",0.42
107332,"0Qv7xi6uPSqH2k82tOkGSt","Tears For Fears","The Hurting","Mad World",66,215400,FALSE,0.896,-5.949,1,0.0509,0.0709,0.0505,0.0614,0.953,118.729,4,2,"indie_soul_rock",0.51
107336,"3NYCaxkggl0Hh8vQptSUvV","Orchestral Manoeuvres In The Dark","Organisation","Enola Gay - Remastered 2003",69,213693,FALSE,0.764,-7.058,0,0.0348,0.00441,0.0299,0.0807,0.932,143.319,4,2,"indie_soul_rock",0.51
107337,"6cARFkZxx2JR3JlvDzeLZc","Paul Young","From Time To Time - The Singles Collection","Love of the Common People",59,220733,FALSE,0.609,-11.202,1,0.0758,0.0883,0,0.0599,0.893,90.723,4,2,"indie_soul_rock",0.76
107362,"1WM80A5a4xDtlndjqjZQIv","Chromatics","Girls Just Wanna Have Fun","Girls Just Wanna Have Some",52,223236,FALSE,0.629,-8.493,1,0.0324,0.175,0.116,0.0915,0.455,115.002,4,2,"indie_soul_rock",0.53
107372,"0vsRt9W2VisbZW6mqqjbp8","Johnny Hates Jazz","Turn Back The Clock","Turn Back The Clock",58,270133,FALSE,0.715,-8.095,1,0.0265,0.296,0.000122,0.067,0.933,103.976,4,2,"indie_soul_rock",0.6
107388,"22TsPA0lzEkVX1mkuSqNvr","Indochine","13","Cartagène",29,392960,FALSE,0.65,-6.747,1,0.0269,0.0168,0.282,0.109,0.303,110.007,4,2,"indie_soul_rock",0.65
107395,"1VKnVxZZnubjTEJG6Tme1y","Papa Dance","Papa Dance","Kamikadze wróć!",30,220266,FALSE,0.866,-9.756,1,0.0399,0.286,0,0.245,0.967,129.212,4,2,"indie_soul_rock",0.78
107396,"7yUMIsz2sdCw17EJz9O8z5","Urszula","Biała Droga (Live)","Konik Na Biegunach - Live",29,281849,FALSE,0.919,-4.296,1,0.0999,0.0317,0,0.47,0.661,126.039,4,2,"indie_soul_rock",0.49
107410,"6wzwvyZ4kVPoUYDYjgErWJ","Icona Pop","Feels In My Body","Feels In My Body",53,159045,FALSE,0.869,-3.907,0,0.0583,0.0372,8.73e-05,0.158,0.83,122.047,4,2,"indie_soul_rock",0.26
107412,"7fRvtXvJMpGfTLdF0M09a1","The Romantics","In Heat","Talking In Your Sleep",65,235093,FALSE,0.967,-4.434,0,0.0343,0.0289,0.000345,0.142,0.977,129.766,4,2,"indie_soul_rock",0.66
107414,"3hnlbzC6h0GxLfVmxAG4gA","Sky Ferreira","Ghost","Sad Dream",52,215866,FALSE,0.46,-11.55,1,0.0292,0.647,1.02e-05,0.114,0.314,116.058,4,2,"indie_soul_rock",0.39
107423,"0bT6empnTxGJlNQEvDaGWr","Kaitlyn Aurelia Smith","Fictions (Made To Measure Vol. 47)","Waterways",4,198943,FALSE,0.585,-9.42,1,0.0458,0.0459,0.68,0.107,0.718,120.046,1,2,"indie_soul_rock",0.77
107425,"5o37x6LpNSec4jSfPIChsQ","The Go-Go's","Beauty And The Beat (30th Anniversary Deluxe Edition)","We Got The Beat - 2011 Remaster",56,151106,FALSE,0.996,-3.418,1,0.0599,0.195,0.0345,0.0351,0.376,152.049,4,2,"indie_soul_rock",0.67
107426,"4Tw3GI2MiqXP65X0Z8rP7U","Icona Pop;Charli XCX","THIS IS... ICONA POP","I Love It (feat. Charli XCX)",44,155733,FALSE,0.886,-3.228,1,0.027,0.0281,4.1e-06,0.226,0.796,125.992,4,2,"indie_soul_rock",0.55
107428,"7HsGtxpInhLpgIH3OREKDr","Jeanne Added","Radiate","Before the Sun",29,257413,FALSE,0.764,-9.53,1,0.049,0.266,0.0299,0.0886,0.0388,121.923,4,2,"indie_soul_rock",0.73
107432,"3BGbqEDio3ocx1v4egIYr6","The Bangles","Different Light","Walk Like an Egyptian",62,204560,FALSE,0.788,-14.705,1,0.0825,0.0117,2.05e-06,0.311,0.757,103.172,4,2,"indie_soul_rock",0.85
107438,"1RQCV77srACEfKD1Ih9iNA","Malik Djoudi","Tsugi Chill-Out","Tempérament",1,190690,FALSE,0.423,-12.314,0,0.0807,0.174,0.475,0.103,0.212,105.086,3,2,"indie_soul_rock",0.45
107453,"5lAFwreoMCApCdeUHxPFUm","Trevor Something","Summer Love","Summer Love",45,215727,FALSE,0.84,-7.827,0,0.0317,0.0299,0.768,0.129,0.397,107.951,4,2,"indie_soul_rock",0.6
107462,"0UODoj6stYv542c7NB9MNd","L'Impératrice","Odyssée - EP","Le départ",54,119633,FALSE,0.736,-10.608,0,0.036,0.0613,0.934,0.0734,0.503,110,3,2,"indie_soul_rock",0.73
107472,"6PCoZdjSPbRMehHviTrpB3","Electroforez","Quo vadis?","Quo vadis?",39,222546,FALSE,0.879,-5.346,1,0.031,0.0116,0.000134,0.116,0.513,109.979,4,2,"indie_soul_rock",0.65
107493,"2Hbad5lRjdQBvKRahhFTsw","DEVO","Duty Now for the Future","Secret Agent Man",28,217933,FALSE,0.443,-12.866,1,0.067,0.0917,0.0444,0.0826,0.743,150.77,4,2,"indie_soul_rock",0.39
107498,"0en6SFmN4eaErErH126wbJ","Pet Shop Boys;Dusty Springfield","Actually: Further Listening 1987 - 1988 (2018 Remaster)","What Have I Done to Deserve This? (with Dusty Springfield) - 2018 Remaster",61,263240,FALSE,0.871,-5.672,1,0.0329,0.134,0.000602,0.158,0.928,118.082,4,2,"indie_soul_rock",0.78
107499,"45FR60U6pxNbiQkA8BOhBD","Heaven 17","The Luxury Gap (Deluxe Version)","Crushed By The Wheels Of Industry - Remastered 2006",27,354386,FALSE,0.728,-8.119,1,0.0943,0.113,0.000103,0.126,0.6,119.589,4,2,"indie_soul_rock",0.69
107501,"0B9U02XhMpK0N0vbuboKgc","Modern Talking","Let's Talk About Love","With a Little Love",48,213240,FALSE,0.615,-13.55,0,0.0295,0.335,0.0138,0.328,0.961,117.291,4,2,"indie_soul_rock",0.59
107503,"1QbQL5m30YNvukitIqAnFG","Corey Hart","The Singles","Sunglasses At Night",62,320573,FALSE,0.609,-11.469,0,0.0444,0.258,0.00015,0.113,0.719,127.736,4,2,"indie_soul_rock",0.17
107518,"1VcRVDCU4Mv0B9XxtB1o0B","Little Jinder;Mauro Scocco","Allting suger","Hångellåten (feat. Mauro Scocco)",26,211176,FALSE,0.717,-5.394,0,0.0379,0.0179,0.00053,0.139,0.309,94.975,4,2,"indie_soul_rock",0.73
107542,"2y1vWDpnMFSllPWJSraGb7","Indochine","13","Station 13 - Version longue",27,486733,FALSE,0.636,-9.045,1,0.028,0.004,0.176,0.222,0.235,121.987,4,2,"indie_soul_rock",0.81
107543,"3ZPIpP53m6hh5fMy29fCXj","ICEHOUSE","Icehouse In Concert (Live)","We Can Get Together - Live",28,258514,FALSE,0.927,-8.504,1,0.163,0.0153,2.3e-06,0.982,0.307,146.131,4,2,"indie_soul_rock",0.49
107556,"2Sx6EqFWMHBgBezhxtas3e","Tove Lo","Queen Of The Clouds (Blueprint Edition)","Scream My Name",42,214626,TRUE,0.687,-5.076,0,0.0551,0.113,1.88e-05,0.19,0.381,105.013,4,2,"indie_soul_rock",0.7
107560,"79As9j93HXlYpAubkXDRZM","Tuxedo","Tuxedo","I Got U",26,215513,FALSE,0.741,-4.249,0,0.0488,0.208,0,0.0907,0.597,111.374,4,2,"indie_soul_rock",0.26
107564,"4QQEzkxcONBthDLfzqIh9S","Gary Numan","The Pleasure Principle","Cars",63,238906,FALSE,0.578,-8.745,1,0.0406,0.0114,6.57e-05,0.0692,0.819,128.038,4,2,"indie_soul_rock",0.49
107565,"6Dz383ZHSKzWh5ZTL7aRra","Manizha","RUSSIAN WOMAN","RUSSIAN WOMAN",49,176877,FALSE,0.701,-7.061,0,0.194,0.204,0,0.0741,0.652,102.001,4,2,"indie_soul_rock",0.59
107570,"1kcjEaY5BPCUkdPKeKrE9k","Little Jinder","Så mycket bättre - Tolkningarna","Du vill ha sex med mig",26,177133,TRUE,0.663,-5.793,1,0.0301,0.168,0.0064,0.088,0.532,133.918,4,2,"indie_soul_rock",0.66
107575,"1B1Y52ftMyCmgjPsEMQDqq","Thompson Twins","Into The Gap","Hold Me Now",58,286666,FALSE,0.516,-12.792,1,0.0332,0.66,1.1e-05,0.293,0.882,108.19,4,2,"indie_soul_rock",0.56
107580,"5W349ZV1vTlUduZuVPNmLx","Melody Club","Goodbye To Romance","The Only Ones",26,176613,FALSE,0.928,-2.809,1,0.0392,0.00365,0,0.155,0.901,119.971,4,2,"indie_soul_rock",0.2
107585,"0lioLc6KWs2zcbSG7rA7iR","Étienne Daho","Paris ailleurs (2016 Remaster)","Les voyages immobiles - 2016 Remastered",26,187418,FALSE,0.644,-5.088,0,0.0263,0.244,0.0199,0.246,0.134,90.179,4,2,"indie_soul_rock",0.57
107595,"5C0ngbdNdOEfnB64DyQQhO","Ole Ole","La Colección Definitiva","Bailando sin salir de casa",25,239320,FALSE,0.95,-5.294,0,0.0874,0.00552,0.0169,0.188,0.872,128.129,4,2,"indie_soul_rock",0.75
107596,"4FYpuC75pMqQ9Cj6LzCju0","Papa Dance","Polskie single '85","Pocztówka z wakacji",25,212360,FALSE,0.729,-8.038,1,0.0295,0.041,4.13e-05,0.366,0.439,146.167,4,2,"indie_soul_rock",0.53
107597,"7jr5MzUODl8mLrpzNCNcHm","Heaven 17","Penthouse And Pavement","Geisha Boys And Temple Girls - 2006 Digital Remaster",26,273828,FALSE,0.667,-10.703,1,0.13,0.0635,1.33e-06,0.569,0.308,128.238,4,2,"indie_soul_rock",0.53
107612,"48O0GrGJWml3DzHhC5sJ7a","Culture Club","At Worst...The Best Of Boy George And Culture Club","Karma Chameleon",62,241600,FALSE,0.577,-12.031,1,0.0365,0.186,0,0.148,0.934,91.98,4,2,"indie_soul_rock",0.53
107625,"05oFyvdztPdpwSwpoclD4c","Orchestral Manoeuvres In The Dark","If You Leave","If You Leave - From ""Pretty In Pink""",59,268546,FALSE,0.684,-11.687,1,0.0329,0.088,0.156,0.0755,0.892,120.269,4,2,"indie_soul_rock",0.65
107627,"5PYmXQLbKZvguiC6r0bKWo","Little Jinder","Sommarnatt","Sommarnatt",25,190786,FALSE,0.664,-4.157,0,0.028,0.0244,1.46e-06,0.109,0.39,113.996,4,2,"indie_soul_rock",0.59
107658,"3Ev1a7OygyuteJpPBctAaT","Sky Ferreira","Night Time, My Time","Night Time, My Time",45,219746,FALSE,0.646,-9.433,0,0.0409,0.28,0.703,0.652,0.422,110.052,4,2,"indie_soul_rock",0.55
107660,"2U9xilwDVbl5upU99insIn","FM-84;Ollie Wride","Never Stop","Never Stop",45,286040,FALSE,0.743,-10.083,1,0.0339,0.00451,0.0402,0.172,0.523,168.009,4,2,"indie_soul_rock",0.55
107671,"4BD77E4Zxw5zIm7uL842zd","Modern Talking","Year Of The Dragon","No Face No Name No Number",40,238373,FALSE,0.958,-4.622,1,0.0697,0.193,0.00306,0.101,0.809,118.045,4,2,"indie_soul_rock",0.58
107673,"03Y9Gez0KGG8zYY3KWIqdk","Johnny Hates Jazz","The Very Best Of Johnny Hates Jazz","Shattered Dreams",48,209960,FALSE,0.712,-9.878,1,0.0342,0.0313,1.18e-05,0.291,0.779,121.041,4,2,"indie_soul_rock",0.69
107674,"15kc3DJyYixeEEq5kRRrOm","Tears For Fears","Elemental","Break It Down Again",60,271533,FALSE,0.742,-7,1,0.0249,0.0134,0.422,0.121,0.486,109.001,4,2,"indie_soul_rock",0.33
107703,"01ugCDMaqFgnjKtXl0O2CE","Mylène Farmer","Tubes chansons française","Désenchantée",34,322760,FALSE,0.655,-11.744,0,0.0297,0.0019,0.126,0.0844,0.342,125.905,4,2,"indie_soul_rock",0.21
107710,"6fykOTaQUHbvT4rKOCtxJF","Chairlift","Moth to the Flame","Moth to the Flame",25,177333,FALSE,0.816,-6.214,1,0.0483,0.00152,0,0.128,0.568,119.056,4,2,"indie_soul_rock",0.56
107718,"4yDCTzaFfr7YOuYKpwgidL","Alphaville","Forever Young (Super Deluxe Edition; 2019 Remaster)","Sounds Like a Melody - 2019 Remaster",57,286170,FALSE,0.802,-6.966,0,0.037,0.0422,0.17,0.239,0.445,97.189,4,2,"indie_soul_rock",0.68
107725,"5neWqXYNmxHScg72MUgeT7","Synapson","Stendhal Syndrome","Diez for Pay",25,224935,FALSE,0.503,-8.19,0,0.0456,0.00196,0.0861,0.159,0.831,119.993,4,2,"indie_soul_rock",0.7
107752,"4C6EPWGYM3K3IIv4xzPL2X","Tove Lo","Studio It’s Hits","I'm Coming",47,196558,FALSE,0.625,-10.122,0,0.0359,0.00536,0.000492,0.119,0.296,118.966,4,2,"indie_soul_rock",0.43
107760,"4A0W9Z5bO3L46oZUa220Kd","Little Jinder","Allting suger","Puzzel",23,238226,FALSE,0.721,-6.151,1,0.0295,0.263,0.000281,0.123,0.432,89.956,4,2,"indie_soul_rock",0.56
107771,"2IIDtdJkLHGW1p53GR7xZs","Kite","V","If You Want Me",23,255920,FALSE,0.954,-4.172,1,0.0467,0.0419,0.0482,0.23,0.0805,110.975,4,2,"indie_soul_rock",0.36
107775,"7uSuEUt7ZV4Sgk4bCK6hsp","Kite","II","Hills",23,309889,FALSE,0.526,-8.101,1,0.036,0.304,0.0302,0.0878,0.335,119.859,4,2,"indie_soul_rock",0.63
107787,"7iGZiZ1hDuOD9GrDKnaA22","The Communards;Shep Pettibone","The Very Best Of Jimmy Somerville, Bronski Beat & The Communards (Collector's Edition)","Never Can Say Goodbye - Shep Pettibone Extended Remix",24,470666,FALSE,0.867,-8.531,1,0.0391,0.00196,0.255,0.17,0.883,132.56,4,2,"indie_soul_rock",0.56
107802,"148NjAWZ8BHnXazIAwgvOa","Erasure","Chorus (2020 Expanded Edition)","Love to Hate You (2019 - Remaster)",12,236026,FALSE,0.883,-5.656,0,0.0361,0.0194,0.00694,0.396,0.837,119.956,4,2,"indie_soul_rock",0.54
107803,"7zmbtfKgZMTQ1GlqBno5T5","NINA","Beyond Memory","Beyond Memory",40,215040,FALSE,0.749,-7.724,0,0.0341,0.27,0.0158,0.108,0.337,92.013,4,2,"indie_soul_rock",0.46
107805,"1Rvl9e8bRf4EVEyZNg1YHW","Videoclub","En nuit","En nuit",44,222186,FALSE,0.687,-7.937,0,0.0365,0.115,0.0182,0.0508,0.31,99.976,4,2,"indie_soul_rock",0.84
107816,"5CXqWN8KDJxhYwp8iPmyZm","Tears For Fears","Everybody Loves a Happy Ending","Last Days on Earth",23,341200,FALSE,0.772,-8.436,0,0.037,0.0271,0.00182,0.0649,0.576,89.984,4,2,"indie_soul_rock",0.54
107828,"3zJUF2PWvKR0qSqkm2Ps28","Visage","The Wild Life (The Best Of, 1978 To 2015)","Fade To Grey",23,230272,FALSE,0.672,-9.332,0,0.0265,0.000234,0.0179,0.0886,0.786,112.799,4,2,"indie_soul_rock",0.55
107829,"4dWLb9d3MmITKsfkESPP1u","The Stranglers","No More Heroes","Bitching - 1996 Remaster",25,264773,FALSE,0.926,-8.01,0,0.0394,0.000712,0.137,0.395,0.538,136.62,4,2,"indie_soul_rock",0.33
107837,"6di81DEyALXXHzbcMuUsFd","The Stranglers","Black and White","Sweden (All Quiet on the Eastern Front)",25,168373,FALSE,0.822,-9.075,1,0.0702,0.00135,0.0206,0.219,0.667,163.4,4,2,"indie_soul_rock",0.74
107841,"5P1a7Qjt7Zmv3Y6L1MtOVG","Alison Moyet","Alison Moyet The Best Of: 25 Years Revisited","That Ole Devil Called Love - Remastered",24,184733,FALSE,0.589,-5.736,0,0.0283,0.367,0,0.175,0.32,100.462,3,2,"indie_soul_rock",0.88
107856,"5KodOrv9iFso1iYp82eVhF","Icona Pop;Sofi Tukker","Spa","Spa",47,199819,FALSE,0.717,-7.04,1,0.0365,0.0157,0.257,0.107,0.87,124.966,4,2,"indie_soul_rock",0.78
107857,"6s4xmXtMT7WVbmCTjC48MP","Electric Youth","Innerworld (Deluxe Edition)","The Best Thing",41,235106,FALSE,0.553,-9.091,0,0.0293,0.263,0.302,0.12,0.227,115.984,4,2,"indie_soul_rock",0.28
107859,"3O6l5P4tTtHl3jN1vtrNlo","Tove Lo;Kylie Minogue","Sunshine Kitty","Really don’t like u (feat. Kylie Minogue)",47,225104,FALSE,0.619,-6.658,0,0.0736,0.215,6.11e-05,0.0856,0.265,109.326,4,2,"indie_soul_rock",0.31
107872,"4aQ1otVH5RkvygLElyaW7j","Paul Young","No Parlez","Love of the Common People - Remastered",51,240733,FALSE,0.666,-9.568,1,0.0725,0.149,3.35e-06,0.102,0.865,90.836,4,2,"indie_soul_rock",0.71
107879,"3txSqHwGING6J7waJXN8RJ","Boy George","At Worst...The Best Of Boy George And Culture Club","The Crying Game",57,202840,FALSE,0.43,-16.621,0,0.0303,0.132,0.274,0.151,0.46,100.012,4,2,"indie_soul_rock",0.74
107893,"14o0i8EQ2H61ayf5rXFJuH","Indochine;Joachim Garraud;Ridwello","13","Un été français - Joachim Garraud & Ridwello Remix",23,309933,FALSE,0.846,-4.965,1,0.173,0.0218,3.63e-05,0.0606,0.368,125.988,4,2,"indie_soul_rock",0.42
107898,"7zumacGldlmxpoP8bpaeLe","Squeeze","Greatest Hits","Slap & Tickle",24,256839,FALSE,0.805,-14.211,0,0.0344,0.00739,0.000828,0.0699,0.919,131.82,4,2,"indie_soul_rock",0.58
107909,"6iQz54AGEoITB0wgFi3zfz","Wham!","Make It Big","Heartbeat",43,283666,FALSE,0.552,-12.265,1,0.0276,0.16,0,0.169,0.821,134.912,4,2,"indie_soul_rock",0.64
107915,"3F5KH8Xi9Ee1Y7zwH0O9Kz","Mansfield.TYA","Twenty Years After","De Vita Beata",24,208000,FALSE,0.452,-8.535,0,0.0325,0.184,0.000227,0.388,0.152,80.918,4,2,"indie_soul_rock",0.54
107921,"1L99UsuGb2le8SnFtvdy0w","Little Jinder;First Aid Kit","Hejdå","Goldwing (feat. First Aid Kit)",23,208828,FALSE,0.77,-5.597,1,0.0279,0.0394,4.67e-06,0.0904,0.187,133.942,4,2,"indie_soul_rock",0.64
107922,"0ZgPPFEG3n4zQW7HJjhQFV","Mylène Farmer","Live 2019","Un jour ou l'autre - Live 2019",22,297826,FALSE,0.463,-10.978,1,0.0378,0.714,0.0151,0.967,0.197,154.608,4,2,"indie_soul_rock",0.77
107923,"7cpiPKT47L4l0ClrSrqugX","Peter Schilling","120 Grad","Terra Titanic",23,307000,FALSE,0.432,-11.593,1,0.0422,0.0323,0,0.115,0.676,121.947,4,2,"indie_soul_rock",0.43
107938,"6zvaZ4TbFRvni9LYJG6QHh","DEVO","Shout","The Satisfied Mind",23,187866,FALSE,0.634,-10.721,1,0.0353,0.0755,5.51e-06,0.107,0.798,143.053,4,2,"indie_soul_rock",0.79
107963,"4s0QpaeB5a3C9cxNGqPXxk","A Flock Of Seagulls","We Are The '80s","I Ran (So Far Away)",57,306626,FALSE,0.859,-5.083,1,0.0466,0.00125,0.735,0.216,0.495,146.16,4,2,"indie_soul_rock",0.35
107975,"5iWiMRKBtlcDSHpbHP1tzS","Indochine","Black City concerts","Traffic Girl",22,303120,FALSE,0.821,-7.53,1,0.0412,0.0411,0.00481,0.946,0.602,120.002,4,2,"indie_soul_rock",0.34
107983,"00nsjCr5DOE66aoBRsiOCd","ICEHOUSE","Icehouse In Concert (Live)","Icehouse - Live",23,292965,FALSE,0.628,-10.54,1,0.0312,0.00135,0.00373,0.943,0.0767,119.258,4,2,"indie_soul_rock",0.53
107984,"027FtsrH8qfX2kDFjf3lSr","Ultravox","Quartet (2009 Remaster)","Mine for Life - 2009 Remaster",23,286826,FALSE,0.842,-8.568,0,0.0322,0.00177,0.0121,0.0757,0.641,142.842,4,2,"indie_soul_rock",0.81
107985,"6DeDsUsG32QtXJiUGXLvNW","Indochine;John Digweed & Nick Muir","13","Henry Darger - John Digweed & Nick Muir Remix",22,323773,FALSE,0.734,-7.961,0,0.0425,0.0673,0.317,0.0832,0.536,112.003,4,2,"indie_soul_rock",0.59
107995,"6nEGxVCcMhIugOHk37APU7","Howard Jones","Best Of","Things Can Only Get Better",23,235826,FALSE,0.743,-6.083,1,0.0331,0.0314,0.000117,0.128,0.832,108.254,4,2,"indie_soul_rock",0.67
107999,"53OBspzeZIsgFyvN4Ml8pW","Pet Shop Boys","Pandemonium (Live at the O2 Arena, London - 21 December 2009)","More Than a Dream / Heart - Live at the O2 Arena, London - 21 December 2009",23,262533,FALSE,0.932,-6.406,0,0.0419,0.00553,0.0192,0.444,0.389,124.004,4,2,"indie_soul_rock",0.37
108003,"3bedfbgxeLosvIfD5yDTMS","Aníbal Troilo","Para Bailar","Quejas de Bandoneón",31,158533,FALSE,0.218,-13.826,0,0.0406,0.981,0.939,0.229,0.55,120.416,4,4,"instrumental_jazz_fusion",0.7
108011,"2phWfVk8HgVckkwpfTTcOW","Adriana Varela","Adriana Varela y Piano","Cuesta Abajo",31,224893,FALSE,0.5,-7.876,1,0.142,0.868,0,0.793,0.562,107.359,4,4,"instrumental_jazz_fusion",0.18
108013,"5kXkDCUSDTSSrpG21qdEI2","Julio Sosa;Orquesta de Leopoldo Federico","20 Great Tangos","Margot",28,186306,FALSE,0.536,-9.75,0,0.0607,0.895,0.146,0.357,0.661,110.483,4,4,"instrumental_jazz_fusion",0.08
108032,"2PgyCOE6KlAdTdoNOq8989","Juan D'Arienzo;Héctor Mauré","Tangos para Aficionados, Vol. 1","Uno",0,181506,FALSE,0.365,-11.557,1,0.0373,0.938,0.00599,0.343,0.601,139.686,4,4,"instrumental_jazz_fusion",0.23
108038,"6xz9Ysu2uDyVpY6WzHdDf3","Juan D'Arienzo","Tangos para Aficionados, Vol. 1","La Morocha",0,153333,FALSE,0.236,-15.007,1,0.0864,0.993,0.922,0.103,0.665,130.125,4,4,"instrumental_jazz_fusion",0.13
108043,"67LvqUeKNdiFVoDLS2kZIz","Alfredo De Angelis;Carlos Dante","Yo Soy El Tango","Fumando Espero",29,206226,FALSE,0.454,-2.97,0,0.0356,0.866,0.00034,0.313,0.818,115.593,4,4,"instrumental_jazz_fusion",0.16
108044,"1jUTtkWKuZUPay75PBQadI","Julio Sosa;Leopoldo Federico y su Orquesta","El Firulete","El Firulete (with Leopoldo Federico y Su Orquesta)",36,132586,FALSE,0.674,-8.692,1,0.193,0.866,3.43e-05,0.834,0.635,106.056,4,4,"instrumental_jazz_fusion",0.28
108049,"6IuvZhNVniNj4IOSSAtpkt","Alberto Castillo;Ricardo Tanturi Y Su Orquesta","Así Se Baila El Tango","Que Nadie Sepa Mi Sufrir",29,138666,FALSE,0.53,-8.858,0,0.0492,0.943,8.31e-06,0.0794,0.778,96.869,3,4,"instrumental_jazz_fusion",0.14
108060,"0QwFwpzR9Z9nwovd0P56KI","Nelly Omar","Nelly Omar - Desde el alma","Barrio pobre",27,205186,FALSE,0.389,-7.756,0,0.0445,0.933,4.28e-06,0.0879,0.541,119.763,4,4,"instrumental_jazz_fusion",0.18
108063,"5nnhYchP6RkU7ZROzD97Yv","Carlos Gardel","Canta El Zorzal","Volver",27,174066,FALSE,0.254,-8.883,1,0.0544,0.994,0.0234,0.329,0.468,65.259,4,4,"instrumental_jazz_fusion",0.33
108066,"6MdjSQPkhUnlkP0yptEmbF","Carlos Gardel","El Album De Oro De Carlos Gardel","Volvió Una Noche",28,182320,FALSE,0.253,-8.107,1,0.0733,0.947,0.000202,0.252,0.553,169.419,3,4,"instrumental_jazz_fusion",0.28
108070,"6bAmp2OEVQJtSXbdz0SDxh","Aníbal Troilo Y Su Orquesta Típica;Roberto Goyeneche","Maestros Del Tango","Tinta Roja (with Roberto Goyeneche)",26,179666,FALSE,0.34,-11.555,1,0.0453,0.834,1.18e-06,0.0921,0.482,111.695,4,4,"instrumental_jazz_fusion",0.34
108073,"2RuCIjVDNlT4kRuSkW61n8","Malena Muyala","Viajera","Pedacito De Cielo",26,173533,FALSE,0.185,-10.899,1,0.0633,0.943,7.27e-06,0.0972,0.522,141.219,3,4,"instrumental_jazz_fusion",0.37
108075,"09nepOobTOXaXweIYWypHQ","Jorge Falcón","El Amor Desolado","Quiero Verte Una Vez Más - Remasterizado",26,220640,FALSE,0.399,-9.832,0,0.0481,0.839,3.06e-05,0.145,0.367,80.969,5,4,"instrumental_jazz_fusion",0.25
108084,"0RXVCKWWaIyN3DOsRyYbKL","Roberto Goyeneche","La Última Curda","La Última Curda",29,198235,FALSE,0.331,-10.295,0,0.125,0.863,0,0.922,0.392,50.96,4,4,"instrumental_jazz_fusion",0.48
108095,"6ARVCUb65BrAyRbNfiZxUV","Roberto Goyeneche;Atilio Stampone y su Orquesta Tipica","Cantor de Pueblo: Roberto Goyeneche","Afiches (with Atilio Stampone y su Orquesta Tipica)",27,185600,FALSE,0.28,-10.395,0,0.055,0.94,0.00206,0.159,0.44,83.299,4,4,"instrumental_jazz_fusion",0.15
108097,"5OrCqFaEa1aIzRWooBhXq1","Alfredo De Angelis;Rodi Néstor;Orquesta de Alfredo De Angelis","Los 25 Mejores Tangos","El Choclo",26,146373,FALSE,0.511,-6.386,0,0.0284,0.835,0.676,0.0601,0.785,132.868,4,4,"instrumental_jazz_fusion",0.58
108109,"6113McC3tLeOTtkzVrGACm","Carlos Gardel","El Album De Oro De Carlos Gardel","Como Abrazado A Un Rencor",26,165520,FALSE,0.258,-12.017,1,0.4,0.976,0,0.0771,0.663,81.614,5,4,"instrumental_jazz_fusion",0.25
108114,"62mjy4QxUo3axY3KBzZIF5","Julio Sosa","Secreto (En Vivo)","Secreto - En Vivo",25,208222,FALSE,0.576,-10.691,0,0.0631,0.898,0.0417,0.356,0.354,118.97,4,4,"instrumental_jazz_fusion",0.12
108137,"6VxYJF32d4deiI9wCGlgTC","La Chicana","Antihéroes y Tumbas (Historias del Gótico Surero)","Bailarina Rota",24,161826,FALSE,0.281,-11.37,0,0.104,0.755,0,0.0932,0.289,106.891,4,4,"instrumental_jazz_fusion",0.39
108145,"69yMw6uwZvaOmkLOGgtCEE","Juan D'Arienzo","Orquesta Juan D' Arienzo - La cumparsita","Felicia",24,172773,FALSE,0.277,-11.989,0,0.0456,0.676,0.349,0.118,0.776,135.662,4,4,"instrumental_jazz_fusion",0.42
108153,"1R6eZlhLv81JqiDH9gi05e","Carlos Gardel","TANGO Latino – Por una cabeza vol. 02","Desden",24,163537,FALSE,0.238,-12.565,1,0.156,0.99,0.000404,0.399,0.587,120.277,4,4,"instrumental_jazz_fusion",0.33
108168,"2uUlt61KHLLEvJaDn72V6w","Adriana Varela","Tangos de Lengue","Anclao en París",23,134931,FALSE,0.313,-10.965,1,0.0729,0.586,0,0.0885,0.578,119.588,4,4,"instrumental_jazz_fusion",0.54
108172,"2oaphqhjnsn109Y7Y9aezg","Juan D'Arienzo;Alberto Echagüe","Juan D'arienzo y Alberto Echague","Bien Pulenta",23,167080,FALSE,0.65,-5.896,0,0.0971,0.926,8.85e-05,0.061,0.704,135.201,4,4,"instrumental_jazz_fusion",0.37
108188,"3p9ebspnr6evao7kZ99BpH","Adriana Varela;Fito Páez;Paula Pomeraniek","Avellaneda","La Despedida (feat. Fito Páez & Paula Pomeraniek)",23,279706,FALSE,0.308,-9.312,1,0.0407,0.774,0,0.117,0.325,51.793,4,4,"instrumental_jazz_fusion",0.2
108207,"72grNDm7LBvqrcrRkm33ix","Lidia Borda;Orquesta El Arranque","Tal vez serà su voz","Tal vez sera su voz",21,262706,FALSE,0.3,-6.183,1,0.0343,0.891,1.16e-06,0.081,0.179,80.699,3,4,"instrumental_jazz_fusion",0.41
108223,"5N77EfgsfKTogt2BMe6QAR","Otros Aires","Tricota","Quisiera Que Estes Conmigo",23,238520,FALSE,0.66,-5.336,0,0.0585,0.441,0.00555,0.0699,0.32,79.254,4,4,"instrumental_jazz_fusion",0.38
108236,"28FA2JzQLNFF0xPT9HxkEY","Julio Sosa;Leopoldo Federico y su Orquesta","Esenciales","Total Pa' Que Sirvo (with Leopoldo Federico y Su Orquesta)",23,161173,FALSE,0.71,-10.036,1,0.173,0.932,0.000146,0.689,0.517,121.804,5,4,"instrumental_jazz_fusion",0.33
108237,"0jmL4X2k3Kz9iOAXQWpmBI","Carlos Gardel","Los Exitos De Sus Peliculas","Criollita Deci Que Si",23,171133,FALSE,0.285,-9.107,0,0.0522,0.982,9.21e-06,0.304,0.507,73.757,3,4,"instrumental_jazz_fusion",0.13
108238,"5tYlnkguNNQmVrsHiXT9Bx","Olavi Virta","Olavi Virta","Vihreät niityt - Green Fields",25,178653,FALSE,0.126,-14.32,0,0.0352,0.954,1.11e-05,0.108,0.176,65.454,4,4,"instrumental_jazz_fusion",0.2
108254,"3wN0brdVqbMYJdGJ0wD0Za","Ariel Ardit;Andrés Linetzky","Intimos, Vol. 1 en vivo en Bebop","Fuimos - En Vivo",22,320922,FALSE,0.202,-11.807,1,0.0595,0.896,0.000377,0.705,0.185,53.024,3,4,"instrumental_jazz_fusion",0.34
108261,"0kBLGLJkdFtopyw0V7rUll","Juan D'Arienzo;Armando Laborde","Tango Classics 235: Magdala","Color Cielo",21,184060,FALSE,0.269,-15.866,0,0.0512,0.981,0.0385,0.363,0.658,123.617,4,4,"instrumental_jazz_fusion",0.44
108262,"5cOAbX7oBPRdmSaHB5FusN","Julio Sosa","Mejores Exitos","Canchero",21,150047,FALSE,0.694,-9.289,1,0.148,0.977,0.00304,0.946,0.811,115.983,4,4,"instrumental_jazz_fusion",0.36
108277,"6LyuP3uEWwBrF2vOlejxTr","Alberto Castillo","Mis 30 Mejores Tangos","Cucusita",22,133560,FALSE,0.258,-13.027,0,0.0753,0.914,4.16e-05,0.2,0.41,109.349,4,4,"instrumental_jazz_fusion",0.48
108280,"17ABEspeSa35FH8R7ikkjT","Juan D'Arienzo;Alberto Echagüe","50 Tangazos","Cambalache",21,171986,FALSE,0.439,-6.849,1,0.0635,0.987,0.31,0.187,0.851,127.637,4,4,"instrumental_jazz_fusion",0.45
108305,"2unHeRm95jN8mFxb0K27jO","Los Muchachos De Antes","Tangos Famosos Instrumentales","A Media Luz",21,93199,FALSE,0.15,-11.617,1,0.0929,0.834,0.329,0.143,0.604,123.493,4,4,"instrumental_jazz_fusion",0.55
108313,"69JN8WOEGbwJatCSM9tRza","Pepe Aguirre","Solo un recuerdo","Mañana zarpa un barco",22,120000,FALSE,0.194,-19.068,1,0.12,0.98,2.4e-05,0.632,0.873,113.827,4,4,"instrumental_jazz_fusion",0.48
108331,"4azVfiNg4qWsFCoLPULSFZ","Alfredo De Angelis;Juan Carlos Godoy","Bajo el Cono Azul","Quien Tiene Tu Amor",21,176653,FALSE,0.262,-9.991,0,0.0452,0.835,0,0.252,0.591,119.614,4,4,"instrumental_jazz_fusion",0.22
108347,"1PtZsX4W6Oe80V5mdh0oMg","Adriana Varela","Vuelve el Tango","Muñeca Brava",21,165051,FALSE,0.0932,-16.836,0,0.0617,0.965,1.78e-05,0.104,0.633,106.427,4,4,"instrumental_jazz_fusion",0.39
108375,"565cVZONhoMyBkpDX9lywB","Julio Martel;Alfredo De Angelis","La Pastora","La Pastora - Remasterizado",21,191973,FALSE,0.199,-10.883,1,0.0523,0.977,0.608,0.146,0.692,123.387,4,4,"instrumental_jazz_fusion",0.23
108383,"1W0voVAoKVow8VhpwWBHl5","Alberto Podestá;Rodolfo Lezica;Agustin Magaldi;Alberto Morán;Jorge Durán;Carlos Almada;Enrique Campos;Jorge Vidal;Mariano Leyes;Oscar Larroca;Armando Moreno;Alberto Marino","Grandes cantores del tango","Estampa tanguera",20,123240,FALSE,0.387,-9.832,0,0.0693,0.965,0.000897,0.167,0.647,117.042,4,4,"instrumental_jazz_fusion",0.3
108385,"1HZiHEA6MVMCSzEE2VlV4j","Carlos Gardel","Milonguera: Des femmes et du tango","Aquel tapado de armino",21,146253,FALSE,0.153,-13.439,0,0.144,0.983,0.00992,0.114,0.456,127.816,4,4,"instrumental_jazz_fusion",0.16
108397,"2i6TC7MsSE54t5odT0KIQi","Adriana Varela","Vuelve el Tango","Muchacho",20,154528,FALSE,0.151,-13.226,0,0.0799,0.837,0,0.0874,0.63,111.129,4,4,"instrumental_jazz_fusion",0.24
108398,"4BpLeM1c7PvqBZ8ZB7A880","Aníbal Troilo;Roberto Fiorentino","Milongas para Bailar","Mano Brava",20,146666,FALSE,0.57,-6.208,1,0.0499,0.89,0.551,0.261,0.922,113.989,4,4,"instrumental_jazz_fusion",0.18
108406,"1K3BGxyRLzfyPr0zo34OrA","Juan D'Arienzo;Héctor Mauré","Pensalo bien","Amarras",19,208760,FALSE,0.368,-7.004,1,0.0487,0.99,0.15,0.315,0.638,123.181,4,4,"instrumental_jazz_fusion",0.5
108420,"2Y8Q3wl1atQRqIdZ6jduUq","Juan D'Arienzo and his Orchestra","The History of Tango / El Rey del Compas / Recordings 1938 - 1939, Vol. 2","La Cicatriz",20,143813,FALSE,0.413,-8.07,0,0.0473,0.969,0.605,0.109,0.961,104.218,4,4,"instrumental_jazz_fusion",0.5
108423,"3AKDlJT8sEbS3QVHImwwEU","Astor Piazzolla;Roberto Goyeneche","Astor Piazzolla/ Roberto Goyeneche","La Ultima Curda - En Vivo Teatro Regina 1982",20,237026,FALSE,0.242,-14.71,0,0.328,0.851,0,0.839,0.421,62.419,5,4,"instrumental_jazz_fusion",0.4
108429,"7IUf8ktjINFKWXKCWDAucU","Héctor Varela","Antología: El As Del Tango (Remastered)","Silueta Porteña - Remastered",20,187933,FALSE,0.683,-5.685,1,0.0473,0.624,0.00755,0.0959,0.549,100.21,4,4,"instrumental_jazz_fusion",0.17
108434,"2Qs2SBIxInTmPSZ438l1WN","Tita Merello","Con El Tango En El Alma","A Mi No Me Hablen De Tango",20,139720,FALSE,0.423,-8.195,1,0.102,0.781,0,0.329,0.769,132.578,4,4,"instrumental_jazz_fusion",0.26
108439,"2jwCD2RekSwY91aIzaLLKa","La Chicana","Tango Agazapado","Milonga de los Perros",20,157666,FALSE,0.468,-6.784,0,0.057,0.689,0,0.0879,0.725,96.027,4,4,"instrumental_jazz_fusion",0.36
108448,"2bLIcaSs67qxe1bwJkRomK","Roberto Goyeneche;Atilio Stampone y su Orquesta Tipica","Roberto Goyeneche Interpreta A Homero Exposito - Serie Argentinisima","Afiches (with Atilio Stampone y su Orquesta Tipica)",20,187693,FALSE,0.308,-9.961,1,0.0432,0.835,0.000158,0.103,0.487,110.79,3,4,"instrumental_jazz_fusion",0.38
108452,"3UD6QYLc3ywrZ5pzfBIWdy","Osvaldo Fresedo y su Orquesta Típica","Serie 78 RPM : Osvaldo Fresedo Vol.1","La Cumparsita",20,138466,FALSE,0.207,-11.031,1,0.0468,0.965,0.845,0.144,0.436,133.033,4,4,"instrumental_jazz_fusion",0.48
108468,"0tOop9KPWI8FKigU7TAAbr","Sexteto Milonguero","Pa' Que Bailen, Vol. 4","Tres Esquinas",19,192866,FALSE,0.422,-4.6,1,0.0466,0.739,0.00183,0.241,0.815,124.867,4,4,"instrumental_jazz_fusion",0.23
108473,"3kMTsApycVapS5vvWrVR3N","Jorge Vidal","El motivo (Historical Recordings)","Milonga burrera",19,200875,FALSE,0.391,-15.617,0,0.183,0.93,0.000289,0.139,0.725,100.894,4,4,"instrumental_jazz_fusion",0.41
108475,"3QWtOTeMLoQfnAYMmQAfD6","Teemu Roivainen;Camilla Bäckman","Pohjolan joulu","Poika ja tähti",20,224214,FALSE,0.254,-11.015,0,0.0307,0.792,0,0.104,0.207,89.821,4,4,"instrumental_jazz_fusion",0.37
108487,"6jd7yLNatOkOFdyW3irQNp","Julio Sosa;Leopoldo Federico y su Orquesta","El Firulete","Hoy Es Tarde (with Leopoldo Federico y Su Orquesta)",19,170853,FALSE,0.562,-9.072,0,0.127,0.768,0,0.461,0.645,110.176,4,4,"instrumental_jazz_fusion",0.11
108494,"0s9XNze6hBXm0DTBXLohft","Alfredo De Angelis;Oscar Larroca","Medallita De La Suerte","Hacelo Por La Vieja",19,172400,FALSE,0.432,-5.849,0,0.0337,0.937,0.000139,0.206,0.854,128.119,4,4,"instrumental_jazz_fusion",0.15
108505,"6TimcYUlfSGOs1Qc7RE3jm","Orquesta Tipica Victor","Serie 78 RPM: Orquesta Típica Victor Vol.1","Una Vez",18,199520,FALSE,0.233,-10.061,1,0.0413,0.982,0.0165,0.344,0.495,125.35,4,4,"instrumental_jazz_fusion",0.66
108521,"2gqg1BzLIKhNq1rxCfP3iJ","Julio Sosa","Varón (Remastered)","El firulete - Remastered",18,132864,FALSE,0.523,-11.176,1,0.145,0.95,2.78e-06,0.718,0.649,137.451,3,4,"instrumental_jazz_fusion",0.62
108531,"3oV7AZATCUy6VP8rutfRb5","La Chicana","Ayer Hoy Era Mañana","Baldosa Floja",19,143706,FALSE,0.352,-12.031,0,0.0557,0.845,0,0.108,0.856,98.346,4,4,"instrumental_jazz_fusion",0.37
108559,"5DKZYnQTWZ5eJ1uMX2sI0p","Solo Tango Orquesta","2010-2015","Quejas De Bandoneon",18,167813,FALSE,0.409,-11.161,1,0.0377,0.523,0.0683,0.104,0.443,119.332,4,4,"instrumental_jazz_fusion",0.56
108564,"1gIxcViJmZ5nkmrZsxUM4C","Carlos Gardel","Celebridades","Callejera",19,138693,FALSE,0.295,-11.261,0,0.261,0.983,0,0.247,0.607,129.245,5,4,"instrumental_jazz_fusion",0.43
108579,"4xsp8K91A42XdceV6GzLe2","Mariano Mores","From Argentina To The World","El Firulete",18,201733,FALSE,0.361,-12.779,1,0.0685,0.812,0.743,0.134,0.654,79.191,4,4,"instrumental_jazz_fusion",0.68
108584,"1nAxF4Q5DKlAbSdNYyRkrj","Miguel Calo;Raul Iriarte;Los Trovadores del Peru","Tango Classics 224: Mulata","Me Duele el Corazón",18,140805,FALSE,0.125,-17.881,0,0.192,0.93,0.724,0.091,0.603,204.198,3,4,"instrumental_jazz_fusion",0.56
108590,"5KjIdZnkwAFHVuAu5yzMf7","Roberto Goyeneche","El Cantor De Buenos Aires","El Dia Que Me Quieras",19,242200,FALSE,0.474,-6.444,1,0.0375,0.839,0.00089,0.102,0.31,102.339,4,4,"instrumental_jazz_fusion",0.28
108593,"1pOYW207ziVeilrwXnKREF","Roberto Goyeneche;Orquesta Tipica Porteña","15 Grandes Exitos - Los Discos De Oro De Roberto Goyeneche","El Motivo (with Orquesta Tipica Porteña)",19,179640,FALSE,0.414,-10.774,0,0.0504,0.704,0.00324,0.0536,0.457,117.893,4,4,"instrumental_jazz_fusion",0.22
108595,"3bR98Buoiaj4BjccBzUpMM","Héctor Varela;Jorge Falcón","Mis 30 Mejores Tangos","Fueron Tres Años (with Jorge Falcón)",18,207533,FALSE,0.407,-10.004,0,0.0423,0.795,3.98e-06,0.302,0.744,126.744,4,4,"instrumental_jazz_fusion",0.33
108602,"4CNIKGlBvWXzGSFSKQdMcS","Orquesta Tipica Buenos Aires","La Cumparsita","Nostalgias",18,169400,FALSE,0.329,-9.694,0,0.0318,0.707,0.126,0.0455,0.362,115.459,4,4,"instrumental_jazz_fusion",0.49
108606,"6wBcwCIVwCSzPb2Y1dkxL4","Osvaldo Pugliese","Tango Classics 178: La Tupungatina","La Cachila",18,151858,FALSE,0.204,-15.263,0,0.0512,0.9,0.000253,0.226,0.39,116.639,4,4,"instrumental_jazz_fusion",0.38
108608,"6mHIW1Uh1hfH6c3ytywCjy","Carlos Gardel","Celebridades","Guitarra Mía",19,209866,FALSE,0.164,-12.555,0,0.0854,0.993,0.00268,0.218,0.393,80.963,3,4,"instrumental_jazz_fusion",0.54
108616,"4IusK4dI8G8Jow785Up1my","Carlos Gardel","Tango - Exitos De Oro De Carlos Gardel","Adios Muchachos",19,158119,FALSE,0.293,-12.453,1,0.119,0.771,0,0.137,0.633,114.639,4,4,"instrumental_jazz_fusion",0.32
108628,"5VmhdU1AoCTgu6vn2U2MSs","Carlos Gardel","Essential Classics, Vol. 9: Carlos Gardel (Remastered 2022)","Milonga Sentimental (Remastered 2022)",19,179772,FALSE,0.17,-14.726,0,0.228,0.979,4.69e-05,0.134,0.771,97.226,3,4,"instrumental_jazz_fusion",0.45
108633,"0l2RhobCWCxMn6lLOTE5I7","Angel D'Agostino","The Masters of Tango: Angel D'Agostino, Café Domínguez","Café Domínguez",18,177866,FALSE,0.424,-7.525,0,0.0427,0.871,0.143,0.133,0.709,123.215,4,4,"instrumental_jazz_fusion",0.09
108639,"5GrJfD0eWfO3xxbo3Hal5P","Alfredo De Angelis;Carlos Dante","From Argentina To The World","La Brisa",18,158373,FALSE,0.346,-9.547,1,0.0512,0.894,0.0274,0.309,0.844,124.398,4,4,"instrumental_jazz_fusion",0.12
108649,"5IQujJ0ThoDwXrjpZbmKbs","Roberto Goyeneche;Orquesta Típica Porteña","Roberto Goyeneche - RCA Victor 100 Años","Cambalache (with Orquesta Tipica Porteña)",19,168573,FALSE,0.457,-9.834,1,0.0975,0.98,0.00059,0.14,0.826,58.066,4,4,"instrumental_jazz_fusion",0.37
108661,"1p9iIYZTt0nvp1MiBcT8Vy","Ada Falcón","Tus Besos Fueron Míos","La Última Copa",17,159680,FALSE,0.301,-6.867,0,0.217,0.993,0,0.144,0.588,76.798,4,4,"instrumental_jazz_fusion",0.29
108675,"4V5NGZV39aTpE8ccdyD9EN","Fulvio Salamanca Y Orquesta","25 Sucessos: El Mejor del Tango","El Choclo",18,140213,FALSE,0.251,-17.351,1,0.0385,0.847,0.588,0.114,0.602,127.199,4,4,"instrumental_jazz_fusion",0.25
108677,"05SR2kFrTXBcMGtKXEUDgv","Adriana Varela","Encaje","En un Feca",17,130586,FALSE,0.376,-12.8,0,0.0749,0.903,0,0.104,0.586,112.709,4,4,"instrumental_jazz_fusion",0.5
108681,"4dfnYLge2MvEscoZsILeS4","Juan D'Arienzo and his Orchestra","The History of Tango / El Rey del Compas / Recordings 1935 - 1937, Vol. 1","El Flete",18,178240,FALSE,0.341,-4.742,1,0.0583,0.965,0.76,0.0549,0.795,132.616,4,4,"instrumental_jazz_fusion",0.51
108682,"75LdwSIorbGFJ8ogu64gXB","Carlos Gardel","Platinum Collection: The World's Best Tangos Vol. 3: Carlos Gardel","Secreto",18,138166,FALSE,0.3,-11.938,0,0.107,0.988,0.00679,0.436,0.842,123.223,4,4,"instrumental_jazz_fusion",0.63
108686,"2eKK8yecnfdNlpqmy1R7oR","Adriana Varela","Vivo (Deluxe Version)","Los Cosos de al Lao",17,154226,FALSE,0.458,-10.925,0,0.13,0.704,0,0.976,0.547,108.143,4,4,"instrumental_jazz_fusion",0.34
108698,"4jOT9Le37KgvPfqhyLYkVF","Roberto Goyeneche;Baffa-Berlingieri y su Orquesta","Maestros Del Tango","Desencuentro (with Baffa-Berlingieri y su Orquesta)",19,135866,FALSE,0.357,-9.204,0,0.0764,0.792,3.05e-05,0.0799,0.525,168.599,5,4,"instrumental_jazz_fusion",0.44
108700,"74frkNGkHzMMTpXv82QrHl","Astor Piazzolla","Rough Dancer And The Cyclical Night","Finale - Tango Apasionado",31,214800,FALSE,0.0748,-20.087,0,0.0306,0.189,0.401,0.131,0.0837,95.602,4,4,"instrumental_jazz_fusion",0.36
108706,"5SPRKeCQC2nUorhxcjaA5W","Romántica Milonguera","Boleros","Besame mucho",18,183207,FALSE,0.467,-6.932,0,0.0331,0.76,0.00385,0.194,0.435,123.087,4,4,"instrumental_jazz_fusion",0.35
108724,"3BZwpSz5UixY7NhvLkwNte","Soledad Villamil","Canción de Viaje","Biromes y Servilletas",18,239240,FALSE,0.455,-8.424,1,0.0358,0.63,0,0.344,0.568,109.008,4,4,"instrumental_jazz_fusion",0.37
108739,"5VrerhWRu30Wffr8UDsl5e","Teemu Roivainen","Sydämesi tyhjä huone","Rakastan enemmän sua kuin ketään ennen",17,235933,FALSE,0.649,-5.401,0,0.0344,0.422,0.0422,0.112,0.417,183.691,3,4,"instrumental_jazz_fusion",0.56
108755,"2YWWcx9y4NzKorQbPtSxBX","Eladia Blazquez","Somos o No Somos...?","El Corazón al Sur",17,219986,FALSE,0.352,-7.673,0,0.0514,0.878,0,0.0824,0.134,72.28,3,4,"instrumental_jazz_fusion",0.28
108756,"4sBkID6i6b3SOzHQUzE1hX","Carlos Gardel","Victoria","Muñeca Brava",18,141949,FALSE,0.261,-12.246,1,0.0952,0.976,0,0.0924,0.847,128.489,4,4,"instrumental_jazz_fusion",0.45
108769,"5slXcPtVBroZJ7wjqTnWbK","Adriana Varela","Tango en Vivo","Afiche",16,248280,FALSE,0.249,-17.28,0,0.0528,0.821,6.28e-05,0.969,0.481,84.737,4,4,"instrumental_jazz_fusion",0.42
108772,"3scy31i4bHwCkKglpuk9pO","Sexteto Milonguero","Doble o Nada","Buscándote",16,168000,FALSE,0.337,-9.125,0,0.0481,0.558,0.0043,0.0857,0.408,129.974,4,4,"instrumental_jazz_fusion",0.5
108786,"5UXuombq8sj6a1QW5GUl4A","Roberto Goyeneche;Atilio Stampone y su Orquesta Tipica","Antologia Roberto Goyeneche","Chau... No Va Más...! (with Atilio Stampone y su Orquesta Tipica)",18,221226,FALSE,0.402,-8.801,1,0.0491,0.916,0.000193,0.193,0.467,104.308,4,4,"instrumental_jazz_fusion",0.38
108788,"3eyxBcT0do1v6n374tqOyS","La Chicana","Ayer Hoy Era Mañana","Oro Y Plata",17,196120,FALSE,0.69,-6.69,0,0.119,0.57,0,0.0928,0.626,104.918,4,4,"instrumental_jazz_fusion",0.26
108796,"7imfMQIUDk8rLkpdyRryOs","Julio Sosa;Leopoldo Federico y su Orquesta","Esenciales","Mano a Mano (with Leopoldo Federico y Su Orquesta)",16,192200,FALSE,0.718,-4.931,0,0.103,0.814,2.63e-06,0.393,0.777,117.09,4,4,"instrumental_jazz_fusion",0.48
108808,"3iw8KDjVT4PJQh518JXG96","Pepe Aguirre","Dejame morir","Pensando en ti",18,179002,FALSE,0.259,-9.131,1,0.0437,0.986,0.000304,0.526,0.842,99.378,4,4,"instrumental_jazz_fusion",0.38
108811,"49LFIIk9TIvKyTkloCvHyh","Osvaldo Pugliese","El Maestro al Piano (Remastered)","Don Agustín - Remastered",16,220773,FALSE,0.428,-7.389,0,0.0351,0.542,0.236,0.06,0.628,113.231,4,4,"instrumental_jazz_fusion",0.41
108830,"6jwMKPgV7b91lCPva7aK26","Astor Piazzolla","Piazzolla Tangos 6","Enrico Iv",16,158960,FALSE,0.564,-8.634,0,0.0272,0.818,0.759,0.369,0.331,86.647,4,4,"instrumental_jazz_fusion",0.22
108831,"5qpNxZb2y07DNBJg6rsZz8","Roberto Goyeneche","Berretín","Alma De Loca",17,154240,FALSE,0.706,-4.388,1,0.0418,0.922,0,0.363,0.802,105.272,4,4,"instrumental_jazz_fusion",0.39
108835,"5maPtCuqWTyK4F0bMCRFUa","Miguel Calo","Que Falta Que Me Hacés","Pedacito de Cielo",16,141305,FALSE,0.287,-7.759,0,0.0601,0.937,0.28,0.0926,0.92,104.077,1,4,"instrumental_jazz_fusion",0.12
108860,"0RT1X76cYO41KfLz1bIofg","Lucio Demare","Tangos para Aficionados, Vol. 1","Malena",0,175200,FALSE,0.298,-11.179,1,0.0455,0.861,9.62e-06,0.314,0.917,126.043,4,4,"instrumental_jazz_fusion",0.27
108887,"1tXIObSOY5P8q3CCEGHW5d","Edmundo Rivero;Aníbal Troilo","Audacia (Remastered)","Yira, yira - Remastered",16,185415,FALSE,0.268,-11.921,1,0.173,0.753,0,0.128,0.533,124.531,4,4,"instrumental_jazz_fusion",0.62
108895,"0MBlJwww97Q8knaUUWV2mw","Alberto Castillo;Ricardo Tanturi Y Su Orquesta","Así Se Baila El Tango","El Choclo",16,124853,FALSE,0.467,-7.099,0,0.13,0.871,0,0.159,0.621,125.237,4,4,"instrumental_jazz_fusion",0.59
108904,"2vg8iuTWpyuPqoTYSe3t69","Osvaldo Pugliese;Alberto Morán","Desde el alma","La Noche Que Me Esperes",16,143413,FALSE,0.465,-8.557,0,0.0369,0.954,7.37e-05,0.192,0.574,104.122,3,4,"instrumental_jazz_fusion",0.3
108905,"2JXLgBHZqDoj8SitXI9LYj","Héctor Varela y su Orquesta Típica","Archivo Columbia : Hector Varela Vol.1","Valsecito Criollo",15,133746,FALSE,0.595,-8.718,0,0.0385,0.772,0.202,0.163,0.905,104.594,3,4,"instrumental_jazz_fusion",0.46
108921,"33SXC4Ojh6l8bBTGwr2ttp","Conjunto Berretin","Tangamente: Tangos a la parilla para bailar","El Aeroplano",16,186520,FALSE,0.273,-12.637,0,0.0295,0.133,0.115,0.065,0.519,97.848,4,4,"instrumental_jazz_fusion",0.3
108924,"0wuFmpRrUeadc71MuEYPgl","Miguel Calo;Raul Iriarte","Fruta Amarga","Igual Que una Sombra",16,164906,FALSE,0.213,-11.128,1,0.0445,0.76,0.0144,0.0962,0.541,125.749,4,4,"instrumental_jazz_fusion",0.37
108940,"5rLOSausoxxuOYHzW0GFij","Héctor Varela","Mis 30 Mejores Tangos","Sabor De Adiós - Remasterizado",16,171266,FALSE,0.401,-10.062,0,0.0487,0.927,3.81e-05,0.451,0.683,62.075,4,4,"instrumental_jazz_fusion",0.46
108943,"7rYkucFvSGUfikoADR1YiY","Julio Sosa;Leopoldo Federico y su Orquesta","Esenciales","Que Me Van a Hablar de Amor (with Leopoldo Federico y Su Orquesta)",16,193853,FALSE,0.554,-10.044,1,0.129,0.92,1.82e-06,0.617,0.64,80.729,3,4,"instrumental_jazz_fusion",0.28
108956,"3T71b4HX3PXZaohSY2Q7da","Orquesta Juan D' Arienzo","Orquesta Juan D' arienzo - 9 de Julio","Jueves",15,188840,FALSE,0.499,-5.449,0,0.0445,0.688,0.922,0.125,0.688,125.963,4,4,"instrumental_jazz_fusion",0.38
108973,"4tW5E6OZD0JoCP0cpzq0g8","Astor Piazzolla;Astor Piazzolla Y Su Quinteto","Edición Crítica: Piazzolla Interpreta A Piazzolla","Adiós Nonino",15,250506,FALSE,0.221,-9.697,0,0.0372,0.841,0.166,0.101,0.234,114.347,4,4,"instrumental_jazz_fusion",0.52
108979,"6DmAMgMDvpGgxsiWfx8sq2","Roberto Goyeneche;Astor Piazzolla","Esenciales","Chiquilín de Bachín",16,199120,FALSE,0.357,-8.439,0,0.0334,0.918,0.0194,0.0983,0.139,115.09,3,4,"instrumental_jazz_fusion",0.39
108989,"7qrvxjTqvXvaiGhnUfCOAB","Carlos Gardel","Carlos Gardel - Sus Mejores Tangos","La Última Copa",16,137760,FALSE,0.346,-9.903,0,0.092,0.995,0.0755,0.123,0.561,123.76,4,4,"instrumental_jazz_fusion",0.41
108998,"0p36ZWBIIzWLteeyWdiGym","Roberto Goyeneche;Orquesta Tipica Porteña","Maestros Del Tango","Cafetín de Buenos Aires (with Orquesta Tipica Porteña)",17,184733,FALSE,0.444,-8.896,1,0.0544,0.768,0,0.127,0.441,103.051,4,4,"instrumental_jazz_fusion",0.42
109008,"1VSqQykTamK4ubyZV7p8Bp","Raving George;Oscar and the Wolf","You're Mine (feat. Oscar And The Wolf)","You're Mine (feat. Oscar And The Wolf)",57,331240,FALSE,0.474,-9.362,0,0.0383,0.0392,0.411,0.0946,0.174,107.983,4,6,"techno_experimental",0.45
109023,"18rHGxr6QDiPieSTo7cUGL","Cascada;Maurice West","Everytime We Touch (Hardwell & Maurice West Remix)","Everytime We Touch - Hardwell & Maurice West Remix",69,216441,FALSE,0.848,-4.075,0,0.0745,0.00237,0,0.185,0.286,144.996,4,6,"techno_experimental",0.42
109042,"68RzzvNAouCnFoLQB2G7NV","Duke Dumont;Jax Jones","Larga Vida al Electro","I Got U",0,285596,FALSE,0.761,-7.752,0,0.035,0.00383,0.00784,0.0851,0.462,120.842,4,6,"techno_experimental",0.53
109050,"12LOYGBr0T0IqyuhEILYFh","NTO","La clé des champs","La clé des champs",59,416000,FALSE,0.526,-10.668,1,0.0506,0.00142,0.861,0.108,0.0401,120.011,4,6,"techno_experimental",0.47
109059,"1kMObCQiYe5opqybH7ZNPD","Sam Paganini;Adam Beyer;Layton Giordani","Rave (Remix)","Rave - Remix",60,239083,FALSE,0.627,-13.712,1,0.0524,0.000174,0.895,0.0981,0.266,131.007,4,6,"techno_experimental",0.32
109063,"7cEbICGWeFyBTmijsRtbjr","Ilija Djokovic","Vega / Neon","Vega",55,201290,FALSE,0.839,-8.239,1,0.0408,0.172,0.815,0.0986,0.231,123.983,4,6,"techno_experimental",0.52
109073,"3b9hajyERrBTokqFMJbxdZ","Hozho","Something Else","Something Else",45,239237,FALSE,0.864,-7.067,1,0.0428,0.00514,0.858,0.136,0.197,127.02,4,6,"techno_experimental",0.72
109079,"0evYoPRWnnQ6ACNC0LJPul","Boris Brejcha","Up Down Jumper","Up Down Jumper",59,432000,FALSE,0.652,-8.042,1,0.0434,0.000379,0.881,0.0879,0.121,124.995,4,6,"techno_experimental",0.43
109101,"62hWYjPL57rbUd5rhvI3Of","Zedd;Troye Sivan","True Colors","Papercut",50,443293,FALSE,0.92,-4.556,0,0.041,0.046,0.0058,0.357,0.242,125.997,4,6,"techno_experimental",0.49
109107,"5pK2Elt8xOENwe8xAGfASw","NTO;Monolink","Apnea","Beyond Control",51,332146,FALSE,0.619,-9.02,0,0.0376,0.00122,0.817,0.0677,0.432,124.994,4,6,"techno_experimental",0.43
109114,"2K0uZFmADV2hpSvJITvGoL","Joris Delacroix","Aiguilhe","Aiguilhe",57,289268,FALSE,0.892,-7.473,0,0.0613,0.205,0.814,0.0636,0.197,123.026,4,6,"techno_experimental",0.55
109116,"4d2Gndzn9dnmUC8jIzI9d4","Tale Of Us;Pete Tong;Jules Buckley","Time (feat. Jules Buckley)","Time - feat. Jules Buckley",55,310986,FALSE,0.834,-11.908,0,0.0381,0.00198,0.88,0.0821,0.0404,126,4,6,"techno_experimental",0.6
109131,"6cKTcheUC3OHDMI8QMKp08","Charlotte de Witte","Universal Consciousness EP","Universal Consciousness",58,400624,FALSE,0.91,-8.938,0,0.107,0.00118,0.874,0.0939,0.124,137.022,4,6,"techno_experimental",0.67
109132,"3EDMs0fBGlsk9fpfJlnmAE","Boris Brejcha","Space Diver","Take It Smart",55,437760,FALSE,0.578,-9.262,1,0.0515,0.000138,0.788,0.0922,0.0898,124.991,4,6,"techno_experimental",0.69
109140,"5Qd8V1vtbxkx7txNXtKiUW","Stephan Bodzin;Mathew Jonson","Armada Electronic Elements - ADE 2022","Tron - Mathew Jonson's Vca Dub",2,565041,FALSE,0.661,-12.998,1,0.0686,0.00216,0.834,0.0856,0.167,124.005,4,6,"techno_experimental",0.43
109144,"2io3D9sedGYZj1qZ1835XC","Oliver Schories","After:Hour Sounds, Vol. 33","Peron - Extended Mix",0,408053,FALSE,0.824,-9.124,1,0.0646,0.000107,0.922,0.0585,0.0724,123.008,4,6,"techno_experimental",0.76
109149,"53uxAeBIAeTNYvhlHH3zir","Yello","Alternative Christmas 2022","Jingle Bells - Single Version",0,177640,FALSE,0.64,-14.057,1,0.0427,0.058,0.000986,0.128,0.422,129.998,4,6,"techno_experimental",0.63
109159,"18MlLrfCkYOnKutil99GwY","NTO","Alter Ego","Alter Ego",52,444878,FALSE,0.534,-9.327,1,0.0531,0.00729,0.74,0.0682,0.271,123.003,4,6,"techno_experimental",0.42
109169,"0yuJtvXsapVOQfNDYxQ5mw","Stephan Bodzin","Powers of Ten","Singularity",50,421306,FALSE,0.486,-12.53,0,0.0493,0.0479,0.877,0.0926,0.0379,121,4,6,"techno_experimental",0.49
109170,"76lT30VRv09h5MQp5snmsb","Boris Brejcha","Lost Memory","Lost Memory",53,462719,FALSE,0.459,-11.52,1,0.0756,0.0146,0.91,0.111,0.137,124.999,3,6,"techno_experimental",0.66
109172,"2bHGHbsFmjQdmdE7hZSKr6","Stephan Jolk","Freedom","Freedom",45,240000,FALSE,0.665,-10.134,0,0.0574,0.00775,0.756,0.0811,0.0327,125.009,4,6,"techno_experimental",0.54
109196,"0Z4kAZhiliHgkMxOEtg896","Front 242","Front By Front","Headhunter V1.0",36,302640,FALSE,0.887,-8.748,1,0.0622,0.00139,0.599,0.141,0.818,123.03,4,6,"techno_experimental",0.25
109198,"0mC5LcnxUMlZ6brTHxWiVD","andhim;Hanne & Lore","Paradiso Musicale 2","Like a Wirsing - Hanne & Lore Remix",0,407441,FALSE,0.491,-9.723,1,0.0895,0.0126,0.848,0.048,0.715,126.019,4,6,"techno_experimental",0.51
109218,"6zDoJPNO6ma2VPaRhNQOKe","Worakls;Ben Böhmer;Eivør","Orchestra (Remixes)","Red Dressed - Ben Böhmer Remix",48,358587,FALSE,0.492,-9.111,0,0.0931,0.000573,0.726,0.256,0.328,123.991,4,6,"techno_experimental",0.5
109232,"5uGAsQOyfMih2F9Zk8TkYH","Charlotte de Witte","Return To Nowhere EP","Sgadi Li Mi",54,384387,FALSE,0.94,-9.784,0,0.0605,0.0597,0.932,0.106,0.0528,135.009,4,6,"techno_experimental",0.36
109244,"3PE8sxELICJTegNFMriRyM","Alignment","ROUND ONE","Devil Dance",6,332717,FALSE,0.982,-4.088,1,0.0506,3.05e-05,0.768,0.0797,0.111,140.006,4,6,"techno_experimental",0.65
109250,"17pKBF6PSmtlRxIgdTAkVn","ATB;Morten Granau","Ecstasy (Morten Granau Remix)","Ecstasy - Morten Granau Remix",51,350487,FALSE,0.851,-7.485,0,0.0418,0.321,0.502,0.228,0.548,137.991,4,6,"techno_experimental",0.76
109251,"2nEMZAY2Hoa4eZwmvvt8vP","Oliver Koletzki;HVOB","I am OK","Bones",52,295893,FALSE,0.534,-7.089,0,0.0496,0.0239,0.486,0.105,0.0395,125.026,4,6,"techno_experimental",0.46
109252,"3w5ugWaYMy17jjyUXNA7yq","A*S*Y*S;Kai Tracid","Rave the Planet: Supporter Series, Vol. 009","Rave The Planet",56,407819,FALSE,0.957,-6.026,1,0.0406,0.00947,0.835,0.125,0.0615,133.007,4,6,"techno_experimental",0.45
109259,"6HUnAzGo1zYfdX4ZW1yiZh","Tale Of Us;Kiasmos","Endless (Remixes)","Notte senza fine - Kiasmos Remix",49,388153,FALSE,0.448,-16.847,1,0.0454,0.228,0.913,0.107,0.231,120.009,4,6,"techno_experimental",0.73
109260,"4BkFVCDaobMOvm56XGdnzQ","Rafael Cerato;Liu Bei;Hidden Empire","Further EP","Further - Hidden Empire Remix",40,431803,FALSE,0.686,-11.976,1,0.0556,0.000939,0.841,0.106,0.0706,122.007,4,6,"techno_experimental",0.77
109264,"7vHTQ2jmlgJrJLG4JuXIKe","Rafael Cerato;Goom Gum","Rock It","Rock It",35,475173,FALSE,0.743,-6.241,1,0.0532,0.0012,0.308,0.0618,0.176,123.006,4,6,"techno_experimental",0.59
109277,"4b67MDtD92iU5Rsys7yWgy","NTO;Sofiane Pamart","Invisible (Piano Version)","Invisible - Piano Version",57,174893,FALSE,0.365,-15.98,0,0.0437,0.797,0.934,0.112,0.17,116.012,4,6,"techno_experimental",0.44
109293,"7CYS0ibZaJm201ZKonnqih","Enrico Sangiuliano","Sound Of Space EP","The Sound Of Space",56,498461,FALSE,0.893,-7.449,1,0.0543,0.00712,0.819,0.0802,0.159,130.009,4,6,"techno_experimental",0.69
109294,"652AiJzLh0eVawEnf4xzLc","Format:B","Solid Underground, Vol. 58","Edding 850 - Original Mix",0,436453,FALSE,0.626,-5.942,1,0.0612,0.0011,0.873,0.0561,0.379,126.01,4,6,"techno_experimental",0.64
109295,"4WNjDQ6LZJxM0nsWyfhHHg","Format:B;Pleasurekraft;Kolombo","Ibiza Techno Top 50 : 2022. 2 - the Closing","Coltrane - Kolombo Remix",0,412800,FALSE,0.682,-7.412,0,0.0739,0.0106,0.557,0.0896,0.145,125.008,4,6,"techno_experimental",0.71
109298,"4skUseiojgUaMSHoaYIvYp","Format:B;Super Flu","Paradiso Musicale 2","Gospel - Super Flu's Antichrist Remix",0,474939,FALSE,0.581,-7.486,0,0.107,3.67e-05,0.924,0.0945,0.618,125.821,4,6,"techno_experimental",0.32
109303,"4J8yNRPLsdfO1jFgt1ZM5u","Corvad","Prime","Tesla",49,326869,FALSE,0.935,-6.092,1,0.0623,0.000908,0.869,0.623,0.169,104.964,4,6,"techno_experimental",0.47
109305,"67tHNdhkC1WSQ5M7pcouc4","The Dust Brothers","Fight Club (Original Motion Picture Score)","What Is Fight Club?",40,285225,FALSE,0.156,-17.502,0,0.0361,0.00687,0.923,0.111,0.0677,96.288,4,6,"techno_experimental",0.64
109323,"2VraIbWVrzPs2YwGzjNPE3","KAS:ST;Anyma;Kevin de Vries","A Magic World (Remixes)","Outomorrow - Anyma, Kevin de Vries Remix",47,301422,FALSE,0.82,-8.343,1,0.045,0.0147,0.87,0.105,0.166,125.992,4,6,"techno_experimental",0.47
109324,"6kXLPKSZwkZgBUdIePNkZ0","Colyn;Innellea","Realm Of Consciousness Pt.V","Obnoxious Desire",41,451394,FALSE,0.485,-8.462,0,0.0555,0.193,0.893,0.0949,0.405,123.995,4,6,"techno_experimental",0.61
109327,"28LocNY32Y5Rdiv1FOT3aY","Hozho","Yin Yang","Philophobia",37,444316,FALSE,0.471,-11.041,1,0.0714,0.00574,0.772,0.162,0.231,127.01,4,6,"techno_experimental",0.62
109331,"541jLF5Yu9QIVmcY48CJhX","Boris Brejcha","22","Moondancer",50,508800,FALSE,0.481,-12.096,1,0.0656,0.0214,0.925,0.106,0.27,125.01,4,6,"techno_experimental",0.66
109335,"4qS3mEHU5ZS9etzvISnbhU","Kyoko Koizumi","渚のはいから人魚","渚のはいから人魚",31,249967,FALSE,0.905,-5.853,1,0.0745,0.014,4.85e-06,0.0735,0.763,154.866,4,6,"techno_experimental",0.61
109341,"6v7ap2rz80edbctZ75UFd6","Kyoko Koizumi","ザ・ベスト","なんてったってアイドル",32,251626,FALSE,0.97,-8.125,1,0.0751,0.11,0.000553,0.986,0.576,165.855,4,6,"techno_experimental",0.54
109347,"1WheyFsHUcBWQ33WNHcZdI","Laurent Garnier","Tsugi Club","Wake Up",1,457344,FALSE,0.952,-6.386,0,0.0515,0.0572,0.562,0.072,0.518,135.716,4,6,"techno_experimental",0.45
109349,"6YpohlI5ElexpXcBy5oPKW","Laurent Garnier","Technics : Techno","Wake Up",0,459471,FALSE,0.942,-7.741,0,0.0549,0.0709,0.772,0.0577,0.604,135.725,4,6,"techno_experimental",0.73
109354,"33hE5vpDdMZLm6J3dEMcpc","Khainz","Running High","Running High",37,381639,FALSE,0.809,-6.476,0,0.0523,7.58e-05,0.851,0.103,0.0382,121.995,4,6,"techno_experimental",0.44
109356,"3BZG1oLulq3rMZT7XsLKdU","Droplex","Psychological Attack","Psychological Attack",43,400091,FALSE,0.535,-9.103,1,0.0594,0.00183,0.857,0.0713,0.0708,126,4,6,"techno_experimental",0.77
109362,"2xXGacGwLPVdSHnCqoIfAX","Matteo Vitanza","Cosmic Error","Cosmic Error - Original Mix",30,239696,FALSE,0.832,-6.657,1,0.0313,0.00116,0.869,0.474,0.14,132.993,4,6,"techno_experimental",0.7
109367,"5gwLIRjGFf3hXuHoKEsWLg","Paul Kalkbrenner","No Goodbye","No Goodbye",63,168546,FALSE,0.584,-7.649,0,0.044,0.0955,0.341,0.147,0.626,124.996,4,6,"techno_experimental",0.29
109370,"2SetYZYntcZBRG4PnKYej8","EarthLife","India","India",45,535370,FALSE,0.56,-11.316,0,0.0564,0.31,0.926,0.0959,0.102,124.999,4,6,"techno_experimental",0.56
109376,"5l8VA4LS2FUfqavQVgaaxO","AIROD;Amelie Lens","Raver's Heart EP","Raver's heart",49,336266,FALSE,0.752,-10.233,0,0.0434,7.46e-05,0.862,0.0834,0.161,139.998,4,6,"techno_experimental",0.55
109380,"3NgAAoUZPkxL5mpvUI7Rl5","Paul Kalkbrenner","Parachute","Parachute",58,230214,FALSE,0.506,-11.08,1,0.0317,0.319,0.456,0.18,0.252,126.96,4,6,"techno_experimental",0.57
109381,"6tOyGXVcdz0JXWh3o8Sv3c","Boris Brejcha","Thunderstorm EP","Thunderstorm",48,454759,FALSE,0.641,-9.377,1,0.0787,0.00126,0.898,0.108,0.474,124.979,4,6,"techno_experimental",0.86
109396,"0fNjlceNOHc5q5oaOfmhFR","Scooter","20 Years of Hardcore (Remastered)","Shake That!",31,196480,FALSE,0.967,-5.115,1,0.079,0.000302,0.186,0.365,0.619,130.044,4,6,"techno_experimental",0.64
109398,"4KPOnAujsjHJA8rKW658kX","Extrawelt","Viaggi Astrali 2","Wasteland",0,301002,FALSE,0.853,-10.105,1,0.0562,0.0155,0.895,0.109,0.0372,128.009,4,6,"techno_experimental",0.48
109409,"2sEeRKHVONJGERCwKCW2ix","Gammer","THE DROP","THE DROP",43,232158,TRUE,0.988,-1.448,1,0.145,0.00664,0.0508,0.0935,0.0316,150.05,4,6,"techno_experimental",0.37
109415,"5WL6VbqrAs7qYsMkCvShoN","NTO","Carrousel (Short Version)","Carrousel - Short Version",48,257851,FALSE,0.429,-12.522,1,0.0437,0.0418,0.882,0.105,0.15,121.034,4,6,"techno_experimental",0.66
109428,"1XR9TxhnaRRx9cgGoqf9En","Neelix","Bang Bang","Bang Bang",54,230678,FALSE,0.71,-7.818,1,0.0479,0.0095,0.653,0.336,0.341,140.011,4,6,"techno_experimental",0.52
109434,"0uXKvyCtukUSVFfHo7YFdV","The Viper;Korsakoff","Temptation","Temptation - Original Mix",30,268279,TRUE,0.963,-3.439,1,0.0903,0.132,4.57e-06,0.379,0.38,160.068,4,6,"techno_experimental",0.23
109445,"7wWXKqpLayBT6dZkeiMSle","Moonbootica","Ibiza Techno Top 50 : 2022. 2 - the Closing","Say More",0,341670,FALSE,0.841,-7.391,0,0.0646,6.71e-05,0.564,0.0366,0.763,124.003,4,6,"techno_experimental",0.64
109450,"5H0kIgpWNZm9HF6VkU4dow","Gesaffelstein;Pharrell Williams","Hyperion","Blast Off (feat. Pharrell Williams)",42,235200,FALSE,0.498,-12.803,1,0.0522,0.241,0.027,0.0579,0.138,99.978,4,6,"techno_experimental",0.39
109452,"4035yp8Z7EyAg3yDchzxA8","Claptone;JAW","Charmer","No Eyes",59,242671,FALSE,0.388,-10.729,1,0.045,0.0869,0.0187,0.117,0.541,120.027,4,6,"techno_experimental",0.61
109454,"2V1BrpHiHIJTtzBBvjWSTH","Cosmic Gate;Diana Miro","Nothing to Hide","Nothing to Hide",48,214634,FALSE,0.723,-5.638,0,0.0501,0.00557,0.00133,0.151,0.158,122.998,4,6,"techno_experimental",0.45
109466,"2w1JSr3I1BXnTRyGskbJ45","Matador","Ramaha","Juniper",48,414193,FALSE,0.702,-7.879,0,0.0486,0.121,0.906,0.666,0.239,123.993,4,6,"techno_experimental",0.69
109470,"2g95XDCx4GqcaJPv7TTk8C","Nina Kraviz;HI-LO;Oliver Heldens","Skyscrapers (Hi-Lo Remix)","Skyscrapers - Hi-Lo Remix",52,296368,FALSE,0.828,-6.361,1,0.042,0.0688,0.771,0.0883,0.354,132.011,4,6,"techno_experimental",0.59
109488,"2zI4py4xY6v4vIrAlR6GtP","Paul van Dyk","For An Angel","For An Angel - PVD Angel In Heaven Radio Edit",58,233243,FALSE,0.982,-7.979,0,0.0331,0.0437,0.849,0.887,0.591,138.223,4,6,"techno_experimental",0.4
109512,"4soqeHQWIAc0yGI4bv7IXi","Zimmz","Pragmatic","Pragmatic",39,443149,FALSE,0.921,-6.985,0,0.0511,0.000687,0.874,0.0883,0.159,126.998,4,6,"techno_experimental",0.71
109517,"2anaZDYYe3O3sEJjXYDVFb","NTO","The Hound","The Hound - Short Version",48,277000,FALSE,0.551,-11.398,1,0.0401,0.0078,0.812,0.17,0.0437,120.007,4,6,"techno_experimental",0.46
109518,"6Cd9pHn7H1nU5ZXO21kgqS","David Temessi;Stephen Advance","Fuckin Clown Stephen Advance 2012 Remix","Fuckin Clown - Stephen Advance 2012 Remix",22,375014,FALSE,0.838,-6.166,1,0.0764,0.00692,0.81,0.0851,0.185,128.03,4,6,"techno_experimental",0.48
109520,"0Pxo3J0alsDbf6bZTJ4cHR","Agoria;Blasé","Drift","You’re Not Alone",53,169041,FALSE,0.743,-5.507,0,0.0353,0.000291,0.417,0.396,0.436,108.019,4,6,"techno_experimental",0.44
109541,"4uarTKOJ0n8NLBANPvfhRE","Seiko Matsuda","ユートピア","ハートをRock",30,285973,FALSE,0.785,-6.161,1,0.19,0.334,0.00174,0.196,0.301,201.643,4,6,"techno_experimental",0.67
109551,"05bUAkDRK3xzvVkZlGU6ee","Duke Dumont;Ebenezer","Inhale","Inhale",54,190730,FALSE,0.814,-4.393,1,0.0646,0.0281,0,0.064,0.476,118.048,4,6,"techno_experimental",0.48
109567,"5CI4uc5U66KH9g4nklN2JO","Oxia","Domino Remixes","Domino - Rework Edit",50,222416,FALSE,0.855,-9.101,0,0.0435,0.0017,0.921,0.076,0.123,126.034,4,6,"techno_experimental",0.6
109577,"1W8uXzcf0k3pFDnwqAiDY2","Seiko Matsuda","Diamond Bible","レモネードの夏",29,221053,FALSE,0.658,-8.659,1,0.0318,0.359,1.66e-05,0.178,0.708,136.62,4,6,"techno_experimental",0.43
109588,"2CEoa8yJjrG3xK2XXBcR5g","Akina Nakamori","コンプリート・シングル・コレクションズ〜ファースト・テン・イヤーズ<ライノ・プレミアム・エディション>","赤い鳥逃げた",29,308053,FALSE,0.885,-8.293,0,0.0457,0.026,0.00275,0.311,0.57,107.014,4,6,"techno_experimental",0.63
109591,"7BzXLdfRtVnl0LA8cz4BSE","NRG","Afrikaans se Goue Sterre","Mayday",27,216426,FALSE,0.767,-5.515,1,0.0341,0.0221,0,0.105,0.787,144.984,4,6,"techno_experimental",0.81
109603,"2kZf795HRKht0kpkoQcgSi","Stephan Bodzin;Ben Böhmer","Lll (Ben Böhmer Remix)","Lll - Ben Böhmer Remix",35,392404,FALSE,0.681,-11.716,0,0.0365,0.33,0.862,0.108,0.25,124.002,4,6,"techno_experimental",0.6
109613,"7pgFHs8K5OgB9PGDY3sysE","Paul Kalkbrenner","7","Feed Your Head",60,346240,FALSE,0.339,-14.317,1,0.0555,0.166,0.809,0.11,0.266,125.993,4,6,"techno_experimental",0.43
109634,"6BA2JM59JObFjHNvLK2KOg","Boris Brejcha","Feuerfalter Special Edition","Purple Noise",49,539520,FALSE,0.477,-10.947,1,0.0732,0.00143,0.627,0.0922,0.209,125.017,4,6,"techno_experimental",0.58
109638,"0vDY6w6OuIj1oSPAWWZM16","Tiger Stripes","Nocturnes","Nocturne",42,240888,FALSE,0.837,-7.415,1,0.0287,0.000329,0.649,0.166,0.0358,134.99,4,6,"techno_experimental",0.71
109658,"4lYBePQ9GrpuOmNB3QhSmm","Denki Groove","Man Human","MAN HUMAN(DEVILMAN crybaby Ver.)",44,255026,FALSE,0.974,-4.701,1,0.0715,2.78e-05,0.905,0.0559,0.78,133.325,4,6,"techno_experimental",0.42
109681,"5SpkQpc9OyY4Tuzd7fgpXU","The Prodigy;RZA;René LaVice","Fast & Furious 9: The Fast Saga (Original Motion Picture Soundtrack)","Breathe (feat. RZA) [Liam H and Rene LaVice Re-Amp]",34,149233,FALSE,0.954,-1.866,0,0.128,0.0519,0.000667,0.22,0.332,141.911,4,6,"techno_experimental",0.64
109682,"2W5TiNWmvk0bGqgtaQOma1","Matt Sassari","Put A Record On","Put A Record On",56,188160,FALSE,0.925,-5.842,1,0.0479,0.00448,0.14,0.113,0.75,125.016,4,6,"techno_experimental",0.58
109694,"11ju5h0xQWaTfAVQn8rAgV","The Disco Boys","Hey St. Peter","Hey St. Peter (Radio Edit)",26,204026,FALSE,0.858,-6.463,0,0.0647,0.0156,2.98e-05,0.306,0.695,129.978,4,6,"techno_experimental",0.61
109701,"0ywzvARVqoxQOJpaswRe9E","Zedd;Katy Perry","365 (Remixes)","365 - Zedd Remix",46,236286,FALSE,0.595,-6.816,1,0.0413,0.00476,0.00727,0.059,0.183,124.019,4,6,"techno_experimental",0.72
109706,"2zDCZ8jY4kjuUZbVROHaZj","Adam Beyer;Bart Skils","Your Mind (Radio Edit)","Your Mind - Radio Edit",49,285857,FALSE,0.857,-7.946,0,0.0565,0.00262,0.165,0.215,0.111,126.032,4,6,"techno_experimental",0.44
109725,"3xv8dKKfN1WjhGnsFhn9TC","Boris Brejcha","Vodka & Orange EP","Vodka & Orange",45,439680,FALSE,0.732,-11.881,1,0.0699,0.00015,0.855,0.109,0.313,124.983,4,6,"techno_experimental",0.32
109738,"3wWYsyw0dpPXYe6I2lAWea","Nosferatu","Demonic Playgrounds","Comforting Evil",27,196752,FALSE,0.972,-0.907,1,0.138,0.137,0,0.314,0.107,97.537,4,6,"techno_experimental",0.71
109742,"3lTBbuXB1RdiWS8AA0O4Fh","Paul Elstak","b2s Presents Paul Elstak","Push Em Up",26,169978,FALSE,0.886,-4.52,1,0.0644,0.109,0.571,0.16,0.0548,149.918,4,6,"techno_experimental",0.71
109748,"5p6xL3c8dZF4uZiXrhSl99","FPI Project","FPI Project - The Best Of (Kings Of Italo Disco)","Everybody (All Over The World) - Dance Version",28,313813,FALSE,0.842,-8.897,1,0.0567,0.0345,0.176,0.0488,0.788,121.974,4,6,"techno_experimental",0.22
109756,"1aMx7DSnmskWd55cIYcca5","Khen","Yellow / Jasmine","Yellow",34,227292,FALSE,0.867,-9.194,1,0.0492,0.00435,0.852,0.0562,0.657,121.997,4,6,"techno_experimental",0.46
109769,"4JMLy3KC7UYJTGVNwdYnhL","Louis & Clark","Liquid Code","Liquid Code",44,444813,FALSE,0.657,-8.739,1,0.0795,0.131,0.92,0.0912,0.248,122.016,4,6,"techno_experimental",0.51
109781,"7MiYNyj5si5yiWyeSkgzqB","Joachim Pastor;Worakls","Hungry Music Remix, Vol. 1","Joda - Worakls Remix",50,338086,FALSE,0.678,-11.225,0,0.0323,0.0399,0.849,0.129,0.13,115.01,4,6,"techno_experimental",0.44
109782,"0axnhwSiZbfnSSpTHss0W8","Seiko Matsuda","風立ちぬ","一千一秒物語",27,262186,FALSE,0.704,-5.936,1,0.0271,0.274,0,0.203,0.619,123.154,4,6,"techno_experimental",0.77
109785,"7uW6Rfo8t381qTJKcrenNM","Kyoko Koizumi","Celebration","迷宮のアンドローラ",26,207554,FALSE,0.859,-5.066,0,0.0387,0.0773,0.364,0.058,0.752,147.78,4,6,"techno_experimental",0.58
109789,"5BUEPIEXU0KupMQRwCUwPi","Boris Brejcha","Space Diver","The Troublemakerz",45,458880,FALSE,0.612,-8.926,1,0.0614,5.8e-05,0.878,0.107,0.266,125,4,6,"techno_experimental",0.47
109795,"2gtWTDbAq2i2oqs0ldX7bn","Booka Shade","Movements","In White Rooms",53,326834,FALSE,0.64,-9.428,0,0.0637,0.000701,0.801,0.277,0.0938,125.008,4,6,"techno_experimental",0.56
109818,"0LyfNbnOzyPNc8QG8UBkmp","Neelix;Omiki","See The Light","See The Light",49,224347,FALSE,0.87,-6.008,0,0.0566,0.0116,0.0374,0.223,0.23,137.979,4,6,"techno_experimental",0.54
109820,"53XCa30Ua1FGl4VeAyCENK","Nils Hoffmann","Tarcu","Tarcu",47,238537,FALSE,0.66,-13.021,1,0.0482,0.0955,0.798,0.13,0.0426,123.015,4,6,"techno_experimental",0.61
109850,"3GxMx1prXOVtaheDSXWcD7","Vilas Monnappa","Illuzion","Illuzion",13,306468,FALSE,0.767,-9.192,0,0.0528,0.00178,0.759,0.1,0.131,126.006,3,6,"techno_experimental",0.67
109852,"4szHVkwccA5hCKk3GA0Tle","Woo York","Unity Pt. 3","Brutalism",39,387619,FALSE,0.827,-8.529,1,0.0459,0.0185,0.881,0.123,0.0373,123.982,4,6,"techno_experimental",0.37
109863,"7bJIb0bPGNHq1RqO2ofA8v","Oliver Schories","Trife","Trife",47,224516,FALSE,0.823,-8.003,1,0.0438,0.00295,0.906,0.0965,0.428,123.998,4,6,"techno_experimental",0.83
109870,"3q7eDGLKP0MlhqaGEJ3Lg0","Cascada;Fallen Superhero","Everytime We Touch (Fallen Superhero Remix)","Everytime We Touch - Fallen Superhero Remix",53,218587,FALSE,0.971,0.006,0,0.169,0.0641,3.56e-06,0.338,0.487,150.089,4,6,"techno_experimental",0.69
109879,"46eQd5lIICFLG46D1Y6YAr","Talla 2XLC","Avalon","Avalon",39,227826,FALSE,0.986,-5.285,0,0.0738,0.000121,0.558,0.44,0.0752,138.022,4,6,"techno_experimental",0.61
109888,"2p6LQRALG9o3qKq8gOWX9f","Paul Kalkbrenner","Berlin Calling (The Soundtrack by Paul Kalkbrenner)","Aaron",59,353813,FALSE,0.387,-12.039,0,0.279,0.0755,0.861,0.0818,0.133,111.98,4,6,"techno_experimental",0.69
109892,"2BDC0Tgu6x812J4qq5ddR3","The Sickest Squad;Andy the Core","Fake Drop","Fake Drop",26,142200,FALSE,0.834,-4.962,0,0.234,0.00282,0.295,0.0712,0.139,200.014,4,6,"techno_experimental",0.56
109894,"1AfCr2crYk0KtVxUqDbhDX","Scooter","The Sound Above My Hair","The Sound Above My Hair - Radio Edit",25,215547,FALSE,0.98,-6.058,1,0.0839,0.000321,0.0234,0.905,0.332,147.953,4,6,"techno_experimental",0.54
109897,"0OpsdOxCH5frtDmBNRQDEF","Scooter","The Stadium Techno Experience (20 Years of Hardcore Expanded Editon)","The Logical Song - Radio Edit [Remastered]",62,234055,FALSE,0.938,-6.244,0,0.0377,0.00103,0.103,0.472,0.501,144.006,4,6,"techno_experimental",0.54
109899,"4q3PSUb7HxCrXvXutLiv2p","Scooter","Jumping All Over the World (20 Years of Hardcore Expanded Edition) [Remastered]","I'm Lonely - Remastered",26,211600,FALSE,0.903,-3.89,1,0.0374,0.0135,0.544,0.287,0.179,143.051,4,6,"techno_experimental",0.49
109909,"1E8hMeQvfgvQPjN3BZ2viF","Mr. Fingers","Amnesia","Mystery of Love",47,430576,FALSE,0.686,-10.476,1,0.0461,0.0681,0.91,0.111,0.565,114.07,4,6,"techno_experimental",0.4
109914,"2lAC83w4MoLCgzq8G5RFPF","Amelie Lens;FJAAK","Higher EP","Higher - FJAAK Remix",44,303605,FALSE,0.749,-9.437,1,0.054,0.00708,0.906,0.111,0.0446,135.986,4,6,"techno_experimental",0.4
109934,"7C0PzxbsQx59DgGVRsquwJ","The Prodigy;Pendulum","Their Law The Singles 1990 - 2005","Voodoo People - Pendulum Mix",55,307813,FALSE,0.96,-5.481,1,0.0661,0.000127,0.875,0.194,0.533,174.011,4,6,"techno_experimental",0.47
109941,"3NLHqeIoy2AK2dTxKiG4SE","Korsakoff","Stiletto","Come To Me",25,329256,FALSE,0.792,-7.37,0,0.0613,0.382,0.0403,0.0876,0.105,167.08,4,6,"techno_experimental",0.55
109945,"2MFNZVJx375nOfIVoFTsf3","Re-Style;Bass-D","Keep Freakin'","Keep Freakin' - Radio Edit",25,245714,FALSE,0.86,-4.781,1,0.0432,0.00949,0.00269,0.34,0.143,167.979,4,6,"techno_experimental",0.46
109951,"3Gwq0zKnMWluOEPKh93BeC","Zedd;Ryan Tedder","Clarity","Lost At Sea",49,225840,FALSE,0.796,-3.534,1,0.0364,0.0247,0,0.124,0.305,127.983,4,6,"techno_experimental",0.54
109955,"6Uv0QLfMnAteF6KT0Fltbn","Rosa Anschütz;Kobosil","Rr4","Rigid - Kobosil 44 Rush Mix",58,412920,FALSE,0.917,-5.925,1,0.151,0.00086,0.625,0.108,0.27,134.996,4,6,"techno_experimental",0.54
109980,"5e0cpLRbShZxK2w3LOR5Zb","Amelie Lens","Little Robot EP","Little Robot",32,363880,FALSE,0.867,-8.57,0,0.0559,0.000156,0.834,0.0847,0.033,131.985,4,6,"techno_experimental",0.57
109981,"5DCSxks4JKj8KaEss9ayY4","NTO;Joris Delacroix;Joachim Pastor;French 79;Romain Garcia;Stereoclip","Seasons (Remix)","Seasons - Joachim Pastor, Joris Delacroix, Romain Garcia, Stereoclip Remix",44,308466,FALSE,0.742,-12.131,0,0.0511,0.11,0.89,0.0909,0.0322,123.009,4,6,"techno_experimental",0.42
109986,"515BPozxiMm95vvsA6V6En","Seiko Matsuda","SEIKO STORY〜80's HITS COLLECTION〜","夏の扉",25,212346,FALSE,0.879,-5.397,0,0.0409,0.122,2.55e-05,0.251,0.796,155.022,4,6,"techno_experimental",0.53
109991,"74D1dmMEX6tAsspSMQQldK","Anja Schneider","Twisty","Free Fall",42,416931,FALSE,0.734,-9.163,0,0.0609,0.0561,0.869,0.107,0.152,125,4,6,"techno_experimental",0.6
109996,"2MgcPgxFvAlJCVITsEghCI","Ruffneck;Yavahn;Sharam Jey;Kolombo","Everybody Be Somebody: All The Classics And...","Everybody Be Somebody - Sharam Jey, Kolombo Remix",24,252524,FALSE,0.511,-6.677,0,0.0474,0.204,0.0445,0.139,0.587,122.169,4,6,"techno_experimental",0.62
110002,"5ialmmuwylzm1xDwHlxpCg","Blastoyz;Sajanka;Liora Itzhak","Indian Spirit","Indian Spirit",48,365714,FALSE,0.938,-4.846,0,0.0639,0.00656,0.464,0.103,0.318,147.039,4,11,"breakbeat_trance",0.62
110024,"1AKp9qHetnBliEwP9oMiFY","Tiësto","Workout by the Fitness Marshall","The Business",0,164000,FALSE,0.62,-7.079,0,0.232,0.414,0.0192,0.112,0.235,120.031,4,11,"breakbeat_trance",0.74
110040,"7CQ85NHNXA7HRAJVAfSC41","Tiësto;Charli XCX","Objectif Running : Dance","Hot in It",0,129817,FALSE,0.841,-5.08,1,0.177,0.00445,1.33e-06,0.0413,0.717,123.045,4,11,"breakbeat_trance",0.66
110043,"0yLkV9faqUbeejohPNxa8a","Tiësto;KAROL G","Objectif Running : Dance","Don't Be Shy",0,140500,TRUE,0.787,-3.748,0,0.0583,0.198,0,0.262,0.513,119.986,4,11,"breakbeat_trance",0.62
110045,"5odOSnLe89YWZ198e9SJ8O","Tiësto;Charli XCX","Your Perfect Soundtrack","Hot in It",0,129817,FALSE,0.841,-5.08,1,0.177,0.00445,1.33e-06,0.0413,0.717,123.045,4,11,"breakbeat_trance",0.59
110056,"5T4lERmPqhO2ukZoGJ5sSr","KVSH;Schillist","Sicko Drop","Sicko Drop",69,147976,FALSE,0.713,-5.487,1,0.0851,0.0276,0.76,0.0961,0.298,123.983,4,11,"breakbeat_trance",0.57
110061,"3oMMc8zlJUqQjSgIWPqvKR","Sajanka;Barsha","Global Tribes","Purple Control",43,415016,FALSE,0.942,-6.441,0,0.0877,0.213,0.811,0.114,0.369,150.006,4,11,"breakbeat_trance",0.57
110066,"3WH4RxZ2nbkt57INuyE2eN","Sajanka","Time of India","Mystical Electric",41,430793,FALSE,0.871,-5.766,1,0.0949,0.00632,0.802,0.716,0.244,148.001,4,11,"breakbeat_trance",0.32
110072,"5VIZnHRkpfZB9f4KoKomBx","Armin van Buuren;Simon Ward","Hey (I Miss You)","Hey (I Miss You)",61,199522,FALSE,0.88,-3.717,1,0.0355,0.000376,0.000966,0.046,0.43,120.044,4,11,"breakbeat_trance",0.48
110085,"16UQJHO164ZQ8W2y7O7Gp5","ALPHA 9;Scorz;Tom Bailey","ASOT 1090 - A State Of Trance Episode 1090","Calling (ASOT 1090)",42,234729,FALSE,0.888,-7.863,0,0.0536,0.000298,0.0842,0.119,0.05,126.03,4,11,"breakbeat_trance",0.63
110090,"76EvbfwH5r8BHkukcFxd0N","Andy Moor;GXD","ASOT 1090 - A State Of Trance Episode 1090","Resurrection (ASOT 1090) - GXD Remix",37,176074,FALSE,0.92,-8.341,0,0.0368,0.000182,0.802,0.105,0.187,134.98,4,11,"breakbeat_trance",0.33
110093,"6OLIEGHsA4WMbedcjY3Ncr","David Forbes","ASOT 1090 - A State Of Trance Episode 1090","Threshold (ASOT 1090)",41,124530,FALSE,0.94,-7.879,0,0.0488,1.75e-05,0.755,0.175,0.565,133.982,4,11,"breakbeat_trance",0.6
110097,"53KAjgxWKEqw7nOufSKRQf","Robert Nickson","ASOT 1090 - A State Of Trance Episode 1090","Rocket Surgery (ASOT 1090)",41,171190,FALSE,0.936,-8.562,1,0.0428,0.000138,0.866,0.125,0.0803,133.949,4,11,"breakbeat_trance",0.77
110106,"3l1cyMgi27bv1KIP10cqOW","Armin van Buuren;Scott Abbot","Feel Again, Pt. 2","I'm Sorry",7,190384,FALSE,0.919,-6.179,0,0.0485,0.0329,0.000216,0.138,0.218,130.017,4,11,"breakbeat_trance",0.56
110107,"2WEVh0TBS8P38BvjBh8Wem","Armin van Buuren;Diane Warren;My Marianne","Hey (I Miss You)","Live On Love",36,171733,FALSE,0.76,-6.331,0,0.062,0.0382,1.11e-05,0.119,0.548,122.895,4,11,"breakbeat_trance",0.52
110123,"3GmVvoNGooqTx3fV2H1rjU","Armin van Buuren","ASOT 1090 - A State Of Trance Episode 1090","A State Of Trance (ASOT 1090) - Outro",33,36170,FALSE,0.829,-9.952,1,0.509,0.0973,0,0.287,0.555,72.434,3,11,"breakbeat_trance",0.12
110140,"2Roub2Oj45R0903dCNZ1eh","Armin van Buuren","ASOT 1090 - A State Of Trance Episode 1090","A State Of Trance (ASOT 1090) - Track Recap, Pt. 3",37,32250,FALSE,0.671,-7.216,0,0.338,0.0298,0,0.726,0.614,125.405,3,11,"breakbeat_trance",0.67
110143,"2YYVPeCDpnCKo7mMnY4T4m","Armin van Buuren","ASOT 1090 - A State Of Trance Episode 1090","I Live For That Energy (ASOT 800 Anthem) [ASOT 1090] [Service For Dreamers]",39,161740,FALSE,0.841,-8.6,0,0.0403,0.00169,0.00909,0.176,0.528,131.981,4,11,"breakbeat_trance",0.67
110152,"0SZPXD0uEl72YjUVY2K3E9","Tiësto;Ty Dolla $ign","The Business, Pt. II","The Business, Pt. II",63,164267,FALSE,0.747,-6.567,0,0.0971,0.138,0,0.129,0.326,120.073,4,11,"breakbeat_trance",0.73
110167,"0NIC4unbe5KZOp1d9T7OaF","Tiësto;KSHMR;VASSY","Club Life, Vol. 4 - New York City","Secrets",65,250946,FALSE,0.812,-7.585,0,0.0414,0.000329,0.0369,0.0857,0.122,128.178,4,11,"breakbeat_trance",0.85
110183,"2HXX7sAKE71YbJ5Wysju9e","Armin van Buuren;Blasterjaxx;24h","Superman","Superman",61,204250,FALSE,0.884,-6.25,0,0.126,0.0115,6.92e-05,0.805,0.436,103.501,3,11,"breakbeat_trance",0.67
110203,"3OkIj3tNADPToDwtdUuBDe","Mandragora","AK-47","AK-47",45,235039,FALSE,0.51,-6.796,0,0.149,0.0224,0.707,0.049,0.209,159.841,4,11,"breakbeat_trance",0.49
110221,"75REiWoSiU04TL1l8EnFS0","Pondora;Skazi;Shanti People","Deva Mahadeva","Deva Mahadeva",34,337342,FALSE,0.899,-4.081,1,0.0393,0.000876,0.00587,0.0789,0.377,142.975,4,11,"breakbeat_trance",0.44
110222,"1DZCUAimghmegaMeFG617V","Vegas (Brazil)","Caixa Magica","Elipsy",48,402110,FALSE,0.832,-7.476,1,0.0823,0.00136,0.74,0.582,0.0329,137.999,4,11,"breakbeat_trance",0.65
110225,"4s4odJtCP8YlXssj1VYrp6","Andrew Rayel;Sam Gray","Wild Feelings","Wild Feelings",57,161634,FALSE,0.894,-4.765,1,0.0331,0.0181,1.05e-05,0.306,0.475,122.031,4,11,"breakbeat_trance",0.57
110239,"3ADl2kvyEaYmL2jMrHgIot","Armin van Buuren;R3HAB;Simon Ward","Feel Again, Pt. 1","Love We Lost (with R3HAB)",56,136000,FALSE,0.783,-6.162,1,0.0501,0.045,0,0.0628,0.311,119.995,4,11,"breakbeat_trance",0.41
110241,"2bcYHFk3XWcPnDXYY3tdJX","Nadia Ali","Queen of Clubs Trilogy: Onyx Edition","Rapture - Avicii New Generation Mix",55,221543,FALSE,0.934,-4.072,0,0.0355,0.0185,0.21,0.275,0.385,130.008,4,11,"breakbeat_trance",0.47
110258,"3GKN5PYjlS7baPtrbdLtev","Ranji;Ghost Rider;Berg","Lay Me Down","Lay Me Down",54,210652,FALSE,0.68,-7.685,0,0.0808,0.199,0.184,0.243,0.127,138.079,4,11,"breakbeat_trance",0.22
110264,"3MhymzaFcj7bXVJzB0ZJb8","W&W;Timmy Trumpet;Will Sparks;Sequenza","Tricky Tricky","Tricky Tricky",56,162302,FALSE,0.962,-3.311,1,0.302,0.0146,0.53,0.297,0.0919,139.051,4,11,"breakbeat_trance",0.45
110274,"3FZJvSZFHmCk4gASYCHixf","Berg","Tantra","Tantra",40,327428,FALSE,0.894,-6.71,1,0.0603,0.00436,0.21,0.337,0.197,140.023,4,11,"breakbeat_trance",0.69
110292,"5pr0RW6itk3yEfJHkg4DIF","Armin van Buuren;Billen Ted;JC Stewart","Feel Again, Pt. 1","Come Around Again",62,169108,FALSE,0.912,-3.878,0,0.0766,0.0366,0,0.0752,0.426,123.946,4,11,"breakbeat_trance",0.47
110293,"6FzjJPwf5JzzFOei7h6Qrp","Armin van Buuren;Vini Vici;Hilight Tribe","The Best Of Armin Only","Great Spirit",56,215773,FALSE,0.911,-7.975,1,0.0661,0.00609,0.0123,0.223,0.211,103.517,3,11,"breakbeat_trance",0.56
110294,"6NNpXXkpPDZKxdavZbVhwJ","Tiësto;Ava Max","The Motto (Tiësto’s VIP Mix)","The Motto - Tiësto’s VIP Mix",63,206160,FALSE,0.922,-2.936,0,0.0421,0.00956,0.00215,0.0626,0.266,125.004,4,11,"breakbeat_trance",0.41
110296,"1mQxwuR5fKytJ1N32I5xj1","Giuseppe Ottaviani;Sarah de Warren","Black Hole House Music 10-22","Melody - Extended Mix",0,433508,FALSE,0.665,-9.755,0,0.0422,0.00052,0.267,0.0805,0.324,124.992,4,11,"breakbeat_trance",0.64
110302,"3enau2GRU6Bfvo4H4zdDig","Ranji;Omiki;AViVA","Psycho","Psycho - Remix",49,284678,FALSE,0.88,-6.054,0,0.0602,0.0346,0.295,0.324,0.155,140.058,4,11,"breakbeat_trance",0.85
110309,"10EpXLXKHmNSVKvX7A5hg8","Tritonal;Angel Taylor;Koven","Getaway (Remixes)","Getaway - Koven Remix",61,203720,FALSE,0.914,-2.875,0,0.223,0.00415,0,0.158,0.222,172.187,4,11,"breakbeat_trance",0.45
110314,"0NRihvQ9nO5evfhSFilEJE","Reality Test;Shanti People","Shiva Bhole","Shiva Bhole",29,330652,FALSE,0.888,-5.844,0,0.0543,0.00537,0.541,0.161,0.0617,138.095,4,11,"breakbeat_trance",0.65
110315,"5r69A87KyL53dnEsT8GUNC","Blastoyz;Ranji","Blastoyz + Friends vol.2","Zoom",41,401142,FALSE,0.928,-5.927,1,0.102,0.00867,0.759,0.48,0.301,139.982,4,11,"breakbeat_trance",0.69
110326,"5Xw7riSdSL7mWmxXZCBZrM","Mad Maxx;Shivadelic","Shivadelics","Ganesha Namah - Original Mix",33,561126,FALSE,0.941,-6.592,1,0.0422,3.45e-05,0.729,0.142,0.0831,142.012,4,11,"breakbeat_trance",0.25
110334,"5ur1ROwagj4u672Hq3QAol","Shogun","Trance Top 1000 (Mini Mix 001) - Armada Music","Skyfire (Mixed)",57,101831,FALSE,0.938,-6.592,0,0.195,0.3,0.39,0.678,0.17,132.052,4,11,"breakbeat_trance",0.65
110371,"4et8IPRZc7pY3tND8NjSGy","Scorz","Because Of You / Orpheus","Because Of You",52,189697,FALSE,0.937,-7.037,0,0.0392,0.00182,0.844,0.214,0.0888,124.004,4,11,"breakbeat_trance",0.61
110389,"55Y4oE6oE6XBT2e71vK2yA","Armin van Buuren;Billen Ted;JC Stewart","Come Around Again","Come Around Again",64,169108,FALSE,0.912,-3.878,0,0.0766,0.0366,0,0.0752,0.426,123.946,4,11,"breakbeat_trance",0.09
110410,"3KFei4ncqdevg1vZaAZgIL","Armin van Buuren;Nicky Romero;Ifimay","I Need You To Know","I Need You To Know",47,180000,FALSE,0.739,-5.341,0,0.0494,0.0221,0,0.561,0.156,127.62,4,11,"breakbeat_trance",0.21
110415,"3NQ2JBHK5OAzblu8z5KUVj","Ferry Corsten;Morgan Page;Cara Melín","Wounded","Wounded",58,191718,FALSE,0.731,-5.193,0,0.0556,0.0148,0.00022,0.249,0.541,125.034,4,11,"breakbeat_trance",0.08
110421,"7KvKyP3l4lYjB0VVrOsEPr","Asia 2001;Goa Gil","Amnesia","Vertige - Goa Gil Burning Man Mix",32,550066,FALSE,0.973,-9.568,1,0.0447,0.000975,0.719,0.367,0.182,146.027,4,11,"breakbeat_trance",0.67
110449,"2gG1YLJfNnuPW8AYNUsaM4","The Browning","Release Your ANGER","Final Breath",0,217371,FALSE,0.946,-4.628,1,0.0988,0.00243,0.00444,0.168,0.171,175.02,4,11,"breakbeat_trance",0.47
110478,"4lFVJRzXwMf3GsNtu8uAUO","Avancada;Darius & Finlay","A State Of Trance Episode 830","Xplode (ASOT 830)",64,87269,FALSE,0.743,-11.588,0,0.028,0.000384,0.615,0.213,0.496,131.922,4,11,"breakbeat_trance",0.68
110482,"2zMVqPvaiazxp7q66PAeXl","Above & Beyond;Zoë Johnston;A.M.R","10 Years of Group Therapy (Part 2)","Love Is Not Enough - A.M.R Remix",28,297699,FALSE,0.745,-10.242,1,0.0477,0.0732,0.269,0.0776,0.042,118.953,4,11,"breakbeat_trance",0.58
110483,"1ltZgsLlfxgtNh5U74JPu3","Above & Beyond","Journey To ABGT500 pt.2","Group Therapy (Messages Pt. 9) [ABGT499D3]",29,48695,FALSE,0.917,-6.56,1,0.215,0.068,0.000216,0.683,0.74,138.065,3,11,"breakbeat_trance",0.55
110493,"0fA91AADBhhpqq4NhEUGAL","Above & Beyond","Journey To ABGT500 pt.2","Group Therapy (Messages Pt. 6) [ABGT499D3]",32,65625,FALSE,0.742,-6.492,0,0.38,0.121,0,0.0886,0.813,125.558,3,11,"breakbeat_trance",0.8
110499,"79UzNKpci0X3L44t9vZIbD","Roger Shah;Adrina Thorpe;Yelow","Black Hole Trance Music 10-22","Skyline - Roger Shah & Yelow Extended Retouch",0,473043,FALSE,0.987,-5.788,0,0.0457,0.0143,0.794,0.406,0.5,138.012,4,11,"breakbeat_trance",0.52
110507,"3g36KmRGI8hmnCcTFak4Wn","Tiësto;Lucas & Steve","Oohla Oohla","Oohla Oohla",56,143280,FALSE,0.856,-4.937,0,0.222,0.00198,0.000189,0.67,0.486,124.923,4,11,"breakbeat_trance",0.29
110512,"2L7qzGqRIWrLw2YDdB6azz","Shpongle;The Lost Secret Door;Astrix;Loud","Divine Moments of Truth (Astrix, Loud & The Lost Secret Door Remix)","Divine Moments of Truth - Astrix, Loud & The Lost Secret Door Remix",35,600410,FALSE,0.766,-6.856,0,0.0564,0.0194,0.433,0.366,0.0386,140.008,4,11,"breakbeat_trance",0.43
110515,"7wS1QmUNph8AQFeWj22ufC","Ghost Rider;Ranji;Major7","Vicious Game","Vicious Game",48,235071,FALSE,0.652,-8.078,0,0.0572,0.0866,0.539,0.163,0.138,140.047,4,11,"breakbeat_trance",0.23
110530,"2zpIU1OroZ3mUzrnYqoLBa","Cosmic Gate;Diana Miro","Hear Me Out","Hear Me Out",49,279555,FALSE,0.894,-5.214,0,0.0378,0.00685,0.226,0.156,0.134,122.97,4,11,"breakbeat_trance",0.3
110531,"6imZUICpik2ZVecP0MO3aF","Durs;Jacob","All Gone","All Gone",42,229436,FALSE,0.611,-6.137,0,0.0644,0.0515,0.274,0.338,0.299,141.997,4,11,"breakbeat_trance",0.14
110537,"0Tla25Sdpmhty2PGc0Ulcj","BT;Au5;Mangal Suvarnan;Aneesh Gera","The Light Is Always On (Aneesh Gera Remix)","The Light Is Always On - Aneesh Gera Remix",20,279323,FALSE,0.746,-7.697,1,0.0392,0.0972,0.0497,0.391,0.177,122.011,4,11,"breakbeat_trance",0.39
110540,"15Gx9EfVLZ4lx5dzWEFair","Mat Zo;Eyes That Lie","Journey To ABGT500 pt.2","Hurricane (ABGT499D3)",34,271600,FALSE,0.812,-8.17,1,0.0455,0.000132,0.159,0.308,0.2,129.909,4,11,"breakbeat_trance",0.81
110564,"0V6GWgubCBR8955ZWtJ4WR","Push;Joyhauser","Choir Of Spirits","Choir Of Spirits",56,405439,FALSE,0.701,-9.663,1,0.0445,0.000809,0.865,0.119,0.187,134.999,4,11,"breakbeat_trance",0.49
110569,"4MLKuT1DWWFsLfqoCOZzNg","Tiësto;220 KID","The Business (220 KID Remix)","The Business - 220 KID Remix",48,199024,FALSE,0.743,-7.843,0,0.0403,0.234,0.0296,0.043,0.538,123.021,4,11,"breakbeat_trance",0.23
110582,"3reyHrjQqNBv35CBKKfX2s","Vini Vici;Diego Miranda;Chimo Bayo","Esta Si","Esta Si",51,155217,FALSE,0.966,-5.769,1,0.16,0.0242,0.108,0.268,0.0941,138.051,4,11,"breakbeat_trance",0.35
110595,"1gSP99RzH5yZ2FKZXwpMKs","Ace Ventura;Vertical Mode;Ticon","Set: 38","Deep Breath - Ticon remix",5,511285,FALSE,0.921,-6.974,1,0.0602,0.000705,0.71,0.669,0.111,139.998,4,11,"breakbeat_trance",0.72
110606,"12tw0TYIJMf1bowLBYWqTp","Dead by April","Worlds Collide","Perfect The Way You Are",47,224800,FALSE,0.849,-4.007,1,0.0434,0.0103,0.00864,0.329,0.257,134.913,4,11,"breakbeat_trance",0.7
110622,"3OmhzPRlGZIFrNlGWPU6jS","Berg;Skazi","Aurora","Power of God",25,397681,FALSE,0.736,-7.635,1,0.0604,0.0155,0.724,0.0978,0.0772,139.999,4,11,"breakbeat_trance",0.62
110624,"1he0nibCzlDvB96EoJbbIZ","Sander van Doorn;Blondfire","Golden (feat. Blondfire)","Golden (feat. Blondfire)",49,209016,FALSE,0.772,-5.971,1,0.0657,0.0687,0.0227,0.151,0.61,121.994,4,11,"breakbeat_trance",0.45
110640,"6QoVPPIRdkiNCVcCUJOzbI","Kasper Koman","The Observer","The Observer",53,492899,FALSE,0.962,-8.818,1,0.0522,7.48e-05,0.864,0.0467,0.576,120.998,4,11,"breakbeat_trance",0.81
110642,"4b8hEyG9qldX3Z3MyLK5d6","Armin van Buuren;Conrad Sewell","Armada Invites Radio 194","Sex, Love & Water (AIR194)",31,206394,FALSE,0.685,-5.109,1,0.115,0.22,2.42e-05,0.125,0.514,109.029,4,11,"breakbeat_trance",0.75
110673,"27jMFglAMnOG5rn2NwSt1Z","Ace Ventura;Animato","Moments of Ecstasy","Moments of Ecstasy",36,445714,FALSE,0.928,-6.818,0,0.0482,0.00199,0.767,0.615,0.468,140.007,4,11,"breakbeat_trance",0.55
110692,"0XHnYbXteyBDfVvk9EGaPu","Asking Alexandria","See What’s On The Inside","Never Gonna Learn",57,198041,TRUE,0.922,-3.663,0,0.0593,0.000115,0,0.123,0.366,105.132,4,11,"breakbeat_trance",0.61
110711,"0H6vRV11qSb3YGU6LpCMCq","Menumas","Inner Voice","Inner Voice",36,513103,FALSE,0.674,-5.811,0,0.0493,0.0264,0.795,0.292,0.0425,145.016,4,11,"breakbeat_trance",0.65
110723,"6MUZSRiBO5mpq5qQkFgAgz","Armin van Buuren;Tempo Giusto","Mr. Navigator","Mr. Navigator",50,152238,FALSE,0.948,-5.465,1,0.114,0.0212,0.336,0.366,0.181,134.085,4,11,"breakbeat_trance",0.69
110734,"5WXnQn7u43LLa2pFhJoHlR","Tristan;Raja Ram;Laughing Buddha","Regan Presents Origin 5","Beautiful Garden - Laughing Buddha Remix",33,483270,FALSE,0.898,-5.37,0,0.0404,2.9e-05,0.857,0.233,0.374,147.011,4,11,"breakbeat_trance",0.31
110754,"19vs5EKA0WfxAmjDLzLhnx","Raz;Henrique Camacho","NAMAHA","NAMAHA",36,358945,FALSE,0.894,-6.264,0,0.123,0.00227,0.465,0.106,0.124,166.033,4,11,"breakbeat_trance",0.32
110767,"2evXDtD2q2faHAiESi9LyH","Myon;ICON;Sean Darin","Cold Summer (Remixes)","Cold Summer - Sean Darin Remix",45,177945,FALSE,0.757,-5.461,0,0.0401,0.421,0,0.0908,0.398,145.955,4,11,"breakbeat_trance",0.73
110780,"4uB7RmCoM5NAZKMYypDLpz","Nadia Ali;Starkillers;Alex Kenji;Alesso","Pressure (Alesso Radio Edit)","Pressure - Alesso Radio Edit",46,182929,FALSE,0.866,-6.838,0,0.0346,0.000174,0.615,0.16,0.266,128.033,4,11,"breakbeat_trance",0.65
110784,"0vqxBVOlXfe2FZODqapOvg","Electric Universe;Faders","Calling for Peace","Calling for Peace",42,539586,FALSE,0.953,-5.1,1,0.0419,0.000171,0.649,0.324,0.384,145.011,4,11,"breakbeat_trance",0.19
110789,"21moRXryd6OlSAL00a9BMJ","Mandragora;4i20;Slava (NL)","Mechanics of Travel","Faze",36,364680,FALSE,0.67,-8.929,1,0.113,0.157,0.108,0.375,0.349,155.005,4,11,"breakbeat_trance",0.67
110795,"06sH5jlyJ5c4DynYpIZrYB","Ace Ventura;Liquid Soul","Paradise Engineering","Neurochemistry",40,480000,FALSE,0.898,-7.52,1,0.0424,0.000228,0.884,0.16,0.127,137.024,4,11,"breakbeat_trance",0.33
110804,"22szgJ9WufVHgefSgOD6Dv","Seven Lions;Echos;MitiS","Cold Skin (The Remixes)","Cold Skin - MitiS Remix",49,236712,FALSE,0.874,-4.219,1,0.0389,0.144,0.0016,0.0548,0.166,145.944,4,11,"breakbeat_trance",0.54
110808,"4ZUTq4eWs1NlMXko4kNjt9","Fungus Funk;Liftshift","Fractal Funk","Kush Tea",27,425164,FALSE,0.988,-5.658,1,0.101,0.000112,0.831,0.641,0.349,146.999,4,11,"breakbeat_trance",0.6
110813,"5gprlslyCZD2zaFRwbu22t","Blastoyz;All In One;Dantra","Key To Happiness","Key To Happiness",42,355862,FALSE,0.87,-6.485,0,0.0461,0.0477,0.695,0.118,0.489,144.953,4,11,"breakbeat_trance",0.25
110829,"0YMmKbsH25K6Mp7Ld8VT1c","Mark Van Dale;Enrico;Vengaboys","Power Woman (Vengaboys Remix)","Power Woman - Vengaboys Remix",31,259253,FALSE,0.983,-6.532,1,0.0524,6.53e-05,0.772,0.0483,0.612,140.023,4,11,"breakbeat_trance",0.41
110830,"6sBPGTOC25BMmS0SMzJGMr","Roman Messer;Roxanne Emery","Dream","Lost & Found",49,191136,FALSE,0.878,-3.408,1,0.05,0.00377,0.000166,0.532,0.176,132.065,4,11,"breakbeat_trance",0.51
110840,"7g8dJIEhLLS17rESlJbp1e","Mark 'Oh","90s Charthits","Never Stop That Feeling 2001 - Video Cut",30,214333,FALSE,0.983,-5.012,1,0.0665,0.145,0.977,0.24,0.519,139.97,4,11,"breakbeat_trance",0.52
110845,"1CmXnj2xE35kq4gyCm3kLM","NG Rezonance","Hard Trance Workout","Thermite - Mixed Edit",29,305142,FALSE,0.952,-5.027,0,0.0361,4.27e-05,0.846,0.105,0.0376,140.016,4,11,"breakbeat_trance",0.61
110851,"79Vz5MNH7Qe4F7hPKT8tPz","Tiësto;Stevie Appleton","BLUE","BLUE",59,167858,FALSE,0.725,-6.055,1,0.0303,0.018,9.29e-06,0.212,0.904,118.034,4,11,"breakbeat_trance",0.75
110859,"5PTwd54TX8VWHOD2UgR32f","Electric Universe","Bansuri","Bansuri",42,450206,FALSE,0.963,-4.078,1,0.0509,8.17e-05,0.824,0.22,0.147,144.994,4,11,"breakbeat_trance",0.74
110862,"7qK0mNHVdVbnqt3Prd26Vs","Darude;Ashley Wallbridge;Foux;Hixxy","Surrender (The Remixes)","Surrender - Hixxy Remix",57,204906,FALSE,0.965,-1.564,1,0.119,0.0155,0.00155,0.116,0.174,164.961,4,11,"breakbeat_trance",0.58
110869,"1Dls4kcgFCFXuymquHsYG8","Tropical Bleyage","Constant Present","Mala - Original Mix",36,443584,FALSE,0.818,-6.53,0,0.046,0.00677,0.885,0.87,0.234,144.999,4,11,"breakbeat_trance",0.63
110874,"1xlv5OjWJPO5WGDhv72NOj","NG Rezonance;PHD","Hard Trance Workout","Hidden - Mix Edit",29,329142,FALSE,0.994,-4.973,1,0.0564,0.00274,0.843,0.0953,0.465,140.017,4,11,"breakbeat_trance",0.46
110879,"2lX2gtkLVsaLxQ8MqSADtM","NG Rezonance","Hard Trance Workout","Resurgence - Mix Edit",29,270857,FALSE,0.947,-8.183,0,0.05,6.29e-05,0.89,0.176,0.135,140.003,4,11,"breakbeat_trance",0.67
110892,"2SdJPnZ1gpN6H0s6HIDf8q","NG Rezonance","Syncopy Radio Edits, Vol. 2","Odysseus - 155 Radio Edit",29,164129,FALSE,0.954,-5.067,0,0.0927,0.000191,0.839,0.254,0.0383,155.038,4,11,"breakbeat_trance",0.71
110897,"4tXaZUDEwnWun6g4DteKtf","NG Rezonance","Hard Trance Workout","Drop Set - Mix Edit",29,286285,FALSE,0.982,-8.144,1,0.0529,0.000689,0.93,0.157,0.24,139.944,4,11,"breakbeat_trance",0.43
110903,"0YAngMtTaCX3f62yxJwiq9","Mandragora","Disc 2","Special Treatment",34,259558,FALSE,0.702,-7.454,0,0.0331,0.247,0.287,0.189,0.173,93.048,4,11,"breakbeat_trance",0.48
110911,"0nJu3is8rdbac8Lk04XgBJ","Vini Vici;Pawan Nair","11:11","11:11",45,393529,FALSE,0.921,-7.104,1,0.0372,0.000956,0.887,0.19,0.0411,136.014,4,11,"breakbeat_trance",0.31
110918,"3QjUQpn6qb3MybBsoaSPwD","Allen Watts","Shadows","Shadows",42,223152,FALSE,0.997,-5.475,0,0.0663,0.00176,0.976,0.724,0.255,137.955,4,11,"breakbeat_trance",0.49
110920,"63vjnB6EeQuVf64zLxIo90","Aly & Fila;JES;Space Motion","Summer Sessions 2021","I Won't Let You Fall - Space Motion Extended Remix",36,449032,FALSE,0.731,-8.552,1,0.0438,0.00483,0.543,0.112,0.273,122.987,4,11,"breakbeat_trance",0.47
110921,"54Vyt2gufmJpaFNOmKP6Jo","Gareth Emery;Annabel","Breathe","Breathe",50,197561,FALSE,0.513,-10.323,1,0.0312,0.0935,0.0932,0.0981,0.216,130.043,4,11,"breakbeat_trance",0.49
110925,"7E25uFkj24ZY9V4YI5o1qK","Digicult;U-Recken","The Lucid Nation","Into The Heartland - Original Mix",27,401510,FALSE,0.929,-5.232,0,0.0378,0.000465,0.802,0.105,0.292,144.025,4,11,"breakbeat_trance",0.51
110928,"0pMqxVqhkyRGPeeNqgsLS8","Tritonal;Eric Lumiere","Live In The Sky (Original + Steve Brian Remix)","Live In The Sky",25,218536,FALSE,0.88,-5.157,1,0.0361,0.00189,0.00249,0.23,0.493,121.952,4,11,"breakbeat_trance",0.72
110932,"1XK0SrwnujLMZv22WjVQU9","Electric Callboy","TEKKNO","Tekkno Train",65,177626,FALSE,0.87,-7.739,0,0.0533,0.000123,8.56e-06,0.155,0.541,145.02,4,11,"breakbeat_trance",0.16
110937,"6laq4MxNrh2ZKZGLhB7G0V","Steve Brian;Christian Carcamo","Wanderlust","Wait For Me",49,217142,FALSE,0.739,-7.786,1,0.0648,0.00987,1.88e-06,0.373,0.0652,125.994,4,11,"breakbeat_trance",0.23
110955,"6CFItAJCYVyqIFtXFJqKML","Phaxe","Leyenda","Leyenda",39,399698,FALSE,0.87,-6.815,0,0.0541,0.00832,0.832,0.1,0.0354,103.491,4,11,"breakbeat_trance",0.73
110962,"2wER3gVMMIWPusxOjoWlcQ","Oliver Smith","Warehouse","Warehouse",42,246996,FALSE,0.8,-6.059,0,0.0299,0.00696,0.00467,0.0817,0.244,127.977,4,11,"breakbeat_trance",0.54
110967,"2DibTL74jfWYk7BSak9lkd","Yuri Kane","Right Back","Right Back",48,189945,FALSE,0.708,-8.458,0,0.0301,0.00287,0.000792,0.428,0.235,129.942,4,11,"breakbeat_trance",0.31
110968,"0BkfeemCDp8WmuKVnrwBaN","Tritonal;Brigetta","Tritonia 400","Born Yesterday (Tritonia 400)",1,419355,FALSE,0.91,-4.136,1,0.0963,0.247,0.0671,0.0847,0.176,129.932,4,11,"breakbeat_trance",0.25
110987,"4oxViCKTqGIgJo4u6dttOC","NG Rezonance","Syncopy Radio Edits, Vol. 1","Riff Raff - Radio Edit",28,222985,FALSE,0.918,-9.617,1,0.0394,0.000125,0.895,0.267,0.174,134.004,4,11,"breakbeat_trance",0.49
110989,"4XSurlkVQNUYYFTXDuSjAr","NG Rezonance;Alex Wright","Sinners","Sinners - Alex Wright Remix Edit",28,190299,FALSE,0.955,-6.279,0,0.132,0.018,0.895,0.309,0.219,139.942,4,11,"breakbeat_trance",0.39
110993,"2EymjANc9mlIiWxFQTECrq","NG Rezonance;S5","Syncopy Radio Edits, Vol. 1","Daylight - Radio Edit",28,192000,FALSE,0.987,-7.395,0,0.0644,0.0325,0.978,0.119,0.11,139.98,4,11,"breakbeat_trance",0.72
110997,"0MLEzWJQcRkc5IMAqucPbV","NG Rezonance;Begbie","Syncopy Radio Edits, Vol. 1","Feel The Panic - Radio Edit",28,209600,FALSE,0.995,-4.265,1,0.0979,0.000166,0.369,0.15,0.0634,150.002,4,11,"breakbeat_trance",0.65
111004,"2ek1DpNX6BrSNKTygg9U7C","DJ Shadow","Chill Beats","Six Days",37,302333,FALSE,0.623,-10.141,1,0.0367,0.0597,0.187,0.084,0.735,167.061,4,8,"alt_electronic_pop",0.61
111005,"1GsSM1Fju5J1Fsu51jEsTg","FKA twigs;The Weeknd","CAPRISONGS","tears in the club (feat. the weeknd)",60,196760,TRUE,0.717,-6.178,1,0.11,0.194,9.81e-05,0.0731,0.72,167.99,4,8,"alt_electronic_pop",0.61
111009,"4exGSaz6lVTxxZVF1xVD4k","Faithless;David Guetta","God Is a DJ","God is A DJ",60,155000,FALSE,0.964,-4.173,1,0.0523,0.0444,0.654,0.234,0.115,126.015,4,8,"alt_electronic_pop",0.53
111019,"1djJRLSBe7UKJ7F1p3tidC","FKA twigs;The Weeknd","New Grooves","tears in the club",0,196760,TRUE,0.717,-6.178,1,0.11,0.194,9.81e-05,0.0731,0.72,167.99,4,8,"alt_electronic_pop",0.61
111027,"4HU70kqhA6tRYl55kUkg0a","FKA twigs;The Weeknd","Good Vibes","tears in the club",0,196760,TRUE,0.717,-6.178,1,0.11,0.194,9.81e-05,0.0731,0.72,167.99,4,8,"alt_electronic_pop",0.23
111031,"3WB7O03A1THXLWrtAERC3h","FKA twigs;The Weeknd","Hit After Hit","tears in the club",0,196760,TRUE,0.717,-6.178,1,0.11,0.194,9.81e-05,0.0731,0.72,167.99,4,8,"alt_electronic_pop",0.23
111070,"5YRIDSxRVa1ErAVmjJARcR","DJ Shadow;De La Soul","Our Pathetic Age","Rocket Fuel (feat. De La Soul)",53,195666,TRUE,0.796,-6.95,1,0.111,0.0359,0.219,0.194,0.621,110,4,8,"alt_electronic_pop",0.18
111071,"6uoM7KHsyJsHZqBQHKjQbc","Bonobo","Black Sands","Black Sands",51,408960,FALSE,0.499,-9.023,0,0.0246,0.732,0.936,0.0966,0.338,87.989,3,8,"alt_electronic_pop",0.17
111083,"0j5FJJOmmnXPd0XajFWkMF","Massive Attack","Blue Lines (2012 Mix/Master)","Unfinished Sympathy - 2012 Mix/Master",64,308426,FALSE,0.835,-8.475,1,0.032,0.0393,0.209,0.665,0.703,114.436,4,8,"alt_electronic_pop",0.52
111112,"3a6baEh0mz5BIK2bxZlzH1","Jon Kennedy","Enchantica","Enchantica",56,144149,FALSE,0.354,-16.664,1,0.165,0.416,0.791,0.119,0.21,127.761,5,8,"alt_electronic_pop",0.68
111114,"0jiKqHfWmSgPInSsGWBjbL","Zero 7;José González","The Garden","Today",56,245640,FALSE,0.673,-11.383,1,0.0307,0.0616,0.00601,0.114,0.57,168.413,4,8,"alt_electronic_pop",0.79
111126,"24ylIO48nRsdaONlM8l2HF","Quantic","The 5th Exotic","Time Is the Enemy",55,219880,FALSE,0.85,-9.809,1,0.0384,0.00653,0.938,0.304,0.223,165.923,4,8,"alt_electronic_pop",0.65
111128,"7h14W1uQK7sjpVI1oVTobt","Portishead","Dummy","Wandering Star",58,293200,FALSE,0.37,-10.883,1,0.0723,0.504,0.587,0.117,0.707,80.152,4,8,"alt_electronic_pop",0.62
111131,"5fuJMvVKNeTbIcflFTLqg6","Protassov","Shalina Music","I Wonder",60,247426,FALSE,0.781,-7.392,0,0.0912,0.153,0.0664,0.101,0.421,80.032,4,8,"alt_electronic_pop",0.65
111137,"23kJoeGdRmn1OG15XIlRRI","Alice Russell","To Dust","Citizens",44,167400,FALSE,0.277,-9.518,0,0.0606,0.811,0.00015,0.0808,0.628,94.998,4,8,"alt_electronic_pop",0.09
111143,"2cTOee6bTauDFK1QuDS1BD","Röyksopp","The Understanding","What Else Is There?",58,317173,FALSE,0.927,-7.157,1,0.0437,0.185,0.108,0.325,0.342,114.995,4,8,"alt_electronic_pop",0.59
111147,"4I9bM4okMELRPVlia5Sm9u","Sneaker Pimps","Becoming Remixed","Post Modern Sleaze - Flight From Nashville",28,208733,FALSE,0.669,-5.722,0,0.0401,0.0797,0.0153,0.084,0.444,145.256,4,8,"alt_electronic_pop",0.37
111157,"7kofQ4W8kA6nOzyXdPz7ny","FKA twigs","MAGDALENE","mirrored heart",52,272946,TRUE,0.304,-9.972,1,0.0488,0.801,1.38e-06,0.0961,0.224,91.707,4,8,"alt_electronic_pop",0.08
111163,"5pOR1pgI1q48rSy3jARCwj","Jon Kennedy","14","Lovesick",53,213603,FALSE,0.533,-11.413,1,0.0469,0.0781,0.855,0.423,0.219,97.982,4,8,"alt_electronic_pop",0.62
111175,"3dX6WDwnHwYzB5t754oB4T","Faithless","Pure... 90s Dance Party","Insomnia - Radio Edit",62,215093,FALSE,0.837,-7.191,1,0.0285,0.00864,0.00684,0.102,0.279,127.076,4,8,"alt_electronic_pop",0.57
111191,"5V6lXbBmhhc6PJMe05XMOV","Coldcut;Lisa Stansfield","People Hold On: The Remix Anthology (Deluxe)","People Hold On (feat. Lisa Stansfield) - Full Length Disco Mix",26,564160,FALSE,0.769,-8.694,1,0.0414,0.00246,0.000934,0.304,0.847,122.252,4,8,"alt_electronic_pop",0.65
111197,"2MbZvXU3TdJSX58s41iGPI","De-Phazz","Hôtel Costes 2 - La Suite","Jazz Music",26,212812,FALSE,0.844,-8.897,0,0.0515,0.274,0.0312,0.531,0.825,165.337,4,8,"alt_electronic_pop",0.4
111198,"1oNSlpEkkDMn9SFzWFOndg","Faithless;Robert Smith","To All New Arrivals","Spiders, Crocodiles & Kryptonite",27,340253,FALSE,0.776,-6.739,1,0.142,0.0769,0.0294,0.484,0.578,93.919,4,8,"alt_electronic_pop",0.08
111207,"5gaSe6qpwxL4TOgXwzRDFo","DJ Cam;Chris James","Seven","Swim",52,284952,FALSE,0.485,-10.694,1,0.0273,0.358,0.0268,0.144,0.145,109.998,4,8,"alt_electronic_pop",0.41
111230,"0NTSwjegwCGXjm5zMX12VW","Morcheeba","Charango","Otherwise",56,222839,FALSE,0.529,-7.555,0,0.0313,0.276,5.32e-06,0.32,0.596,148.056,4,8,"alt_electronic_pop",0.41
111237,"0Ny30hfcHPaVkCBH4lsKhf","Wax Tailor","Tales of the Forgotten Melodies","Ungodly Fruit",53,180333,FALSE,0.695,-4.572,0,0.0397,0.0798,0.632,0.185,0.724,169.985,4,8,"alt_electronic_pop",0.45
111243,"33Ler85mstiODGgHuxo6RU","Hooverphonic","Hooverphonic presents Jackie Cane","Sometimes",24,239266,FALSE,0.726,-4.545,1,0.0381,0.0304,0,0.0612,0.736,167.288,4,8,"alt_electronic_pop",0.43
111245,"23g6h7EGpqPAlyj52byZd2","Everything But The Girl","The Language of Life (Deluxe Edition)","Meet Me in the Morning - 2013 Remaster",25,229746,FALSE,0.373,-12.476,1,0.0308,0.752,4.2e-06,0.0783,0.237,99.037,4,8,"alt_electronic_pop",0.45
111265,"3MZoVNwQG5SCfLqGtpbbJt","Emancipator;Murge;Parra for Cuva","Sea To Sky (Parra For Cuva Remix)","Sea To Sky - Parra For Cuva Remix",47,226383,FALSE,0.685,-8.431,0,0.034,0.44,0.865,0.0975,0.059,104.98,4,8,"alt_electronic_pop",0.37
111271,"740zSgBv6PHOGAw04Ta2J2","Jay-Jay Johanson","Kings Cross","Heard Somebody Whistle",51,183880,FALSE,0.668,-10.795,1,0.129,0.538,0.137,0.0849,0.784,111.145,4,8,"alt_electronic_pop",0.15
111303,"6gkqX8E8lPuDIGqH5Fjm5J","FKA twigs","CAPRISONGS","thank you song",46,208800,FALSE,0.332,-8.657,0,0.041,0.71,1.96e-05,0.126,0.316,132.987,4,8,"alt_electronic_pop",0.37
111311,"3uLx6AghYoD25kju227Xau","Ancient Astronauts","We Are to Answer","From the Sky",49,116813,FALSE,0.67,-7.796,0,0.0393,0.0577,0.806,0.105,0.804,84.96,4,8,"alt_electronic_pop",0.09
111317,"5Rq2hPEd7UWN6i9tME54dj","Lamb","Between Darkness And Wonder","Angelica",49,220813,FALSE,0.659,-8.338,1,0.0343,0.015,0.516,0.115,0.0384,116.385,3,8,"alt_electronic_pop",0.06
111318,"2zg3iJW4fK7KZgHOvJU67z","Faithless","Faithless 2.0","Tarantula",21,398152,FALSE,0.816,-11.095,0,0.0483,0.00959,0.578,0.0991,0.427,136.007,4,8,"alt_electronic_pop",0.09
111319,"4MY8NLRDPXKn6CCsGLweLL","Röyksopp","Melody A.M.","So Easy",54,249360,FALSE,0.807,-10.402,0,0.0515,0.0294,0.828,0.442,0.458,104.016,4,8,"alt_electronic_pop",0.24
111321,"6gT8vjtfxiWxPsmedAFTsF","Morcheeba","Charango","Aqualung",51,204186,FALSE,0.651,-7.41,0,0.0283,0.124,0.131,0.642,0.866,92.602,4,8,"alt_electronic_pop",0.15
111342,"6qKIzFrBb6GMsfWYkuoZAL","Morcheeba","Parts of the Process","The Sea",22,347280,FALSE,0.761,-7.589,0,0.0373,0.0165,0.114,0.0485,0.248,149.968,4,8,"alt_electronic_pop",0.19
111351,"1SyOjtLqqqk2AVLZnRI3bk","Goldfrapp","Black Cherry","Strict Machine",12,231453,FALSE,0.59,-7.66,1,0.0294,0.0248,0.16,0.112,0.45,125.998,4,8,"alt_electronic_pop",0.16
111354,"0biyxL101fD7yzsBGtiKi9","Faithless","Best 5: Faithless","God Is a DJ - Radio Mix",11,214866,FALSE,0.929,-5.577,1,0.0401,0.0318,0.0408,0.344,0.476,129.948,4,8,"alt_electronic_pop",0.26
111363,"1yGTwR9AcrzQ67JGnwO3jZ","Bonobo;Fink","Days To Come","If You Stayed Over",46,323773,FALSE,0.321,-13.59,0,0.0324,0.734,0.805,0.0971,0.147,85.001,4,8,"alt_electronic_pop",0.54
111367,"6931KFlt8FNv1v4Us6Cbo2","David Holmes","Ocean's Eleven (Music from the Motion Picture)","$160 Million Chinese Man",38,250000,FALSE,0.888,-8.977,1,0.1,0.0272,0.84,0.615,0.741,114.15,4,8,"alt_electronic_pop",0.08
111385,"44wQyIfKJSyZPt7QN4NgN4","Solex","Victim Of Love","Victim Of Love - Original Mix",20,451970,FALSE,0.94,-5.538,1,0.071,9.11e-05,0.876,0.091,0.057,137.009,4,8,"alt_electronic_pop",0.07
111393,"2YxoC2dYOotjqt08dEifsc","Boards of Canada","The Campfire Headphase","Chromakey Dreamcoat",48,347466,FALSE,0.825,-8.543,1,0.0352,0.197,0.961,0.116,0.766,96.728,4,8,"alt_electronic_pop",0.35
111398,"7r5De6PxH4Eax8jXMj93OB","Howie B.","Trip Hop Classics","Fizzy In My Mouth/Your Mouth - Original Mix",21,262000,FALSE,0.386,-13.368,0,0.0569,0.413,0.78,0.109,0.249,133.79,4,8,"alt_electronic_pop",0.83
111399,"2gak2Z4kHpsCiyhySu1aO6","Nicola Conte","Jet Sounds Revisited","Love Me 'Til Sunday - Performed By Nicola Conte",21,269949,FALSE,0.832,-8.232,1,0.0314,0.346,0.243,0.145,0.768,107.994,4,8,"alt_electronic_pop",0.73
111417,"7bwaQx5okSokcQQgzWL362","Everything But The Girl","Everything But The Girl","Mine",22,199560,FALSE,0.634,-7.799,0,0.0367,0.106,0.000209,0.115,0.302,128.342,4,8,"alt_electronic_pop",0.79
111422,"6wcD0bbPUOXOFrSFpWZbt9","Roots Manuva","Awfully Deep","Awfully Deep",20,242546,TRUE,0.74,-7.974,1,0.298,0.0678,0,0.655,0.625,94.979,4,8,"alt_electronic_pop",0.65
111423,"1DGMMnP7rtOyzhfEI8xle6","Fluke","Puppy","Switch / Twitch",42,573280,FALSE,0.901,-9.168,1,0.0389,0.000146,0.825,0.0883,0.549,113.229,4,8,"alt_electronic_pop",0.65
111430,"2gamThf1tKQIGXX5flOvX0","Sofa Surfers;Mani Obeya","Superluminal","Broken Together",46,286386,FALSE,0.531,-7.722,0,0.0427,0.0593,0.0271,0.11,0.528,175.991,4,8,"alt_electronic_pop",0.65
111436,"7xo7UfZKxVxSFbQca88Cr7","Bitter:Sweet","Drama","Get What I Want",21,204400,FALSE,0.618,-7.471,1,0.0467,0.608,0.000204,0.102,0.854,120.961,4,8,"alt_electronic_pop",0.63
111457,"4OUvfa7eO5jvFMIMOU7MTb","Groove Armada","Goodbye Country (Hello Nightclub)","Suntoucher",51,391000,FALSE,0.427,-10.466,0,0.0627,0.00681,0.00564,0.161,0.497,82.208,4,8,"alt_electronic_pop",0.73
111491,"0SmPsv1s7yZmANEZ9r7Rq3","Thievery Corporation","Sounds From The Thievery Hi-Fi","One",20,292960,FALSE,0.5,-14.234,1,0.0511,0.114,0.794,0.104,0.213,95.999,4,8,"alt_electronic_pop",0.51
111507,"2u00DQoxKIsaI0bGpZ4pZ7","Lemon Jelly","Lost Horizons","Ramblin' Man",51,426173,FALSE,0.789,-6.538,1,0.0263,0.234,0.897,0.381,0.602,134.02,4,8,"alt_electronic_pop",0.64
111511,"4ZX7QjwBqZTelll7to0d5S","Boards of Canada","Music Has The Right To Children","Aquarius",49,358080,FALSE,0.507,-12.19,1,0.145,0.0157,0.865,0.103,0.74,168.781,4,8,"alt_electronic_pop",0.77
111521,"5r2PGWAJvLHdMXxjZJ1m1H","Zero 7;Tina Dico","When It Falls","Home",47,276693,FALSE,0.459,-7.837,1,0.0296,0.324,0.0119,0.0511,0.123,116.927,4,8,"alt_electronic_pop",0.48
111528,"0h2NSdgIe8usvAGMKjSLhQ","Roots Manuva","Brand New Second Hand","Soul Decay",20,229600,TRUE,0.639,-7.454,1,0.352,0.127,0.000359,0.176,0.654,93.453,4,8,"alt_electronic_pop",0.59
111538,"24au9E0BCYRoalceZFHN56","Nicola Conte;Chiara Civello","Rituals","Karma Flower",20,243426,FALSE,0.696,-7.196,0,0.0312,0.606,2.7e-05,0.0788,0.654,91.255,1,8,"alt_electronic_pop",0.61
111544,"6HcwgM8nXIKaMd2v4GFrcD","Roots Manuva","Run Come Save Me","Stone The Crows",20,201560,TRUE,0.761,-3.69,1,0.273,0.0702,3.11e-05,0.0698,0.697,93.101,4,8,"alt_electronic_pop",0.73
111549,"1oXc6XVtxVJTOKaWMkkC28","Nicola Conte","Other Directions (Remastered and Unreleased Tracks)","Aphrodite's Dream",20,273506,FALSE,0.56,-9.16,0,0.0271,0.913,0.964,0.0991,0.596,140.118,3,8,"alt_electronic_pop",0.71
111554,"3f56kKYqrscMfZaBHlLLHM","Lamb","5","Wise Enough",40,286826,FALSE,0.481,-9.104,0,0.0613,0.17,0.121,0.173,0.267,49.429,4,8,"alt_electronic_pop",0.55
111557,"68pP7yZDSypoO61c71GmMD","Nightmares On Wax","Own Me (Live at Pikes Ibiza)","Own Me - Live at Pikes Ibiza",43,496033,FALSE,0.498,-11.555,1,0.182,0.262,0.0142,0.0569,0.369,93.367,3,8,"alt_electronic_pop",0.78
111561,"7o9PkTfxL0Mm7gk3Bp98hv","Groove Armada;Gramma Funk","Groove Armada Greatest Hits","I See You Baby (feat. Gramma Funk) - Fatboy Slim Radio Edit",53,244706,FALSE,0.992,-5.43,1,0.233,0.073,0.00065,0.18,0.472,129.997,4,8,"alt_electronic_pop",0.56
111562,"30enq9c8DPG52Yn1xBsqqU","Air","Pocket Symphony","Mer du Japon",47,184706,FALSE,0.767,-7.696,1,0.0313,0.294,0.959,0.13,0.39,120.055,4,8,"alt_electronic_pop",0.27
111563,"2hqH6WqU3CkDRT8ftJR4Na","DJ Vadim;El-P;DJ Primecuts;Olele","USSR:Life From The Other Side","Viagra",20,178360,FALSE,0.62,-7.396,0,0.482,0.508,3.34e-06,0.107,0.913,88.606,4,8,"alt_electronic_pop",0.82
111575,"7vYm9Te9s43U9gapRjFHZ4","Little People","Csay Csay","eightyOne",19,292840,FALSE,0.777,-9.973,0,0.0442,0.566,0.93,0.101,0.117,104,4,8,"alt_electronic_pop",0.52
111588,"5B5nloaA2UpNrjweosqVe3","Boards of Canada","Music Has The Right To Children","Telephasic Workshop",47,395480,FALSE,0.83,-14.398,1,0.251,0.0175,0.843,0.0919,0.576,200.14,4,8,"alt_electronic_pop",0.83
111609,"6uIamhPtriYGY0T7v3pgyB","Federico Aubele;Melody Gardot","5","Somewhere Else",48,196080,FALSE,0.932,-5.573,0,0.131,0.263,0.478,0.0672,0.678,170.109,4,8,"alt_electronic_pop",0.42
111614,"7CmapUNWGRyZvQ7BEDhIgr","Nitin Sawhney","Onezero","Sunset",37,252786,FALSE,0.52,-9.836,1,0.0371,0.786,0.00133,0.116,0.261,107.678,4,8,"alt_electronic_pop",0.7
111620,"3gFcTurpWAHpNOEMQGxBS0","DJ Shadow","The Private Press","Fixed Income",19,289000,FALSE,0.722,-10.105,1,0.0333,0.0835,0.916,0.0969,0.615,156.476,4,8,"alt_electronic_pop",0.81
111623,"4aiKrXuTAiAxV4gosTwwhf","Aim","Cold Water Music","Intro",20,55520,FALSE,0.454,-10.406,0,0.0413,0.105,0.319,0.526,0.421,142.056,4,8,"alt_electronic_pop",0.87
111630,"3pdANAzKZHAaf9PbpqVdGH","De-Phazz;Giedrė","Kartoji Man","Kartoji Man",20,237197,FALSE,0.66,-11.146,0,0.0386,0.0223,0.172,0.203,0.637,107.948,4,8,"alt_electronic_pop",0.96
111634,"0Mu7DCq1wjv9hTx38BAtye","Jazzanova;Paul Randolph","Of All the Things","Let Me Show Ya",20,386986,FALSE,0.603,-8.924,1,0.0334,0.102,2.13e-06,0.278,0.881,93.705,4,8,"alt_electronic_pop",0.87
111642,"2z9KMPRumVKStIptRBCyY0","Everything But The Girl","Eden (Deluxe Edition)","Frost and Fire - 2012 Remaster",20,186173,FALSE,0.524,-8.623,0,0.0288,0.845,5.5e-06,0.0894,0.673,124.938,4,8,"alt_electronic_pop",0.68
111647,"56jlrdCvA7Ih13L9OMcfDS","Propellerheads;Shirley Bassey","Decksandrumsandrockandroll 20th anniversary","History Repeating - Knee Length Mix",52,242533,FALSE,0.829,-5.432,0,0.0367,0.00261,0.0147,0.106,0.729,144.04,4,8,"alt_electronic_pop",0.41
111653,"6rU0dLXyWbXqti69nrQP4H","Massive Attack;Gui Boratto","Heligoland","Paradise Circus",46,487574,FALSE,0.811,-9.228,1,0.0515,0.162,0.814,0.0818,0.534,126.017,4,8,"alt_electronic_pop",0.65
111658,"11VKZIFqVjUnmizg4FTbUv","DJ Shadow;Terry Reid","Reconstructed : The Best Of DJ Shadow","Listen",19,179880,FALSE,0.826,-7.357,1,0.0312,0.0345,0.00338,0.0414,0.867,112.03,4,8,"alt_electronic_pop",0.85
111663,"7pagL6jtEVbRq6vVK6ua3S","Jay-Jay Johanson","Tattoo","Quel Dommage",18,257333,FALSE,0.667,-10.335,0,0.0731,0.105,0.0354,0.0964,0.615,151.705,4,8,"alt_electronic_pop",0.88
111693,"5s3lnmStpDUDDSJ1curTd7","Federico Aubele;Sabina Sciuba","Amatoria","Otra Vez",19,194080,FALSE,0.53,-10.227,0,0.0925,0.751,0.00076,0.0852,0.543,94.996,4,8,"alt_electronic_pop",0.59
111699,"1JqhsppZflCRYSjP9FX5bG","Quantic;Quantic and His Combo Barbaro","The Power of the Latin Music","Mambo Los Quantic",20,283973,FALSE,0.98,-4.494,0,0.0477,0.224,0.0898,0.0769,0.943,110.297,4,8,"alt_electronic_pop",0.6
111712,"6C0wbB5MMFHgTPyWuZoLV4","Morcheeba","Blackest Blue","Sounds Of Blue",47,214897,FALSE,0.38,-9.503,1,0.0265,0.261,0.0982,0.0766,0.248,86.657,4,8,"alt_electronic_pop",0.38
111725,"5T35a9Z4h6TEramDJRsXJD","Vanessa Daou","Songs for Solace","How Do You Feel",18,231400,FALSE,0.634,-9.719,1,0.0368,0.142,0.00676,0.0761,0.644,81.077,4,8,"alt_electronic_pop",0.52
111734,"0mzCfvKS5yV3Da1aFfJoQi","Cut Chemist","The Audience's Listening (U.S. Version)","Metrorail Thru Space",18,236973,FALSE,0.931,-5.223,1,0.0438,0.0464,0.927,0.0982,0.252,130.004,4,8,"alt_electronic_pop",0.77
111744,"477emRCfS4MLMWrg6p5nao","De-Phazz;Pat Appleton;Joo Kraus","Jelly Banquet","Open Skies",19,222127,FALSE,0.495,-12.564,1,0.0302,0.0687,0.77,0.149,0.446,156.454,4,8,"alt_electronic_pop",0.33
111745,"7lbP23HcKWPfXz5R1dR685","Fluke","Six Wheels On My Wagon","Groovy Feeling",18,432866,FALSE,0.609,-12.924,1,0.0349,0.000706,0.809,0.304,0.196,122.919,4,8,"alt_electronic_pop",0.59
111764,"1AKHclGKFc3fjv0V9qnZ3w","Lemon Jelly","LemonJelly.ky","A Tune For Jack",47,405866,FALSE,0.744,-8.208,1,0.0528,0.0537,0.0428,0.317,0.719,186.018,4,8,"alt_electronic_pop",0.79
111767,"2uITEOX2tlx5XhgTVaPkg3","Kinobe","Golden Age","Heartstring",47,237320,FALSE,0.703,-10.295,1,0.0266,0.0136,0.927,0.0909,0.648,90.011,4,8,"alt_electronic_pop",0.9
111769,"3YOQjNRshNSJcrHH4Ui5gL","Jazzanova","Jazzanova EP","Bohemian Sunset",46,414693,FALSE,0.56,-9.319,0,0.0399,0.0268,0.484,0.128,0.732,89.51,4,8,"alt_electronic_pop",0.79
111776,"5sTzdNt5ZcAm8Y427s44xq","Röyksopp","Röyksopp's Night Out","Go with the Flow - Live",18,193440,FALSE,0.979,-6.13,1,0.048,0.00312,0.00453,0.77,0.683,157.951,4,8,"alt_electronic_pop",0.67
111777,"3K60QrITzr3A7VfO9gj65y","Waldeck;la Heidi","Gran Paradiso","Get On Uppa",21,223689,FALSE,0.69,-10.781,1,0.0365,0.248,0.531,0.112,0.927,106.503,4,8,"alt_electronic_pop",0.52
111779,"7xFLjZhmTT8sLHJGqgoIpq","Thievery Corporation;Shana Halligan","Saudade","Depth Of My Soul",46,203215,FALSE,0.486,-8.687,0,0.0294,0.0945,0.00153,0.103,0.139,103.949,3,8,"alt_electronic_pop",0.56
111786,"1RxpDujzHDCbEMavfOxsPa","Everything But The Girl","The Language of Life (Deluxe Edition)","My Baby Don't Love Me - 2013 Remaster",19,221506,FALSE,0.602,-8.757,1,0.0484,0.193,0,0.0784,0.791,177.975,3,8,"alt_electronic_pop",0.86
111788,"7pe7Q0c1aURP49L1ymsEPk","Thievery Corporation","The Mirror Conspiracy","Treasures",48,144973,FALSE,0.604,-11.463,0,0.0437,0.312,0.145,0.0942,0.187,89.705,4,8,"alt_electronic_pop",0.5
111801,"5vOk8qFDZJxMtHsLZ1ljUo","Röyksopp","Here She Comes Again","Here She Comes Again - Radio Edit",36,198867,FALSE,0.394,-9.767,0,0.0482,0.335,0.732,0.117,0.654,128.067,4,8,"alt_electronic_pop",0.65
111814,"2HuygaLsW6y5LPnBLmSGfb","Martina Topley-Bird","Quixotic","Intro",49,71626,FALSE,0.176,-17.452,0,0.0379,0.966,0.00576,0.0978,0.396,125.013,4,8,"alt_electronic_pop",0.86
111821,"54zCxeJpMrdQMeEHv1SzLx","Faithless","Everything Will Be Alright Tomorrow","Four",18,160946,FALSE,0.731,-7.64,0,0.0439,0.261,0.776,0.197,0.129,84.512,4,8,"alt_electronic_pop",0.73
111823,"17k5FWUNMI1ux47GrME5hS","Tricky","Pre Millennium Tension","Bad Things",17,312373,FALSE,0.434,-10.476,1,0.0443,0.692,0.866,0.468,0.0634,97.466,4,8,"alt_electronic_pop",0.72
111836,"4VvVwb7rXEhJL7CcsDzVBI","Nicola Conte;Jose James","Free Souls","Goddess of the Sea",18,261924,FALSE,0.65,-7.869,0,0.0423,0.704,0.00225,0.157,0.54,125.984,4,8,"alt_electronic_pop",0.79
111848,"4qIx2fGYXbJbJmaqn5pZdZ","Lovage;Nathaniel Merriweather","Music to Make Love to Your Old Lady By (Instrumental)","Lifeboat (Officer and a Gentlemen) - Instrumental",17,290693,FALSE,0.545,-10.885,0,0.0281,0.205,0.623,0.151,0.456,77.884,4,8,"alt_electronic_pop",0.78
111861,"1leA0GHDe1eQBiRbOqAqIc","Portishead","Witchy Vibes","Glory Box",18,308626,FALSE,0.433,-10.006,1,0.036,0.175,0.516,0.0603,0.208,119.695,4,8,"alt_electronic_pop",0.57
111866,"6jGiHVW9JI9k9WT47k232K","4hero;Lady Alma","Creating Patterns","Hold It Down",19,311360,FALSE,0.664,-8.43,1,0.0728,0.0213,9.11e-05,0.072,0.679,120.091,4,8,"alt_electronic_pop",0.9
111869,"5wUVKjeJcrcAzCQd6IK9Ll","The Herbaliser;What What","Blow Your Headphones","Bring It",18,239333,FALSE,0.42,-14.764,1,0.314,0.52,0.673,0.127,0.372,77.012,4,8,"alt_electronic_pop",0.93
111886,"6ZWfQodGSU0uXjqt3zSDTu","Nightmares On Wax","Thought So…","Moretime",18,321306,FALSE,0.226,-11.614,1,0.248,0.332,0.077,0.323,0.464,37.49,4,8,"alt_electronic_pop",0.45
111897,"4Kog2rUi1nFsQLrqAnUqdI","Groove Armada","00s Party Mixtape","Superstylin'",18,360106,FALSE,0.76,-9.212,1,0.0559,0.00226,0.00151,0.29,0.924,128.987,4,8,"alt_electronic_pop",0.54
111899,"0kwr9gkxwUdcOi4EQmszvS","Kinobe","Fierce Angel Presents the Collection IV","Slip into Something More Comfortable - Shibumi Remix",18,406950,FALSE,0.611,-8.883,1,0.0334,0.000385,0.746,0.683,0.214,118.004,4,8,"alt_electronic_pop",0.68
111912,"2j1hid5PIwIFstJdJeQ6DS","Protassov","Shalina Music","Animal Tears",17,326986,FALSE,0.544,-10.173,1,0.041,0.348,0.654,0.215,0.323,119.917,4,8,"alt_electronic_pop",0.8
111913,"0EGxb1h6ELGKWuCk1GG3zE","Alphawezen","En Passant","Speed Of Light",40,247813,FALSE,0.734,-8.518,1,0.0324,0.162,0.066,0.0945,0.703,106.477,4,8,"alt_electronic_pop",0.86
111936,"34PJIrn32osZ6jDJ8TKOEA","Quantic;Flowering Inferno","1000 Watts","Night Shade",18,296225,FALSE,0.709,-8.119,0,0.0753,0.141,0.824,0.0523,0.966,152.416,4,8,"alt_electronic_pop",0.85
111947,"2iga5t4FBM74tLimBRRoqg","Morcheeba","Parts of the Process","Otherwise",17,222839,FALSE,0.529,-7.555,0,0.0313,0.276,5.32e-06,0.32,0.596,148.056,4,8,"alt_electronic_pop",0.66
111955,"08cBDGzPfgexMmwV1fvi7K","Faithless;David Guetta","God Is a DJ","God is A DJ - Extended",35,256368,FALSE,0.838,-5.741,1,0.0416,0.0272,0.747,0.114,0.0399,125.986,4,8,"alt_electronic_pop",0.19
111959,"4u5KFWcW1ptk0hJqp2lrCE","Massive Attack","Protection","Weather Storm",46,299960,FALSE,0.276,-17.552,0,0.0404,0.396,0.863,0.105,0.245,83.179,4,8,"alt_electronic_pop",0.22
111972,"2Dh1VQ8zRx2KJ9EeVDExaO","Wax Tailor;DJ Fly","Fear of a Blind Planet (Dj Fly Remix)","Fear of a Blind Planet - Dj Fly Remix",17,198651,FALSE,0.796,-8.013,1,0.0714,0.0272,0.645,0.137,0.244,81.52,4,8,"alt_electronic_pop",0.36
111974,"7xR6kALblNSNy7OGUrbNKY","Fila Brazillia","Luck Be A Weirdo Tonight","Rustic Bellyflop",17,279733,FALSE,0.236,-20.38,1,0.0758,0.391,0.856,0.341,0.559,92.033,3,8,"alt_electronic_pop",0.58
111977,"7no3XoMD2kn36W7EobK7Hq","Gramatik","The Age of Reason","It's Just a Ride",18,300681,FALSE,0.868,-3.968,0,0.359,0.00398,0.0043,0.424,0.615,95.008,4,8,"alt_electronic_pop",0.71
111986,"0LHyVczrbEVf2BIDzX7z3a","Rae & Christian;Q*Ball;Curt Cazal","Northern Sulphuric Soul","Anything U Want (feat. QBall & Curt Cazal)",18,218600,FALSE,0.562,-6.797,1,0.176,0.027,0.0245,0.274,0.6,169.85,3,8,"alt_electronic_pop",0.53
